# Estimated CE-Marked Packets by Message Length for dctcp_w4 (DCTCP)
# Values are estimated by distributing aggregate TCP/IP events
# across message-length buckets in proportion to estimated
# packet counts per bucket.
# aggregate_ect0_packets 128426356
# aggregate_ce_packets   0
# length  cum_frac  messages  est_packets  est_events
      60  0.002198     3615       3615.0       0.000
      72  0.004384     3596       3596.0       0.000
      92  0.007428     5006       5006.0       0.000
     119  0.009568     3519       3519.0       0.000
     154  0.011794     3662       3662.0       0.000
     199  0.014074     3750       3750.0       0.000
     222  0.017580     5766       5766.0       0.000
     227  0.020143     4215       4215.0       0.000
     232  0.022746     4282       4282.0       0.000
     237  0.025333     4255       4255.0       0.000
     243  0.027980     4353       4353.0       0.000
     248  0.030565     4252       4252.0       0.000
     254  0.033095     4161       4161.0       0.000
     259  0.035712     4304       4304.0       0.000
     265  0.038333     4311       4311.0       0.000
     271  0.040910     4238       4238.0       0.000
     279  0.044330     5625       5625.0       0.000
     288  0.047743     5613       5613.0       0.000
     297  0.051128     5568       5568.0       0.000
     303  0.060689    15725      15725.0       0.000
     305  0.069165    13940      13940.0       0.000
     308  0.077676    13999      13999.0       0.000
     310  0.086011    13708      13708.0       0.000
     313  0.094574    14085      14085.0       0.000
     315  0.103130    14071      14071.0       0.000
     318  0.111849    14341      14341.0       0.000
     321  0.120319    13930      13930.0       0.000
     323  0.128857    14043      14043.0       0.000
     326  0.137362    13989      13989.0       0.000
     331  0.143876    10713      10713.0       0.000
     335  0.150410    10746      10746.0       0.000
     340  0.156927    10719      10719.0       0.000
     345  0.163472    10765      10765.0       0.000
     350  0.170009    10752      10752.0       0.000
     355  0.176400    10511      10511.0       0.000
     360  0.183016    10882      10882.0       0.000
     365  0.189551    10748      10748.0       0.000
     371  0.196150    10853      10853.0       0.000
     376  0.202522    10480      10480.0       0.000
     385  0.206676     6833       6833.0       0.000
     395  0.210787     6761       6761.0       0.000
     405  0.214885     6740       6740.0       0.000
     415  0.219001     6769       6769.0       0.000
     425  0.223167     6853       6853.0       0.000
     430  0.227293     6785       6785.0       0.000
     435  0.231378     6719       6719.0       0.000
     441  0.235483     6751       6751.0       0.000
     446  0.239566     6716       6716.0       0.000
     452  0.243644     6707       6707.0       0.000
     457  0.247757     6765       6765.0       0.000
     463  0.251802     6652       6652.0       0.000
     468  0.255988     6885       6885.0       0.000
     474  0.260086     6741       6741.0       0.000
     480  0.264219     6797       6797.0       0.000
     491  0.283578    31841      31841.0       0.000
     502  0.303165    32214      32214.0       0.000
     513  0.322721    32164      32164.0       0.000
     525  0.342501    32533      32533.0       0.000
     537  0.361955    31997      31997.0       0.000
     549  0.381279    31782      31782.0       0.000
     561  0.400852    32191      32191.0       0.000
     574  0.420465    32259      32259.0       0.000
     587  0.440155    32384      32384.0       0.000
     600  0.459434    31709      31709.0       0.000
     607  0.465129     9366       9366.0       0.000
     615  0.470983     9628       9628.0       0.000
     623  0.476672     9357       9357.0       0.000
     630  0.482536     9645       9645.0       0.000
     638  0.488324     9519       9519.0       0.000
     646  0.494148     9579       9579.0       0.000
     654  0.499988     9605       9605.0       0.000
     662  0.505751     9479       9479.0       0.000
     671  0.511445     9364       9364.0       0.000
     679  0.517281     9599       9599.0       0.000
     685  0.520806     5798       5798.0       0.000
     690  0.524334     5803       5803.0       0.000
     696  0.527874     5821       5821.0       0.000
     702  0.531370     5751       5751.0       0.000
     707  0.534829     5689       5689.0       0.000
     713  0.538365     5816       5816.0       0.000
     719  0.541797     5645       5645.0       0.000
     725  0.545330     5810       5810.0       0.000
     731  0.548945     5945       5945.0       0.000
     737  0.552556     5940       5940.0       0.000
     749  0.557435     8025       8025.0       0.000
     762  0.562186     7814       7814.0       0.000
     774  0.567009     7931       7931.0       0.000
     787  0.571806     7891       7891.0       0.000
     800  0.576608     7897       7897.0       0.000
     816  0.579600     4921       4921.0       0.000
     833  0.582578     4898       4898.0       0.000
     850  0.585533     4861       4861.0       0.000
     867  0.588485     4855       4855.0       0.000
     885  0.591393     4782       4782.0       0.000
     914  0.595176     6223       6223.0       0.000
     945  0.598914     6147       6147.0       0.000
     976  0.602595     6055       6055.0       0.000
    1009  0.606288     6074       6074.0       0.000
    1042  0.610098     6266       6266.0       0.000
    1085  0.613781     6057       6057.0       0.000
    1130  0.617427     5997       5997.0       0.000
    1177  0.621184     6180       6180.0       0.000
    1226  0.624876     6071       6071.0       0.000
    1277  0.628667     6235       6235.0       0.000
    1316  0.632026     5525       5525.0       0.000
    1357  0.635369     5499       5499.0       0.000
    1399  0.638753     5565       5565.0       0.000
    1436  0.641404     4361       4361.0       0.000
    1484  0.644317     4790       4790.0       0.000
    1534  0.647234     4798       9596.0       0.000
    1559  0.651320     6721      13442.0       0.000
    1585  0.655378     6674      13348.0       0.000
    1611  0.659350     6532      13064.0       0.000
    1637  0.663384     6636      13272.0       0.000
    1664  0.667434     6661      13322.0       0.000
    1865  0.670364     4818       9636.0       0.000
    2091  0.673250     4747       9494.0       0.000
    2412  0.676592     5496      10992.0       0.000
    2742  0.679338     4517       9034.0       0.000
    3118  0.682171     4660      13980.0       0.000
    3544  0.685001     4654      13962.0       0.000
    4030  0.687808     4617      13851.0       0.000
    4582  0.690637     4653      18612.0       0.000
    5210  0.693409     4559      18236.0       0.000
    5652  0.696248     4670      18680.0       0.000
    6132  0.699225     4896      24480.0       0.000
    6653  0.702217     4921      24605.0       0.000
    7217  0.705228     4951      24755.0       0.000
    7830  0.708208     4902      29412.0       0.000
   10373  0.710890     4411      30877.0       0.000
   13741  0.713481     4261      42610.0       0.000
   18203  0.716030     4193      54509.0       0.000
   24115  0.718548     4141      70397.0       0.000
   31946  0.721163     4302      94644.0       0.000
   33343  0.723910     4518     103914.0       0.000
   34801  0.726721     4622     110928.0       0.000
   36322  0.729527     4615     115375.0       0.000
   37450  0.732374     4684     117100.0       0.000
   38377  0.735103     4488     116688.0       0.000
   39327  0.737937     4661     125847.0       0.000
   40382  0.741700     6189     167103.0       0.000
   41214  0.745393     6073     170044.0       0.000
   42062  0.749180     6230     180670.0       0.000
   42928  0.752803     5958     172782.0       0.000
   43811  0.756486     6057     181710.0       0.000
   44531  0.760373     6394     191820.0       0.000
   45079  0.764539     6851     212381.0       0.000
   45634  0.768654     6769     209839.0       0.000
   46195  0.772692     6641     205871.0       0.000
   46763  0.776778     6721     215072.0       0.000
   47435  0.782629     9622     307904.0       0.000
   47823  0.786343     6109     195488.0       0.000
   48215  0.790066     6123     202059.0       0.000
   48609  0.793828     6187     204171.0       0.000
   49007  0.797560     6139     202587.0       0.000
   49408  0.801257     6081     200673.0       0.000
   49813  0.805072     6273     213282.0       0.000
   50221  0.808836     6191     210494.0       0.000
   50632  0.812498     6023     204782.0       0.000
   51046  0.816173     6044     211540.0       0.000
   55381  0.819067     4761     176157.0       0.000
   60084  0.822095     4979     204139.0       0.000
   64132  0.825427     5481     235683.0       0.000
   66528  0.828232     4613     207585.0       0.000
   69014  0.830995     4545     213615.0       0.000
   71156  0.833785     4589     220272.0       0.000
   72473  0.836614     4652     227948.0       0.000
   73814  0.839386     4560     228000.0       0.000
   75180  0.842122     4500     229500.0       0.000
   75795  0.845092     4885     249135.0       0.000
   76416  0.848131     4997     254847.0       0.000
   77041  0.851152     4969     258388.0       0.000
   77672  0.854041     4752     247104.0       0.000
   78307  0.856975     4825     255725.0       0.000
   78948  0.859916     4838     256414.0       0.000
   79595  0.862902     4911     265194.0       0.000
   80246  0.865930     4980     268920.0       0.000
   80903  0.868969     4999     269946.0       0.000
   81565  0.871836     4715     259325.0       0.000
   85305  0.875255     5623     320511.0       0.000
   89216  0.878522     5374     322440.0       0.000
   93306  0.881921     5589     352107.0       0.000
   97584  0.885273     5514     363924.0       0.000
  102058  0.888673     5591     385779.0       0.000
  105871  0.891503     4655     330505.0       0.000
  109826  0.894267     4547     336478.0       0.000
  113929  0.897145     4732     359632.0       0.000
  118669  0.899842     4437     354960.0       0.000
  123857  0.902630     4585     380555.0       0.000
  129272  0.905452     4642     403854.0       0.000
  135199  0.908250     4601     418691.0       0.000
  141975  0.911093     4677     444315.0       0.000
  149091  0.913874     4573     457300.0       0.000
  156563  0.916731     4699     493395.0       0.000
  164410  0.919536     4613     507430.0       0.000
  172651  0.922278     4510     523160.0       0.000
  181304  0.925120     4674     565554.0       0.000
  189618  0.927938     4635     588645.0       0.000
  197911  0.930623     4416     582912.0       0.000
  206566  0.933295     4396     606648.0       0.000
  215160  0.936030     4497     647568.0       0.000
  223195  0.938855     4647     692403.0       0.000
  231530  0.941656     4606     713930.0       0.000
  240177  0.944435     4572     736092.0       0.000
  253761  0.947207     4559     775030.0       0.000
  268113  0.949957     4523     809617.0       0.000
  283277  0.952610     4363     824607.0       0.000
  318166  0.955381     4557     970641.0       0.000
  368444  0.958187     4615    1135290.0       0.000
  426666  0.960904     4470    1273950.0       0.000
  514641  0.963867     4873    1676312.0       0.000
  643946  0.966644     4567    1963810.0       0.000
  792711  0.969406     4542    2402718.0       0.000
  940700  0.971974     4225    2653300.0       0.000
 1000000  1.000000    46094   30744698.0       0.000
