# Fraction of RTTS longer than a given time for dctcp_static_load_aware_w4 experiment
# Includes messages <= 315 bytes; measured at 2026-04-21 06:52:01.850377
# Averaged across 5 repeated sample(s)
# Data collected at 2026-04-21 06:52:01.850377 
#       usec        frac
      31.270  0.99999098
      31.590  0.99995541
      31.920  0.99992042
      32.240  0.99988319
      32.580  0.99982937
      32.930  0.99973225
      33.260  0.99956030
      33.600  0.99925920
      33.940  0.99883886
      34.280  0.99822312
      34.640  0.99737541
      34.990  0.99605216
      35.340  0.99458794
      35.700  0.99272375
      36.060  0.99044220
      36.430  0.98740212
      36.800  0.98390476
      37.170  0.98003558
      37.550  0.97584990
      37.930  0.97106099
      38.310  0.96549891
      38.700  0.95922789
      39.090  0.95294960
      39.490  0.94562464
      39.890  0.93845086
      40.290  0.93139921
      40.700  0.92348056
      41.110  0.91549158
      41.530  0.90716520
      41.950  0.89904342
      42.370  0.89125177
      42.800  0.88392981
      43.230  0.87611397
      43.670  0.86854530
      44.110  0.86114905
      44.560  0.85380698
      45.010  0.84645429
      45.470  0.83893744
      45.930  0.83105156
      46.390  0.82359395
      46.860  0.81666035
      47.330  0.80891035
      47.810  0.80120122
      48.290  0.79346104
      48.760  0.78545264
      49.210  0.77746173
      49.650  0.76946604
      50.080  0.76166827
      50.490  0.75387926
      50.920  0.74617226
      51.330  0.73854984
      51.720  0.73114928
      52.110  0.72383479
      52.490  0.71649934
      52.860  0.70913152
      53.230  0.70199821
      53.590  0.69490352
      53.940  0.68791033
      54.310  0.68095479
      54.700  0.67405366
      55.060  0.66718813
      55.430  0.66043674
      55.790  0.65382594
      56.170  0.64716989
      56.520  0.64052037
      56.880  0.63405268
      57.280  0.62759174
      57.660  0.62112896
      58.070  0.61487366
      58.500  0.60867970
      58.920  0.60258343
      59.310  0.59653910
      59.740  0.59044682
      60.170  0.58444954
      60.640  0.57856909
      61.090  0.57274535
      61.530  0.56697054
      61.980  0.56121948
      62.480  0.55558913
      62.970  0.54988146
      63.460  0.54434185
      63.950  0.53882375
      64.450  0.53340326
      64.950  0.52802704
      65.450  0.52272905
      65.940  0.51750080
      66.440  0.51232046
      66.920  0.50711442
      67.450  0.50200367
      67.970  0.49691971
      68.510  0.49192643
      69.050  0.48689171
      69.580  0.48197801
      70.080  0.47714330
      70.610  0.47232196
      71.140  0.46751563
      71.670  0.46281472
      72.190  0.45816903
      72.720  0.45351378
      73.310  0.44893706
      73.810  0.44444557
      74.350  0.43998883
      74.840  0.43555256
      75.390  0.43118029
      75.910  0.42674402
      76.460  0.42246806
      76.950  0.41824044
      77.510  0.41400370
      78.060  0.40983715
      78.590  0.40572082
      79.120  0.40164322
      79.670  0.39760802
      80.240  0.39357413
      80.830  0.38958814
      81.370  0.38566027
      81.930  0.38176903
      82.490  0.37794607
      83.020  0.37415784
      83.610  0.37040090
      84.170  0.36666225
      84.790  0.36296097
      85.380  0.35927324
      86.010  0.35567866
      86.630  0.35201847
      87.180  0.34846924
      87.770  0.34497480
      88.430  0.34151215
      89.030  0.33801273
      89.620  0.33460783
      90.230  0.33122390
      90.850  0.32787586
      91.540  0.32457942
      92.130  0.32131751
      92.780  0.31807376
      93.370  0.31487906
      94.020  0.31171262
      94.680  0.30856327
      95.300  0.30543551
      95.940  0.30229686
      96.550  0.29927088
      97.240  0.29621936
      97.950  0.29325366
      98.610  0.29026471
      99.250  0.28732783
      99.880  0.28445008
     100.620  0.28158326
     101.280  0.27873973
     102.060  0.27593090
     102.750  0.27317147
     103.380  0.27040147
     104.110  0.26769365
     104.790  0.26498978
     105.460  0.26230341
     106.160  0.25967262
     106.930  0.25706655
     107.620  0.25448507
     108.400  0.25192602
     109.200  0.24938285
     109.960  0.24682618
     110.740  0.24433690
     111.470  0.24186051
     112.260  0.23943465
     113.030  0.23702557
     113.740  0.23462135
     114.580  0.23226764
     115.280  0.22992639
     116.000  0.22761446
     116.690  0.22531122
     117.420  0.22305482
     118.190  0.22081049
     118.950  0.21856310
     119.760  0.21633580
     120.450  0.21415493
     121.220  0.21195161
     122.000  0.20981945
     122.760  0.20772074
     123.560  0.20561102
     124.360  0.20354756
     125.170  0.20150733
     125.920  0.19948941
     126.690  0.19748985
     127.500  0.19548405
     128.270  0.19352407
     129.120  0.19157857
     129.890  0.18964258
     130.750  0.18771620
     131.540  0.18582290
     132.250  0.18394394
     133.080  0.18209872
     133.870  0.18026353
     134.670  0.17845822
     135.580  0.17665650
     136.310  0.17486625
     137.140  0.17306838
     137.940  0.17132588
     138.770  0.16958750
     139.590  0.16787829
     140.410  0.16619673
     141.240  0.16451660
     142.160  0.16286304
     142.970  0.16122811
     143.830  0.15959730
     144.670  0.15800098
     145.510  0.15640267
     146.280  0.15482616
     147.180  0.15326104
     148.020  0.15170154
     148.840  0.15017592
     149.620  0.14866427
     150.420  0.14714421
     151.240  0.14566111
     152.160  0.14418215
     152.960  0.14273866
     153.810  0.14129765
     154.780  0.13987445
     155.630  0.13846520
     156.490  0.13707837
     157.470  0.13570297
     158.390  0.13433779
     159.250  0.13298150
     160.010  0.13164580
     160.880  0.13032376
     161.760  0.12899427
     162.630  0.12768746
     163.480  0.12640679
     164.490  0.12511409
     165.390  0.12385490
     166.300  0.12260262
     167.220  0.12136926
     168.100  0.12014490
     169.060  0.11893225
     170.080  0.11772628
     170.890  0.11654213
     171.740  0.11535349
     172.670  0.11419509
     173.580  0.11304715
     174.400  0.11190200
     175.320  0.11078008
     176.170  0.10965183
     177.060  0.10855373
     177.940  0.10745576
     178.940  0.10637226
     179.700  0.10530588
     180.590  0.10424417
     181.550  0.10319814
     182.420  0.10214052
     183.230  0.10111108
     184.050  0.10009730
     184.960  0.09908704
     186.000  0.09809301
     186.970  0.09711129
     188.030  0.09613686
     188.980  0.09516455
     190.060  0.09420748
     190.920  0.09325766
     191.920  0.09232051
     192.910  0.09138480
     193.900  0.09046985
     194.940  0.08955968
     195.920  0.08865974
     196.950  0.08777302
     197.960  0.08689286
     198.850  0.08601670
     199.680  0.08512969
     200.620  0.08427069
     201.700  0.08341480
     202.650  0.08257480
     203.690  0.08174062
     204.770  0.08091701
     205.890  0.08009564
     207.090  0.07929064
     208.130  0.07849620
     209.190  0.07770702
     210.150  0.07692192
     211.550  0.07613003
     212.470  0.07536147
     213.460  0.07459950
     214.630  0.07385335
     215.690  0.07311381
     216.850  0.07237648
     217.930  0.07164645
     218.940  0.07092805
     220.080  0.07019180
     220.990  0.06948501
     221.970  0.06878773
     223.060  0.06809453
     224.040  0.06741226
     225.140  0.06673170
     226.120  0.06603666
     226.970  0.06535197
     228.030  0.06469801
     229.220  0.06404704
     230.450  0.06340380
     231.600  0.06276069
     232.670  0.06213118
     233.850  0.06150176
     234.980  0.06088581
     236.250  0.06027156
     237.370  0.05966231
     238.400  0.05905897
     239.610  0.05846174
     240.640  0.05786459
     241.940  0.05728362
     243.030  0.05670670
     244.000  0.05612751
     245.190  0.05555921
     246.050  0.05499571
     247.170  0.05444354
     248.120  0.05388597
     249.120  0.05334089
     250.510  0.05280543
     251.620  0.05226423
     252.450  0.05173756
     253.900  0.05120800
     255.190  0.05067864
     256.300  0.05016455
     257.670  0.04966178
     258.630  0.04915972
     259.650  0.04865596
     260.910  0.04816788
     261.790  0.04767928
     262.980  0.04720012
     264.140  0.04672297
     265.230  0.04624812
     266.490  0.04578116
     268.080  0.04531592
     269.480  0.04485085
     270.730  0.04439408
     272.000  0.04394966
     273.470  0.04349551
     274.610  0.04305239
     275.820  0.04262098
     277.320  0.04218838
     278.700  0.04175330
     279.830  0.04133079
     280.950  0.04091036
     282.550  0.04049283
     283.910  0.04008002
     285.270  0.03966070
     286.720  0.03925702
     287.950  0.03885028
     289.410  0.03845413
     290.740  0.03806763
     291.610  0.03767463
     292.950  0.03729111
     294.190  0.03691413
     295.540  0.03653867
     297.280  0.03617147
     298.510  0.03580008
     299.700  0.03543882
     301.160  0.03507778
     302.560  0.03472113
     303.770  0.03437340
     305.540  0.03402821
     306.900  0.03367497
     308.390  0.03333673
     309.730  0.03299705
     311.150  0.03266551
     312.970  0.03233035
     314.750  0.03200300
     315.930  0.03167729
     317.290  0.03135619
     319.400  0.03103856
     320.500  0.03072464
     321.500  0.03041351
     323.320  0.03010832
     325.200  0.02980254
     326.700  0.02950332
     328.090  0.02920281
     329.730  0.02890587
     331.580  0.02861442
     333.580  0.02832669
     335.360  0.02803828
     336.510  0.02774377
     338.740  0.02746051
     340.960  0.02717774
     342.530  0.02689687
     344.210  0.02662197
     345.420  0.02634841
     347.060  0.02607773
     348.820  0.02581615
     350.450  0.02554926
     352.590  0.02529098
     354.050  0.02503058
     356.140  0.02477959
     358.160  0.02452611
     360.190  0.02427887
     362.010  0.02402780
     363.610  0.02378039
     365.350  0.02353764
     367.200  0.02330004
     368.880  0.02306041
     371.120  0.02282049
     373.190  0.02258582
     375.740  0.02235140
     377.980  0.02212155
     379.730  0.02189550
     382.030  0.02166789
     384.000  0.02144616
     386.280  0.02122996
     388.340  0.02101358
     390.490  0.02080210
     393.990  0.02058604
     396.500  0.02037091
     399.020  0.02015892
     401.060  0.01995380
     403.210  0.01974789
     406.410  0.01954140
     409.230  0.01934053
     411.340  0.01914441
     414.540  0.01895083
     418.080  0.01875617
     420.220  0.01856259
     423.090  0.01837181
     425.810  0.01818762
     428.220  0.01799799
     430.610  0.01781088
     434.010  0.01762860
     436.160  0.01744461
     440.280  0.01726248
     443.980  0.01708119
     446.780  0.01690648
     449.810  0.01673379
     452.000  0.01655794
     456.580  0.01639442
     460.830  0.01622442
     465.020  0.01605545
     468.250  0.01589090
     471.530  0.01573145
     474.720  0.01556733
     480.320  0.01542668
     484.600  0.01526429
     489.080  0.01510482
     494.450  0.01496015
     499.090  0.01480255
     502.440  0.01465422
     506.810  0.01450543
     510.320  0.01435997
     513.260  0.01421174
     518.590  0.01407274
     523.080  0.01392691
     527.120  0.01378079
     532.080  0.01363573
     538.000  0.01355575
     544.230  0.01345746
     549.830  0.01333397
     555.790  0.01322278
     561.950  0.01308678
     567.670  0.01297877
     573.960  0.01289735
     578.790  0.01276833
     586.030  0.01265974
     592.440  0.01253624
     598.480  0.01241381
     605.000  0.01232406
     611.090  0.01224186
     617.410  0.01218011
     624.290  0.01210706
     630.920  0.01199063
     637.240  0.01194584
     643.680  0.01188369
     650.410  0.01183095
     657.550  0.01176107
     664.130  0.01168993
     671.660  0.01160918
     678.450  0.01151979
     686.700  0.01144699
     695.970  0.01138173
     703.150  0.01132037
     713.830  0.01124534
     720.990  0.01118524
     729.810  0.01115740
     737.470  0.01108383
     745.610  0.01103421
     754.070  0.01099068
     763.050  0.01094443
     772.460  0.01089228
     780.320  0.01086573
     789.810  0.01082094
     798.740  0.01077635
     810.610  0.01070558
     820.860  0.01066981
     833.690  0.01064217
     842.330  0.01061562
     854.310  0.01058798
     864.510  0.01056220
     875.620  0.01053457
     884.570  0.01048037
     909.120  0.01045293
     921.010  0.01044391
     933.910  0.01042695
     946.880  0.01040058
     958.340  0.01037402
     972.180  0.01035540
     984.420  0.01032903
    1007.550  0.01026602
    1046.110  0.01023946
    1057.550  0.01022065
    1073.980  0.01020389
    1089.810  0.01019487
    1103.440  0.01017791
    1146.760  0.01015947
    1180.310  0.01014232
    1200.260  0.01013330
    1242.430  0.01011450
    1275.610  0.01010675
    1312.750  0.01009125
    1485.290  0.01007448
    1531.230  0.01006526
    1582.860  0.01005586
    1615.650  0.01004811
    1639.580  0.01003909
    1656.350  0.01003134
    1689.410  0.01002359
    1821.500  0.01000478
    2235.390  0.00999577
    2259.490  0.00998802
    2560.290  0.00998027
    2760.870  0.00997252
    3169.290  0.00996477
    3220.970  0.00995555
    3442.670  0.00994615
    3490.510  0.00992918
    3816.720  0.00992143
    4035.000  0.00991368
    4102.650  0.00990447
    4746.130  0.00988624
    6002.830  0.00987722
  204103.020  0.00986800
  204168.260  0.00976401
  204294.140  0.00965911
  204388.860  0.00955753
  204501.940  0.00945561
  204555.570  0.00935828
  204617.170  0.00925697
  204677.990  0.00915838
  204718.790  0.00906067
  204769.790  0.00896498
  204812.070  0.00886911
  204878.430  0.00877951
  204934.850  0.00868257
  204978.260  0.00859397
  205049.000  0.00850605
  205112.170  0.00841522
  205173.950  0.00832362
  205230.890  0.00823297
  205294.060  0.00814154
  205351.190  0.00805360
  205412.960  0.00796477
  205482.400  0.00788458
  205531.900  0.00780402
  205574.230  0.00772182
  205622.650  0.00764332
  205657.810  0.00756148
  205710.870  0.00748502
  205765.860  0.00741016
  205796.700  0.00732853
  205854.960  0.00724710
  205908.150  0.00716801
  205959.660  0.00708822
  205998.180  0.00700882
  206059.890  0.00693032
  206101.940  0.00685345
  206140.820  0.00678141
  206189.820  0.00670860
  206224.500  0.00663580
  206256.540  0.00656523
  206320.130  0.00649260
  206353.640  0.00641977
  206407.850  0.00634881
  206442.570  0.00628375
  206491.550  0.00621298
  206565.950  0.00614919
  206609.420  0.00608578
  206622.740  0.00602403
  206664.890  0.00595561
  206693.400  0.00589113
  206716.980  0.00582753
  206754.110  0.00576743
  206815.860  0.00570569
  206841.860  0.00564207
  206884.810  0.00557797
  206928.360  0.00551553
  206976.150  0.00545126
  207010.780  0.00538863
  207049.600  0.00532542
  207093.450  0.00526717
  207162.050  0.00521190
  207184.400  0.00515878
  207212.250  0.00510477
  207260.240  0.00505056
  207323.510  0.00499451
  207386.090  0.00494032
  207421.090  0.00488525
  207463.430  0.00483252
  207508.190  0.00477978
  207554.060  0.00472782
  207592.530  0.00467402
  207606.810  0.00461934
  207659.310  0.00456533
  207727.600  0.00451299
  207767.970  0.00446027
  207805.980  0.00441421
  207848.280  0.00436981
  207895.970  0.00431708
  207915.840  0.00426600
  207977.490  0.00422267
  208014.840  0.00417624
  208040.600  0.00412721
  208078.780  0.00408203
  208124.620  0.00403908
  208174.680  0.00399409
  208241.570  0.00394950
  208306.880  0.00390365
  208385.610  0.00385994
  208420.170  0.00381719
  208476.930  0.00377386
  208525.460  0.00373015
  208595.270  0.00369273
  208697.120  0.00365067
  208748.600  0.00361325
  208776.940  0.00356865
  208837.750  0.00353161
  208893.810  0.00349121
  208961.010  0.00345544
  209019.140  0.00342006
  209148.610  0.00338263
  209258.550  0.00334008
  209303.020  0.00330469
  209337.120  0.00326912
  209364.350  0.00323520
  209443.350  0.00320000
  209471.710  0.00316443
  209579.860  0.00312740
  209657.240  0.00309327
  209693.910  0.00305828
  209724.820  0.00302288
  209758.120  0.00298692
  209789.780  0.00295153
  209877.150  0.00291557
  210022.960  0.00288037
  210089.160  0.00284315
  210131.230  0.00280777
  210143.360  0.00277112
  210150.590  0.00273574
  210214.980  0.00270792
  210267.540  0.00267380
  210299.540  0.00264617
  210425.140  0.00261205
  210503.830  0.00258568
  210583.080  0.00255137
  210624.180  0.00252394
  210643.260  0.00249630
  210689.480  0.00246828
  210729.420  0.00244045
  210752.300  0.00241426
  210785.910  0.00238848
  210834.900  0.00236232
  210858.990  0.00233633
  210874.110  0.00230909
  210906.180  0.00228107
  210925.270  0.00225343
  210947.430  0.00222707
  210957.580  0.00220108
  211108.860  0.00217491
  211156.510  0.00214708
  211192.190  0.00212383
  211239.030  0.00209727
  211250.110  0.00207256
  211293.150  0.00204493
  211309.740  0.00201855
  211349.510  0.00199239
  211372.940  0.00196622
  211421.970  0.00194004
  211447.070  0.00191222
  211464.050  0.00188517
  211482.290  0.00185792
  211489.800  0.00183068
  211498.570  0.00181187
  211535.710  0.00178550
  211579.950  0.00176060
  211595.500  0.00174218
  211627.140  0.00172356
  211708.600  0.00169739
  211728.950  0.00168023
  211734.360  0.00166308
  211763.580  0.00164427
  211781.680  0.00162547
  211796.420  0.00160706
  211816.820  0.00158825
  211828.560  0.00156944
  211849.720  0.00155082
  211893.330  0.00153221
  211912.680  0.00151340
  211955.060  0.00149460
  212001.830  0.00147745
  212030.620  0.00145903
  212038.270  0.00144080
  212054.540  0.00142217
  212067.320  0.00140336
  212108.010  0.00138495
  212208.450  0.00136614
  212334.750  0.00135064
  212385.450  0.00133202
  212397.340  0.00131399
  212433.620  0.00129537
  212522.280  0.00127695
  212545.170  0.00125854
  212574.050  0.00124030
  212590.460  0.00122207
  212673.430  0.00120492
  212830.140  0.00118669
  212906.100  0.00116972
  212940.420  0.00115091
  212949.770  0.00113230
  212970.350  0.00111533
  213088.000  0.00109856
  213145.600  0.00108180
  213161.840  0.00106338
  213248.300  0.00104788
  213379.750  0.00102946
  213452.380  0.00101143
  213497.300  0.00099281
  213613.040  0.00097565
  213623.410  0.00095703
  213666.090  0.00093860
  213671.970  0.00092920
  213732.190  0.00091370
  213816.960  0.00089654
  213831.600  0.00088733
  213942.550  0.00087792
  213956.940  0.00086891
  213968.910  0.00085175
  213977.940  0.00084254
  214075.550  0.00082704
  214133.090  0.00081007
  214134.030  0.00080066
  214138.660  0.00079126
  214144.760  0.00078186
  214248.890  0.00076509
  214301.270  0.00075588
  214313.780  0.00074647
  214327.500  0.00073707
  214337.040  0.00072785
  214351.780  0.00071845
  214374.650  0.00070944
  214382.670  0.00070022
  214418.430  0.00069247
  214452.210  0.00068472
  214467.870  0.00067532
  214508.380  0.00066592
  214538.030  0.00065652
  214625.560  0.00064712
  214732.300  0.00063810
  214760.270  0.00062908
  214764.780  0.00062133
  214835.020  0.00061193
  214916.900  0.00060252
  214957.960  0.00059312
  215021.790  0.00058391
  215053.400  0.00057469
  215169.060  0.00056529
  215216.120  0.00055627
  215232.670  0.00054852
  215238.060  0.00053912
  215247.250  0.00052991
  215302.950  0.00052216
  215349.900  0.00051276
  215390.430  0.00050354
  215434.240  0.00049579
  215626.820  0.00048804
  215628.050  0.00047882
  215670.340  0.00047107
  215679.490  0.00046167
  215716.410  0.00045266
  215812.650  0.00044344
  215932.650  0.00043423
  215970.260  0.00042501
  216165.170  0.00041726
  216400.720  0.00040804
  216480.420  0.00039903
  216678.030  0.00039128
  216724.750  0.00038206
  216727.650  0.00037305
  216774.650  0.00036530
  217106.080  0.00035589
  217150.810  0.00034814
  217217.840  0.00033893
  217257.180  0.00032952
  217421.060  0.00032031
  217477.260  0.00031129
  217733.120  0.00030228
  218130.720  0.00029453
  218187.570  0.00028531
  218233.000  0.00027609
  218442.790  0.00026708
  218569.110  0.00025768
  218617.590  0.00024828
  218647.050  0.00023906
  218761.280  0.00023005
  218922.700  0.00022229
  219055.490  0.00021289
  219217.270  0.00020514
  219252.460  0.00019573
  219366.800  0.00018798
  219462.560  0.00017897
  219470.770  0.00017122
  219847.040  0.00016200
  220026.610  0.00015279
  221891.970  0.00014357
  222036.810  0.00013417
  222882.490  0.00012495
  223067.400  0.00011594
  223624.600  0.00010672
  293112.760  0.00009732
  408628.770  0.00008957
  412327.590  0.00008182
  412796.450  0.00007242
  413487.840  0.00006340
  413573.670  0.00005438
  414623.640  0.00004517
  416268.740  0.00003742
  420440.030  0.00002802
  420664.950  0.00001862
  430091.370  0.00000940
  688920.240  0.00000000
