# Estimated CE-Marked Packets by Message Length for dctcp_static_load_aware_w4 (DCTCP + Static Scheduler + Load-Aware (20 us))
# Values are estimated by distributing aggregate TCP/IP events
# across message-length buckets in proportion to estimated
# packet counts per bucket.
# aggregate_ect0_packets 81669708
# aggregate_ce_packets   0
# length  cum_frac  messages  est_packets  est_events
      60  0.002187     2378       2378.0       0.000
      72  0.004432     2442       2442.0       0.000
      92  0.007453     3286       3286.0       0.000
     119  0.009729     2475       2475.0       0.000
     154  0.011964     2431       2431.0       0.000
     199  0.014274     2512       2512.0       0.000
     222  0.017682     3706       3706.0       0.000
     227  0.020254     2798       2798.0       0.000
     232  0.022896     2873       2873.0       0.000
     237  0.025619     2961       2961.0       0.000
     243  0.028250     2862       2862.0       0.000
     248  0.030765     2735       2735.0       0.000
     254  0.033397     2863       2863.0       0.000
     259  0.036001     2831       2831.0       0.000
     265  0.038602     2829       2829.0       0.000
     271  0.041245     2875       2875.0       0.000
     279  0.044530     3572       3572.0       0.000
     288  0.047833     3593       3593.0       0.000
     297  0.051208     3670       3670.0       0.000
     303  0.060730    10356      10356.0       0.000
     305  0.069172     9181       9181.0       0.000
     308  0.077696     9271       9271.0       0.000
     310  0.086270     9324       9324.0       0.000
     313  0.094787     9263       9263.0       0.000
     315  0.103194     9144       9144.0       0.000
     318  0.111783     9341       9341.0       0.000
     321  0.120385     9355       9355.0       0.000
     323  0.129005     9375       9375.0       0.000
     326  0.137830     9598       9598.0       0.000
     331  0.144328     7066       7066.0       0.000
     335  0.150775     7012       7012.0       0.000
     340  0.157221     7010       7010.0       0.000
     345  0.163712     7060       7060.0       0.000
     350  0.170205     7062       7062.0       0.000
     355  0.176675     7036       7036.0       0.000
     360  0.183310     7216       7216.0       0.000
     365  0.189794     7052       7052.0       0.000
     371  0.196303     7079       7079.0       0.000
     376  0.202860     7131       7131.0       0.000
     385  0.206965     4464       4464.0       0.000
     395  0.211042     4435       4435.0       0.000
     405  0.215103     4416       4416.0       0.000
     415  0.219196     4452       4452.0       0.000
     425  0.223305     4468       4468.0       0.000
     430  0.227365     4416       4416.0       0.000
     435  0.231551     4552       4552.0       0.000
     441  0.235529     4327       4327.0       0.000
     446  0.239577     4402       4402.0       0.000
     452  0.243719     4505       4505.0       0.000
     457  0.247714     4345       4345.0       0.000
     463  0.251729     4366       4366.0       0.000
     468  0.255761     4386       4386.0       0.000
     474  0.259806     4399       4399.0       0.000
     480  0.264080     4648       4648.0       0.000
     491  0.283532    21155      21155.0       0.000
     502  0.303136    21321      21321.0       0.000
     513  0.322775    21359      21359.0       0.000
     525  0.342204    21130      21130.0       0.000
     537  0.361623    21120      21120.0       0.000
     549  0.381071    21151      21151.0       0.000
     561  0.400444    21069      21069.0       0.000
     574  0.419742    20988      20988.0       0.000
     587  0.438989    20932      20932.0       0.000
     600  0.458537    21260      21260.0       0.000
     607  0.464402     6379       6379.0       0.000
     615  0.470246     6356       6356.0       0.000
     623  0.476098     6364       6364.0       0.000
     630  0.481890     6299       6299.0       0.000
     638  0.487687     6305       6305.0       0.000
     646  0.493352     6161       6161.0       0.000
     654  0.499185     6344       6344.0       0.000
     662  0.504900     6215       6215.0       0.000
     671  0.510720     6330       6330.0       0.000
     679  0.516457     6239       6239.0       0.000
     685  0.520062     3921       3921.0       0.000
     690  0.523574     3819       3819.0       0.000
     696  0.527081     3814       3814.0       0.000
     702  0.530494     3712       3712.0       0.000
     707  0.534031     3847       3847.0       0.000
     713  0.537608     3890       3890.0       0.000
     719  0.541099     3797       3797.0       0.000
     725  0.544513     3713       3713.0       0.000
     731  0.548120     3923       3923.0       0.000
     737  0.551656     3845       3845.0       0.000
     749  0.556481     5248       5248.0       0.000
     762  0.561415     5366       5366.0       0.000
     774  0.566314     5328       5328.0       0.000
     787  0.571155     5265       5265.0       0.000
     800  0.575982     5250       5250.0       0.000
     816  0.578935     3211       3211.0       0.000
     833  0.582009     3343       3343.0       0.000
     850  0.584925     3172       3172.0       0.000
     867  0.587943     3282       3282.0       0.000
     885  0.590851     3163       3163.0       0.000
     914  0.594519     3989       3989.0       0.000
     945  0.598259     4067       4067.0       0.000
     976  0.602000     4069       4069.0       0.000
    1009  0.605674     3996       3996.0       0.000
    1042  0.609389     4040       4040.0       0.000
    1085  0.613036     3966       3966.0       0.000
    1130  0.616811     4106       4106.0       0.000
    1177  0.620433     3939       3939.0       0.000
    1226  0.624115     4005       4005.0       0.000
    1277  0.627842     4053       4053.0       0.000
    1316  0.631219     3673       3673.0       0.000
    1357  0.634678     3761       3761.0       0.000
    1399  0.638047     3665       3665.0       0.000
    1436  0.640633     2812       2812.0       0.000
    1484  0.643564     3188       3188.0       0.000
    1534  0.646551     3248       6496.0       0.000
    1559  0.650588     4391       8782.0       0.000
    1585  0.654711     4484       8968.0       0.000
    1611  0.658804     4451       8902.0       0.000
    1637  0.662844     4394       8788.0       0.000
    1664  0.666899     4410       8820.0       0.000
    1865  0.669821     3178       6356.0       0.000
    2091  0.672844     3288       6576.0       0.000
    2412  0.676211     3661       7322.0       0.000
    2742  0.678920     2947       5894.0       0.000
    3118  0.681738     3064       9192.0       0.000
    3544  0.684447     2947       8841.0       0.000
    4030  0.687227     3023       9069.0       0.000
    4582  0.690093     3117      12468.0       0.000
    5210  0.692908     3062      12248.0       0.000
    5652  0.695858     3208      12832.0       0.000
    6132  0.698824     3226      16130.0       0.000
    6653  0.701806     3243      16215.0       0.000
    7217  0.704828     3286      16430.0       0.000
    7830  0.707808     3241      19446.0       0.000
   10373  0.710576     3011      21077.0       0.000
   13741  0.713158     2808      28080.0       0.000
   18203  0.715687     2750      35750.0       0.000
   24115  0.718346     2892      49164.0       0.000
   31946  0.720947     2829      62238.0       0.000
   33343  0.723742     3040      69920.0       0.000
   34801  0.726482     2980      71520.0       0.000
   36322  0.729218     2975      74375.0       0.000
   37450  0.732007     3033      75825.0       0.000
   38377  0.734874     3118      81068.0       0.000
   39327  0.737696     3070      82890.0       0.000
   40382  0.741409     4038     109026.0       0.000
   41214  0.745068     3979     111412.0       0.000
   42062  0.748777     4034     116986.0       0.000
   42928  0.752532     4084     118436.0       0.000
   43811  0.756238     4030     120900.0       0.000
   44531  0.760146     4250     127500.0       0.000
   45079  0.764229     4441     137671.0       0.000
   45634  0.768364     4497     139407.0       0.000
   46195  0.772456     4450     137950.0       0.000
   46763  0.776563     4467     142944.0       0.000
   47435  0.782376     6322     202304.0       0.000
   47823  0.786172     4128     132096.0       0.000
   48215  0.789987     4150     136950.0       0.000
   48609  0.793665     4000     132000.0       0.000
   49007  0.797348     4005     132165.0       0.000
   49408  0.801136     4120     135960.0       0.000
   49813  0.805025     4229     143786.0       0.000
   50221  0.808790     4095     139230.0       0.000
   50632  0.812431     3960     134640.0       0.000
   51046  0.816158     4053     141855.0       0.000
   55381  0.819105     3205     118585.0       0.000
   60084  0.821966     3112     127592.0       0.000
   64132  0.825398     3732     160476.0       0.000
   66528  0.828219     3069     138105.0       0.000
   69014  0.830947     2966     139402.0       0.000
   71156  0.833696     2990     143520.0       0.000
   72473  0.836533     3085     151165.0       0.000
   73814  0.839334     3047     152350.0       0.000
   75180  0.842134     3045     155295.0       0.000
   75795  0.845181     3314     169014.0       0.000
   76416  0.848100     3174     161874.0       0.000
   77041  0.851054     3213     167076.0       0.000
   77672  0.854007     3212     167024.0       0.000
   78307  0.856998     3253     172409.0       0.000
   78948  0.859958     3219     170607.0       0.000
   79595  0.862931     3233     174582.0       0.000
   80246  0.865907     3237     174798.0       0.000
   80903  0.868880     3233     174582.0       0.000
   81565  0.871835     3214     176770.0       0.000
   85305  0.875134     3588     204516.0       0.000
   89216  0.878471     3629     217740.0       0.000
   93306  0.881736     3551     223713.0       0.000
   97584  0.885105     3664     241824.0       0.000
  102058  0.888401     3585     247365.0       0.000
  105871  0.891166     3007     213497.0       0.000
  109826  0.893963     3042     225108.0       0.000
  113929  0.896831     3119     237044.0       0.000
  118669  0.899678     3096     247680.0       0.000
  123857  0.902447     3012     249996.0       0.000
  129272  0.905279     3080     267960.0       0.000
  135199  0.908113     3082     280462.0       0.000
  141975  0.910815     2938     279110.0       0.000
  149091  0.913610     3040     304000.0       0.000
  156563  0.916415     3051     320355.0       0.000
  164410  0.919194     3022     332420.0       0.000
  172651  0.921982     3032     351712.0       0.000
  181304  0.924706     2963     358523.0       0.000
  189618  0.927365     2892     367284.0       0.000
  197911  0.930293     3184     420288.0       0.000
  206566  0.933079     3030     418140.0       0.000
  215160  0.935793     2952     425088.0       0.000
  223195  0.938603     3056     455344.0       0.000
  231530  0.941379     3019     467945.0       0.000
  240177  0.944256     3129     503769.0       0.000
  253761  0.946965     2946     500820.0       0.000
  268113  0.949763     3043     544697.0       0.000
  283277  0.952603     3089     583821.0       0.000
  318166  0.955381     3021     643473.0       0.000
  368444  0.958138     2998     737508.0       0.000
  426666  0.960902     3006     856710.0       0.000
  514641  0.963908     3269    1124536.0       0.000
  643946  0.966664     2998    1289140.0       0.000
  792711  0.969606     3199    1692271.0       0.000
  940700  0.972171     2790    1752120.0       0.000
 1000000  1.000000    30266   20187422.0       0.000
