# Digested data for dctcp_w4 experiment, run at 2026-04-21 06:52:01.850377
# Averaged across 5 repeated sample(s)
# length  cum_frac  samples     p50      p99     p999   s50    s99    s999
      60  0.002198     3615   264.7  14848.3 126254.4  15.8  888.1  7551.1
      72  0.004384     3596   258.6  12402.2 107497.9  15.8  759.5  6582.8
      92  0.007428     5006   259.6  15374.0 169639.8  16.2  956.7 10556.3
     119  0.009568     3519   259.1  11990.8 108458.0  16.3  756.5  6842.8
     154  0.011794     3662   253.7  12463.6 133529.5  16.1  791.3  8478.1
     199  0.014074     3750   258.4  11685.8 135682.8  16.5  748.1  8686.5
     222  0.017580     5766   253.5  12856.2 119945.9  16.4  831.0  7753.5
     227  0.020143     4215   261.4  10473.6 156410.5  17.0  681.9 10183.0
     232  0.022746     4282   253.6  10122.1  98491.3  16.7  665.5  6475.4
     237  0.025333     4255   258.3  13062.3 194118.9  17.1  862.8 12821.6
     243  0.027980     4353   249.2  10097.9 239783.2  16.6  671.9 15953.6
     248  0.030565     4252   267.2  12341.4 136961.0  17.9  825.5  9161.3
     254  0.033095     4161   260.4  14761.7 108295.7  17.5  991.4  7273.0
     259  0.035712     4304   266.4  17273.2 191194.0  17.9 1160.1 12840.4
     265  0.038333     4311   268.3  15219.9 155141.8  18.1 1025.6 10454.3
     271  0.040910     4238   264.1  13209.3 187677.1  17.8  889.5 12638.2
     279  0.044330     5625   252.2   9579.7  65565.0  17.0  646.4  4424.1
     288  0.047743     5613   259.8  15632.7  72009.6  17.5 1052.0  4845.9
     297  0.051128     5568   253.8  12839.8 106301.8  17.1  863.5  7148.7
     303  0.060689    15725   254.2  12448.5 142736.0  17.0  834.9  9573.2
     305  0.069165    13940   253.9  13256.7 134378.8  17.1  890.9  9030.8
     308  0.077676    13999   256.6  11372.5  89586.8  17.2  762.2  6004.5
     310  0.086011    13708   260.0  13030.7 137545.7  17.4  874.5  9231.3
     313  0.094574    14085   262.0  14747.7  97051.9  17.5  987.1  6496.1
     315  0.103130    14071   254.8  12721.7 107267.0  17.1  853.2  7194.3
     318  0.111849    14341   263.4  11907.7 110039.8  17.7  799.2  7385.2
     321  0.120319    13930   258.1  13053.2 135302.5  17.3  876.6  9086.8
     323  0.128857    14043   254.8  14628.4 137472.3  17.1  980.5  9214.0
     326  0.137362    13989   256.9  14050.4  97759.9  17.2  942.4  6556.7
     331  0.143876    10713   259.2  13045.6 127341.4  17.4  873.2  8523.5
     335  0.150410    10746   255.3  14152.7 114951.3  17.1  948.6  7704.5
     340  0.156927    10719   261.9  14599.3 119848.4  17.6  979.2  8038.1
     345  0.163472    10765   259.5  13452.0 119275.5  17.4  901.0  7989.0
     350  0.170009    10752   257.1  12051.6 117319.8  17.2  806.7  7852.7
     355  0.176400    10511   255.6  12206.7  79484.8  17.1  815.4  5309.6
     360  0.183016    10882   257.2  11581.6 126908.0  17.2  772.6  8466.2
     365  0.189551    10748   252.0  16155.7 126712.1  16.8 1074.9  8430.6
     371  0.196150    10853   257.2  14301.4 144804.0  17.2  955.3  9672.9
     376  0.202522    10480   263.1  15612.8 138394.9  17.5 1037.4  9195.7
     385  0.206676     6833   259.6  13177.5 107193.0  17.3  879.1  7151.0
     395  0.210787     6761   262.9  11668.7  69545.6  17.6  780.5  4651.9
     405  0.214885     6740   254.2  16674.6  93042.8  17.0 1117.6  6236.1
     415  0.219001     6769   259.9  12072.8  55316.1  17.4  807.5  3700.1
     425  0.223167     6853   256.9  14548.1 129926.0  17.2  972.5  8684.9
     430  0.227293     6785   254.8  15182.3 114544.1  17.1 1016.9  7672.1
     435  0.231378     6719   255.8  12451.7  82905.6  17.1  834.0  5553.0
     441  0.235483     6751   257.3  12418.9 143555.0  17.2  830.7  9602.3
     446  0.239566     6716   258.6  13752.1 110332.9  17.3  920.5  7385.1
     452  0.243644     6707   263.3  14547.4 136434.3  17.6  973.1  9126.0
     457  0.247757     6765   262.0  12927.2  64167.6  17.4  860.7  4272.1
     463  0.251802     6652   262.3  17082.6 129099.1  17.5 1141.9  8629.6
     468  0.255988     6885   253.5  18748.5 149844.0  16.8 1240.0  9910.3
     474  0.260086     6741   262.0  10566.7  85277.7  17.4  702.1  5666.3
     480  0.264219     6797   260.9  13784.4 146007.4  17.4  920.8  9753.3
     491  0.283578    31841   259.2  12060.9 137249.4  17.2  801.9  9125.6
     502  0.303165    32214   258.1  12487.8 120615.5  17.2  830.9  8025.0
     513  0.322721    32164   258.6  12676.8 108405.4  17.2  842.3  7203.0
     525  0.342501    32533   257.2  12646.3 109548.0  17.1  842.5  7298.3
     537  0.361955    31997   259.3  12588.3 101756.2  17.3  837.5  6770.2
     549  0.381279    31782   261.8  12914.5 127728.0  17.4  857.5  8481.3
     561  0.400852    32191   262.1  13807.5 111771.3  17.4  916.2  7416.8
     574  0.420465    32259   255.8  13619.0 131585.5  17.0  905.5  8749.0
     587  0.440155    32384   256.0  13065.3 148478.2  17.0  865.8  9839.5
     600  0.459434    31709   260.2  13714.5 152502.7  17.2  907.6 10092.8
     607  0.465129     9366   258.3  14503.8 116169.3  17.1  958.6  7678.1
     615  0.470983     9628   255.6  13054.1 138709.7  16.9  861.1  9149.7
     623  0.476672     9357   259.3  15101.5 147290.8  17.1  994.8  9703.0
     630  0.482536     9645   261.5  13088.9 125388.8  17.2  862.8  8265.6
     638  0.488324     9519   259.7  13748.6 138951.1  17.1  902.7  9123.5
     646  0.494148     9579   261.4  12692.4 107674.8  17.2  833.9  7074.6
     654  0.499988     9605   257.8  12984.9 107537.5  16.9  852.6  7060.9
     662  0.505751     9479   257.5  14595.6 147749.6  16.9  955.8  9675.8
     671  0.511445     9364   264.2  13112.0 106310.6  17.3  858.1  6957.5
     679  0.517281     9599   256.9  13497.1 142401.3  16.8  882.2  9307.3
     685  0.520806     5798   258.2  15980.5  83727.1  16.9 1045.2  5475.9
     690  0.524334     5803   255.9  12148.2  76579.9  16.8  796.1  5018.3
     696  0.527874     5821   255.0  13739.5  96571.1  16.7  897.4  6307.7
     702  0.531370     5751   260.6  14282.9  84543.7  17.1  934.7  5533.0
     707  0.534829     5689   264.1  17942.0 157942.8  17.3 1171.9 10316.3
     713  0.538365     5816   256.7  13880.1 108498.7  16.8  906.0  7082.2
     719  0.541797     5645   261.3  12115.3 114509.9  17.0  786.2  7430.9
     725  0.545330     5810   259.5  13718.7 124249.4  16.9  894.9  8105.0
     731  0.548945     5945   269.8  12461.1  76556.4  17.6  813.4  4997.2
     737  0.552556     5940   255.0  12358.8  56322.3  16.6  805.1  3669.2
     749  0.557435     8025   254.9  13166.5 140182.4  16.5  852.2  9073.3
     762  0.562186     7814   251.6  12623.3  99194.4  16.3  817.0  6420.3
     774  0.567009     7931   260.3  15566.5  96993.7  16.8 1006.2  6269.8
     787  0.571806     7891   258.9  13170.1 108977.9  16.8  852.4  7053.6
     800  0.576608     7897   260.2  11565.7 138590.9  16.8  746.2  8941.3
     816  0.579600     4921   267.9   9827.3  72857.6  17.3  634.4  4703.5
     833  0.582578     4898   262.8  10871.1  59591.7  17.0  702.7  3852.1
     850  0.585533     4861   261.0  12327.9  73028.3  16.9  796.4  4717.6
     867  0.588485     4855   252.4  11947.0 138878.4  16.3  769.3  8942.6
     885  0.591393     4782   258.3  16262.5 241465.9  16.6 1047.2 15548.4
     914  0.595176     6223   254.2  11824.2  55003.2  16.4  761.4  3541.7
     945  0.598914     6147   254.1  12904.4 133088.4  16.3  828.3  8542.3
     976  0.602595     6055   268.6  14707.9  89269.7  17.2  941.6  5715.1
    1009  0.606288     6074   262.7  11969.7  69081.9  16.7  760.5  4388.9
    1042  0.610098     6266   264.5  16914.5  97977.3  16.8 1073.3  6216.8
    1085  0.613781     6057   262.1  12776.7  87501.2  16.5  806.6  5524.1
    1130  0.617427     5997   261.6  14882.5  93971.6  16.4  932.5  5887.9
    1177  0.621184     6180   255.0  12777.1 137270.8  15.8  793.6  8526.1
    1226  0.624876     6071   254.6  13485.1 108628.4  15.8  837.1  6742.9
    1277  0.628667     6235   260.2  13599.1 171977.7  16.1  840.0 10622.5
    1316  0.632026     5525   255.1  15952.3 140277.6  15.7  982.9  8643.1
    1357  0.635369     5499   262.0  11106.8  86353.7  16.0  679.7  5284.8
    1399  0.638753     5565   261.3  15424.9 147000.5  15.9  940.5  8963.4
    1436  0.641404     4361   263.2  13974.7 145505.4   2.9  153.3  1596.5
    1484  0.644317     4790   276.0   8522.4 133507.5   3.1   96.9  1518.0
    1534  0.647234     4798   263.4   9340.2 148066.3  10.8  382.2  6058.4
    1559  0.651320     6721   267.2  10212.9  88961.2  11.0  419.9  3657.9
    1585  0.655378     6674   266.5   8893.0  80524.2  10.9  365.2  3306.9
    1611  0.659350     6532   264.4   9020.4 103728.6  10.9  372.4  4282.8
    1637  0.663384     6636   272.1  10261.9 148624.7  11.2  424.0  6141.5
    1664  0.667434     6661   266.0   9441.1 139093.7  11.0  390.6  5754.8
    1865  0.670364     4818   268.5   9152.8 112150.6  11.1  377.4  4624.8
    2091  0.673250     4747   273.3  10319.6 197977.4  11.2  424.5  8143.9
    2412  0.676592     5496   264.2   9939.1 105405.0   4.6  174.5  1850.2
    2742  0.679338     4517   274.9  12171.7 165962.1  11.3  500.1  6818.5
    3118  0.682171     4660   267.8   9919.9 133214.2  10.3  382.6  5137.5
    3544  0.685001     4654   273.5  11623.0 161156.7  10.5  447.0  6198.3
    4030  0.687808     4617   269.9  11505.6 161961.2  10.3  440.3  6198.3
    4582  0.690637     4653   272.8  10629.7  85931.4   9.8  382.2  3089.9
    5210  0.693409     4559   273.1   8433.1 161442.3   9.8  301.7  5776.1
    5652  0.696248     4670   287.3  12426.0 179166.3  10.3  443.3  6391.9
    6132  0.699225     4896   276.6   9810.7 168741.1   2.9  101.3  1741.9
    6653  0.702217     4921   269.3  11988.1 147739.9   2.9  127.8  1575.6
    7217  0.705228     4951   276.5   9047.1  85620.0   2.9   93.8   888.1
    7830  0.708208     4902   281.6   8798.8 103260.5   9.0  280.8  3295.9
   10373  0.710890     4411   290.0  11691.3 155419.4   8.3  336.3  4471.2
   13741  0.713481     4261   300.2  12607.3 184796.5   7.7  325.1  4765.3
   18203  0.716030     4193   308.7  17584.0 165102.5   7.0  400.9  3764.3
   24115  0.718548     4141   332.1  10685.0 157564.6   5.9  190.6  2810.1
   31946  0.721163     4302   366.9  10187.1 125518.5   2.5   68.9   848.8
   33343  0.723910     4518   371.1   9688.3 153084.4   5.5  143.6  2268.6
   34801  0.726721     4622   386.9  12235.0 156316.4   2.6   82.8  1058.3
   36322  0.729527     4615   385.8  11778.2 215488.3   2.6   79.0  1444.5
   37450  0.732374     4684   383.5  11217.2 140706.6   2.5   73.7   924.9
   38377  0.735103     4488   382.3  11017.3 176389.5   2.5   72.7  1164.1
   39327  0.737937     4661   397.2  10688.0 114343.5   2.6   70.2   750.9
   40382  0.741700     6189   398.5  10932.0 108975.1   2.6   70.7   704.4
   41214  0.745393     6073   413.4  11393.6  92708.7   2.7   73.3   596.7
   42062  0.749180     6230   408.7  10425.1  55899.3   2.6   66.5   356.8
   42928  0.752803     5958   407.2  12369.2  85742.4   2.6   78.6   544.8
   43811  0.756486     6057   420.1  14436.1 105172.9   2.7   91.9   669.4
   44531  0.760373     6394   419.1  12123.0 152973.3   4.7  134.7  1699.1
   45079  0.764539     6851   417.7  10798.0 118108.9   4.7  121.1  1324.1
   45634  0.768654     6769   423.3  14410.6 131517.2   2.7   91.6   836.0
   46195  0.772692     6641   421.9  11421.6 137452.4   2.7   72.0   866.5
   46763  0.776778     6721   438.2  12872.2 133082.7   2.8   80.8   835.4
   47435  0.782629     9622   426.7  11024.3 172616.8   2.7   68.6  1074.8
   47823  0.786343     6109   442.7  12096.5 121255.5   2.8   75.7   758.6
   48215  0.790066     6123   433.2  13112.4 129163.6   2.7   82.3   810.5
   48609  0.793828     6187   442.7  12902.1 106651.2   2.7   80.1   662.1
   49007  0.797560     6139   438.7  10498.7 136172.7   2.7   65.1   844.3
   49408  0.801257     6081   446.3  12952.6 158122.8   2.8   80.6   984.3
   49813  0.805072     6273   452.3  11854.7 140974.2   2.8   73.4   873.0
   50221  0.808836     6191   438.2  11707.9 107799.0   3.2   84.9   781.5
   50632  0.812498     6023   442.1  11144.3 114349.3   2.8   71.1   729.1
   51046  0.816173     6044   456.5  13170.9 182840.6   2.8   81.3  1128.8
   55381  0.819067     4761   476.4  10971.2  69541.9   3.0   68.3   432.6
   60084  0.822095     4979   507.1  10429.2 184474.3   3.1   64.2  1135.2
   64132  0.825427     5481   506.8  12134.9  94558.2   3.1   73.3   571.5
   66528  0.828232     4613   567.5  12063.8 193425.5   3.4   72.3  1159.8
   69014  0.830995     4545   579.8  11633.9 172612.8   3.4   69.0  1023.9
   71156  0.833785     4589   591.6  12061.8 240628.2   3.4   69.6  1388.7
   72473  0.836614     4652   612.0  15868.6 171409.5   3.5   91.1   984.0
   73814  0.839386     4560   591.0  16442.0 158990.8   3.5   96.4   931.9
   75180  0.842122     4500   595.1  11362.7 167643.2   4.2   81.0  1195.6
   75795  0.845092     4885   620.8  12541.9 148650.6   4.4   88.6  1049.6
   76416  0.848131     4997   622.7  15944.6 108322.8   4.2  106.6   723.9
   77041  0.851152     4969   629.5  10817.5 160573.8   4.0   68.3  1014.1
   77672  0.854041     4752   633.3  13558.0 132964.5   4.0   85.6   839.3
   78307  0.856975     4825   635.6  13646.4 163930.7   4.0   86.0  1033.5
   78948  0.859916     4838   637.3  12931.2 127920.6   3.9   78.9   780.3
   79595  0.862902     4911   646.4  11233.6 127227.5   3.4   59.3   671.5
   80246  0.865930     4980   661.0  12607.8 144806.1   4.1   79.1   909.0
   80903  0.868969     4999   629.1  17636.5 158833.1   3.9  109.6   986.9
   81565  0.871836     4715   659.0  15129.7 167936.0   3.8   86.4   959.3
   85305  0.875255     5623   682.9  11952.7 157376.2   3.7   63.9   841.7
   89216  0.878522     5374   723.9  12789.4 106095.4   4.2   74.4   617.6
   93306  0.881921     5589   713.6  12273.3 132923.8   3.9   67.3   728.5
   97584  0.885273     5514   760.3  14400.8 145347.9   4.0   76.7   774.0
  102058  0.888673     5591   792.8  12705.8 101978.6   4.0   63.9   512.6
  105871  0.891503     4655   831.1  13803.2  96496.4   4.1   67.3   470.5
  109826  0.894267     4547   840.8  19266.0 161681.1   3.8   87.7   736.3
  113929  0.897145     4732   869.8  10953.4 156601.5   3.8   47.3   676.4
  118669  0.899842     4437   916.8  16509.8 186817.7   2.8   50.2   568.4
  123857  0.902630     4585   964.7  15414.0 187752.0   3.0   47.3   576.5
  129272  0.905452     4642  1013.1  15568.6 182188.2   2.8   43.7   511.1
  135199  0.908250     4601  1032.0  16724.0 178933.3   2.9   47.6   509.7
  141975  0.911093     4677  1076.4  15875.7 113418.2   2.9   42.7   304.9
  149091  0.913874     4573  1134.4  14882.9 171596.3   2.9   37.6   433.4
  156563  0.916731     4699  1206.3  12311.5 141777.1   2.9   29.4   339.1
  164410  0.919536     4613  1267.0  16569.5 144717.8   3.0   38.8   339.3
  172651  0.922278     4510  1303.6  14928.5 131068.9   2.9   33.0   289.8
  181304  0.925120     4674  1323.8  14573.5 258259.2   3.2   35.4   626.4
  189618  0.927938     4635  1377.3  13497.7 104711.1   2.8   27.3   211.6
  197911  0.930623     4416  1480.9  17221.5 171097.2   3.0   34.9   346.6
  206566  0.933295     4396  1555.6  16078.5 169790.8   3.0   31.3   330.7
  215160  0.936030     4497  1591.2  14036.7 140557.1   3.1   27.4   274.2
  223195  0.938855     4647  1633.6  15781.7 128483.5   3.2   30.5   248.5
  231530  0.941656     4606  1710.1  28012.2 180361.7   3.2   51.8   333.6
  240177  0.944435     4572  1730.1  13839.9 154038.2   3.2   25.3   281.8
  253761  0.947207     4559  1794.2  13700.8 144618.8   3.2   24.3   256.6
  268113  0.949957     4523  1930.7  17675.9 133540.1   3.3   30.1   227.6
  283277  0.952610     4363  2030.6  19713.9 183064.0   3.3   32.2   298.6
  318166  0.955381     4557  2229.1  19330.5 154739.1   3.2   27.7   221.6
  368444  0.958187     4615  2623.8  16643.1 256057.6   3.3   21.0   323.0
  426666  0.960904     4470  2980.6  35306.6 183708.1   3.2   38.2   198.6
  514641  0.963867     4873  3613.3  30845.2 157307.4   3.3   28.6   145.8
  643946  0.966644     4567  4494.7  30257.5 144018.0   3.3   21.9   104.2
  792711  0.969406     4542  5549.5  44151.8 190086.1   3.4   26.7   115.1
  940700  0.971974     4225  6568.5  47611.2 155137.0   3.4   24.8    80.7
 1000000  1.000000    46094  6958.3  53619.0 179940.9   3.4   26.3    88.1
