# Fraction of RTTS longer than a given time for dctcp_w4 experiment
# Includes messages <= 315 bytes; measured at 2026-04-21 06:52:01.850377
# Averaged across 5 repeated sample(s)
# Data collected at 2026-04-21 06:52:01.850377 
#       usec        frac
      29.340  0.99999398
      31.030  0.99998250
      31.350  0.99996545
      31.740  0.99993598
      32.150  0.99989568
      32.480  0.99984932
      32.830  0.99980380
      33.170  0.99975692
      33.520  0.99966804
      33.890  0.99955668
      34.230  0.99946178
      34.600  0.99928483
      34.960  0.99911075
      35.310  0.99889923
      35.690  0.99862422
      36.060  0.99826624
      36.430  0.99791968
      36.800  0.99760120
      37.170  0.99712462
      37.550  0.99673145
      37.930  0.99621489
      38.310  0.99561197
      38.700  0.99498121
      39.090  0.99436434
      39.490  0.99372540
      39.890  0.99317201
      40.290  0.99248982
      40.700  0.99190737
      41.110  0.99127553
      41.530  0.99055335
      41.950  0.98983011
      42.370  0.98911027
      42.800  0.98832463
      43.230  0.98746433
      43.670  0.98676632
      44.110  0.98606491
      44.560  0.98533543
      45.010  0.98454237
      45.470  0.98371412
      45.930  0.98280003
      46.390  0.98180320
      46.860  0.98079804
      47.330  0.97971331
      47.810  0.97862129
      48.290  0.97730529
      48.780  0.97580456
      49.270  0.97411996
      49.770  0.97234060
      50.270  0.97039827
      50.780  0.96836212
      51.290  0.96621537
      51.810  0.96384513
      52.330  0.96115050
      52.860  0.95865752
      53.390  0.95585674
      53.930  0.95286666
      54.470  0.94999434
      55.020  0.94700028
      55.580  0.94410425
      56.140  0.94122339
      56.710  0.93814195
      57.280  0.93529336
      57.860  0.93231138
      58.440  0.92932742
      59.030  0.92645608
      59.630  0.92350035
      60.230  0.92051564
      60.840  0.91745806
      61.450  0.91465020
      62.070  0.91207206
      62.700  0.90952071
      63.330  0.90701383
      63.970  0.90414241
      64.610  0.90168192
      65.260  0.89936895
      65.920  0.89688159
      66.580  0.89443947
      67.250  0.89216134
      67.930  0.88987082
      68.610  0.88761304
      69.300  0.88529445
      70.000  0.88295322
      70.700  0.88056239
      71.410  0.87831093
      72.130  0.87613323
      72.860  0.87374464
      73.590  0.87147955
      74.330  0.86917863
      75.080  0.86691364
      75.840  0.86471424
      76.600  0.86205926
      77.370  0.85985328
      78.160  0.85750625
      78.950  0.85520540
      79.740  0.85295067
      80.540  0.85059451
      81.350  0.84832920
      82.170  0.84595253
      83.000  0.84373753
      83.840  0.84136606
      84.680  0.83897249
      85.530  0.83648200
      86.390  0.83390761
      87.260  0.83132212
      88.140  0.82871482
      89.030  0.82616648
      89.930  0.82376094
      90.830  0.82136093
      91.740  0.81917459
      92.660  0.81691591
      93.590  0.81454417
      94.530  0.81225509
      95.480  0.80974931
      96.440  0.80739136
      97.410  0.80472263
      98.390  0.80237865
      99.380  0.79990277
     100.380  0.79751897
     101.390  0.79485487
     102.410  0.79229282
     103.440  0.78978108
     104.480  0.78731525
     105.530  0.78473878
     106.590  0.78224402
     107.660  0.77997777
     108.750  0.77749875
     109.840  0.77493200
     110.940  0.77230633
     112.050  0.76995635
     113.180  0.76756453
     114.320  0.76515859
     115.470  0.76250865
     116.630  0.75984953
     117.800  0.75737550
     118.980  0.75475783
     120.170  0.75214233
     121.380  0.74914944
     122.600  0.74642837
     123.830  0.74385275
     125.070  0.74108229
     126.330  0.73862144
     127.600  0.73578556
     128.880  0.73306337
     130.170  0.73034558
     131.480  0.72748702
     132.810  0.72473228
     134.150  0.72217649
     135.500  0.71939826
     136.860  0.71644124
     138.230  0.71368694
     139.620  0.71074752
     141.020  0.70777729
     142.440  0.70508029
     143.870  0.70195894
     145.310  0.69898320
     146.770  0.69580627
     148.240  0.69272844
     149.730  0.68957673
     151.230  0.68659731
     152.750  0.68357217
     154.280  0.68040283
     155.830  0.67737788
     157.390  0.67433917
     158.970  0.67138130
     160.560  0.66826331
     162.170  0.66525095
     163.800  0.66192451
     165.440  0.65874089
     167.100  0.65541271
     168.780  0.65201657
     170.480  0.64871807
     172.190  0.64570312
     173.920  0.64246434
     175.660  0.63923973
     177.420  0.63621103
     179.200  0.63269632
     181.000  0.62935213
     182.810  0.62609613
     184.640  0.62280140
     186.490  0.61956447
     188.360  0.61593948
     190.250  0.61268650
     192.160  0.60913703
     194.100  0.60575992
     196.050  0.60223832
     198.020  0.59885399
     200.010  0.59537352
     202.020  0.59175669
     204.050  0.58821141
     206.100  0.58461039
     208.170  0.58083095
     210.260  0.57726642
     212.370  0.57336974
     214.500  0.56959884
     216.650  0.56571657
     218.820  0.56179414
     221.010  0.55820465
     223.230  0.55442629
     225.480  0.55063556
     227.740  0.54694583
     230.020  0.54320466
     232.330  0.53951834
     234.660  0.53602598
     237.010  0.53213973
     239.390  0.52834220
     241.790  0.52447512
     244.220  0.52029824
     246.670  0.51622638
     249.140  0.51227354
     251.640  0.50849425
     254.160  0.50421807
     256.710  0.50020077
     259.280  0.49628692
     261.880  0.49233219
     264.500  0.48857885
     267.150  0.48439696
     269.830  0.48030908
     272.530  0.47621991
     275.260  0.47223091
     278.020  0.46829511
     280.810  0.46408046
     283.620  0.45985081
     286.460  0.45555528
     289.330  0.45153446
     292.230  0.44754610
     295.160  0.44353762
     298.120  0.43940140
     301.110  0.43515218
     304.130  0.43108789
     307.180  0.42698289
     310.260  0.42294614
     313.370  0.41885764
     316.490  0.41466350
     319.670  0.41068409
     322.820  0.40654609
     326.040  0.40245749
     329.160  0.39842532
     332.220  0.39442191
     335.120  0.39047523
     338.260  0.38655678
     341.330  0.38267963
     344.520  0.37883803
     347.600  0.37504358
     350.650  0.37128790
     353.850  0.36754545
     357.000  0.36386561
     360.070  0.36022442
     363.340  0.35660706
     366.210  0.35303557
     369.280  0.34949694
     372.360  0.34599865
     375.620  0.34253221
     378.610  0.33909602
     381.790  0.33570313
     385.010  0.33234505
     388.110  0.32900510
     391.440  0.32571450
     394.480  0.32245373
     397.570  0.31922442
     400.700  0.31602866
     404.000  0.31285309
     407.110  0.30970260
     410.350  0.30660520
     413.360  0.30353831
     416.560  0.30049682
     419.770  0.29748691
     422.740  0.29451063
     425.500  0.29154646
     428.790  0.28862935
     432.010  0.28572710
     435.040  0.28286256
     438.290  0.28002839
     441.680  0.27722532
     444.930  0.27445236
     448.130  0.27170737
     451.270  0.26898962
     454.430  0.26629195
     457.460  0.26361865
     460.490  0.26096998
     463.740  0.25835354
     467.130  0.25576907
     470.280  0.25320393
     473.450  0.25066769
     476.660  0.24815919
     479.920  0.24567490
     483.260  0.24320939
     486.390  0.24077116
     489.600  0.23835777
     493.020  0.23597314
     496.350  0.23359591
     499.470  0.23125895
     502.840  0.22894049
     506.030  0.22662210
     508.970  0.22434865
     512.010  0.22210423
     514.890  0.21988240
     518.230  0.21767698
     521.470  0.21548596
     524.790  0.21331984
     527.750  0.21118642
     531.120  0.20905139
     534.370  0.20694306
     537.700  0.20487011
     540.780  0.20281777
     543.960  0.20078685
     547.160  0.19877768
     550.440  0.19678952
     553.540  0.19481469
     556.730  0.19286273
     559.930  0.19092392
     563.410  0.18901421
     566.710  0.18712383
     570.110  0.18524719
     573.340  0.18339418
     576.590  0.18155115
     580.050  0.17973169
     583.480  0.17793124
     587.020  0.17614420
     590.240  0.17438269
     593.590  0.17263446
     597.270  0.17090538
     600.790  0.16919283
     603.920  0.16749709
     607.400  0.16581201
     610.580  0.16414057
     613.890  0.16248783
     617.480  0.16086233
     620.780  0.15925221
     624.500  0.15765112
     628.070  0.15605800
     631.330  0.15449572
     634.980  0.15294490
     638.850  0.15141056
     642.570  0.14989238
     645.840  0.14838552
     649.950  0.14690053
     653.780  0.14543034
     657.360  0.14397182
     661.180  0.14252032
     664.600  0.14109427
     668.480  0.13967570
     672.620  0.13827179
     676.230  0.13688490
     680.000  0.13551060
     683.910  0.13414516
     687.530  0.13280113
     691.480  0.13147018
     695.530  0.13015091
     699.320  0.12884665
     703.030  0.12755446
     707.010  0.12627445
     710.720  0.12500725
     714.700  0.12374744
     718.170  0.12250920
     721.980  0.12127876
     725.780  0.12006403
     729.450  0.11885239
     733.010  0.11765729
     736.650  0.11646624
     740.220  0.11529987
     744.470  0.11414464
     748.460  0.11300111
     752.570  0.11185860
     756.440  0.11073488
     760.460  0.10962601
     764.060  0.10852591
     768.650  0.10743868
     772.330  0.10635895
     776.520  0.10529216
     780.760  0.10422251
     785.030  0.10317949
     788.890  0.10214053
     793.170  0.10111346
     797.300  0.10009967
     801.340  0.09909820
     805.430  0.09810252
     809.990  0.09711668
     814.020  0.09614503
     818.880  0.09518301
     823.310  0.09422374
     827.490  0.09327894
     831.560  0.09234419
     836.130  0.09141554
     840.250  0.09049539
     845.250  0.08958504
     849.270  0.08868718
     853.240  0.08779568
     857.790  0.08691225
     861.870  0.08603898
     866.180  0.08517477
     870.820  0.08432229
     876.430  0.08346997
     880.910  0.08263014
     885.200  0.08180183
     890.460  0.08097784
     894.890  0.08016037
     899.560  0.07935552
     905.160  0.07855179
     910.570  0.07776491
     915.830  0.07698304
     921.050  0.07621060
     926.100  0.07544246
     931.950  0.07468323
     937.680  0.07393418
     942.840  0.07319122
     948.150  0.07245703
     953.430  0.07172711
     959.510  0.07100913
     965.690  0.07029734
     972.110  0.06959269
     978.380  0.06889180
     984.120  0.06819603
     991.360  0.06750684
     997.880  0.06682930
    1003.640  0.06616088
    1009.200  0.06549634
    1015.650  0.06483893
    1022.350  0.06418115
    1027.750  0.06353843
    1033.310  0.06289879
    1038.930  0.06226386
    1044.490  0.06164114
    1050.520  0.06102009
    1058.080  0.06040885
    1065.090  0.05980307
    1073.000  0.05919420
    1079.930  0.05860025
    1087.590  0.05801018
    1097.160  0.05742947
    1104.600  0.05685470
    1112.120  0.05628430
    1121.320  0.05571694
    1128.230  0.05515822
    1136.720  0.05460429
    1145.180  0.05405428
    1156.390  0.05350798
    1166.240  0.05296896
    1174.330  0.05242948
    1184.790  0.05190172
    1195.590  0.05138066
    1204.860  0.05086106
    1215.000  0.05034764
    1225.820  0.04983830
    1237.520  0.04933412
    1246.970  0.04883641
    1258.420  0.04834419
    1270.650  0.04785693
    1282.850  0.04737634
    1295.790  0.04692453
    1308.750  0.04645671
    1321.850  0.04600180
    1334.470  0.04553672
    1348.000  0.04513818
    1360.620  0.04468191
    1374.440  0.04430227
    1388.300  0.04391523
    1402.340  0.04349664
    1416.630  0.04310068
    1430.890  0.04273339
    1445.550  0.04243205
    1460.010  0.04208151
    1474.730  0.04179012
    1490.910  0.04151265
    1506.630  0.04127983
    1521.970  0.04103171
    1538.390  0.04079464
    1554.460  0.04049805
    1570.330  0.04020778
    1586.310  0.03993028
    1602.350  0.03963912
    1618.590  0.03933688
    1634.960  0.03904039
    1651.480  0.03879256
    1668.160  0.03846154
    1684.870  0.03820720
    1701.840  0.03800009
    1719.360  0.03773990
    1736.590  0.03758650
    1754.660  0.03740815
    1772.250  0.03716136
    1790.790  0.03691313
    1808.900  0.03672878
    1827.550  0.03645017
    1846.820  0.03628409
    1865.510  0.03610618
    1884.980  0.03595811
    1904.400  0.03581027
    1924.390  0.03563334
    1943.870  0.03547981
    1963.460  0.03529062
    1983.770  0.03517050
    2003.710  0.03502278
    2025.130  0.03485829
    2045.500  0.03462207
    2066.240  0.03445641
    2088.270  0.03426080
    2109.170  0.03411818
    2131.590  0.03393673
    2153.130  0.03377852
    2176.280  0.03364213
    2201.250  0.03346561
    2224.630  0.03336417
    2247.060  0.03321041
    2269.630  0.03306756
    2293.170  0.03292599
    2316.270  0.03273601
    2339.870  0.03259764
    2364.130  0.03244232
    2388.520  0.03221096
    2413.620  0.03200819
    2438.880  0.03189636
    2465.200  0.03177153
    2491.400  0.03168203
    2517.830  0.03153472
    2547.720  0.03142298
    2573.780  0.03127438
    2601.510  0.03111493
    2628.050  0.03096051
    2655.180  0.03082563
    2682.130  0.03067175
    2709.280  0.03057781
    2737.720  0.03044965
    2765.450  0.03035620
    2793.900  0.03025497
    2822.790  0.03006627
    2853.460  0.02994777
    2883.160  0.02975264
    2912.660  0.02960511
    2942.320  0.02945118
    2973.170  0.02924931
    3002.960  0.02908942
    3037.620  0.02892856
    3068.200  0.02878669
    3099.310  0.02868006
    3130.610  0.02854499
    3162.080  0.02839673
    3194.800  0.02822586
    3230.300  0.02813166
    3267.330  0.02798565
    3300.210  0.02777963
    3333.540  0.02760865
    3368.230  0.02750814
    3402.670  0.02736755
    3436.810  0.02723937
    3471.440  0.02710942
    3507.830  0.02695042
    3543.580  0.02679700
    3581.240  0.02663852
    3617.470  0.02649215
    3654.290  0.02632704
    3691.850  0.02620455
    3730.060  0.02611039
    3773.950  0.02593196
    3811.890  0.02579021
    3853.320  0.02561368
    3893.760  0.02541345
    3941.820  0.02528413
    3982.540  0.02510571
    4022.830  0.02496823
    4067.560  0.02485065
    4109.380  0.02467393
    4151.400  0.02450170
    4194.950  0.02438841
    4237.050  0.02421586
    4280.560  0.02404990
    4327.970  0.02386134
    4371.290  0.02376665
    4416.940  0.02361489
    4462.610  0.02344394
    4508.360  0.02323161
    4553.800  0.02303651
    4600.690  0.02281681
    4648.340  0.02269896
    4698.190  0.02256854
    4745.420  0.02245051
    4796.210  0.02230857
    4844.400  0.02216669
    4894.040  0.02204870
    4944.450  0.02193604
    4995.240  0.02180984
    5045.950  0.02167204
    5107.570  0.02153078
    5158.940  0.02139451
    5210.640  0.02122155
    5267.770  0.02109156
    5320.790  0.02094348
    5375.450  0.02080224
    5429.710  0.02064145
    5484.810  0.02049893
    5541.150  0.02038099
    5597.960  0.02020409
    5657.180  0.02007544
    5714.810  0.01993995
    5772.040  0.01982116
    5830.210  0.01972595
    5892.750  0.01957985
    5953.130  0.01941185
    6013.610  0.01926934
    6076.260  0.01913999
    6137.080  0.01901556
    6202.190  0.01885683
    6264.870  0.01873822
    6327.670  0.01857797
    6392.300  0.01841825
    6466.410  0.01826381
    6532.520  0.01815203
    6599.840  0.01801051
    6671.280  0.01783930
    6740.010  0.01766128
    6808.650  0.01750967
    6878.160  0.01738556
    6950.760  0.01721408
    7023.980  0.01710111
    7095.400  0.01696623
    7167.190  0.01682040
    7240.080  0.01667158
    7313.480  0.01651746
    7388.520  0.01640342
    7463.680  0.01630187
    7546.840  0.01622499
    7612.340  0.01605947
    7696.890  0.01591298
    7774.070  0.01575482
    7854.670  0.01561335
    7935.620  0.01547300
    8015.650  0.01533727
    8096.730  0.01522533
    8181.890  0.01510551
    8241.370  0.01495221
    8330.420  0.01479856
    8395.500  0.01465033
    8486.090  0.01453713
    8555.550  0.01438737
    8642.110  0.01429935
    8729.290  0.01417165
    8825.120  0.01409418
    8915.590  0.01395126
    9005.700  0.01383287
    9103.170  0.01370393
    9198.410  0.01356766
    9291.560  0.01349241
    9384.790  0.01338651
    9462.320  0.01324975
    9557.070  0.01312553
    9643.180  0.01298978
    9740.200  0.01286121
    9839.480  0.01273713
    9939.950  0.01261971
   10043.660  0.01252443
   10154.960  0.01241163
   10260.120  0.01230452
   10370.640  0.01219361
   10449.260  0.01206890
   10566.760  0.01195566
   10670.250  0.01183135
   10778.030  0.01170763
   10888.140  0.01160643
   10977.970  0.01148869
   11052.450  0.01137028
   11128.410  0.01125108
   11245.060  0.01113858
   11334.850  0.01102693
   11451.070  0.01092019
   11558.660  0.01080768
   11677.720  0.01074741
   11763.360  0.01063537
   11888.400  0.01052815
   11983.560  0.01041749
   12104.360  0.01032411
   12215.260  0.01021807
   12332.650  0.01011083
   12462.120  0.01001647
   12584.410  0.00991047
   12721.580  0.00983378
   12849.490  0.00973344
   12995.580  0.00964518
   13126.450  0.00958613
   13216.390  0.00948638
   13357.710  0.00939864
   13473.470  0.00930436
   13590.020  0.00920971
   13761.950  0.00912046
   13846.320  0.00902612
   13999.620  0.00894345
   14149.550  0.00887826
   14306.310  0.00880751
   14451.830  0.00871456
   14586.160  0.00862579
   14745.540  0.00857237
   14866.560  0.00848404
   14993.520  0.00839526
   15111.110  0.00830695
   15278.040  0.00823540
   15411.830  0.00814732
   15590.960  0.00806497
   15734.260  0.00798159
   15838.490  0.00789779
   16015.370  0.00781598
   16189.920  0.00773442
   16354.760  0.00768063
   16524.550  0.00760961
   16645.400  0.00753205
   16795.880  0.00745584
   16969.140  0.00739602
   17136.990  0.00731908
   17275.720  0.00724295
   17399.060  0.00716686
   17580.570  0.00710770
   17685.300  0.00703201
   17875.170  0.00696703
   18058.040  0.00690731
   18217.750  0.00683588
   18406.270  0.00677098
   18622.700  0.00673638
   18719.800  0.00666567
   18929.470  0.00661872
   19155.250  0.00655973
   19383.200  0.00649480
   19476.770  0.00642402
   19689.390  0.00638289
   19792.820  0.00631746
   20025.230  0.00627023
   20236.120  0.00620986
   20444.460  0.00616879
   20688.140  0.00611492
   20901.660  0.00608576
   21107.820  0.00602012
   21304.480  0.00595558
   21618.780  0.00589617
   21842.670  0.00584267
   21970.620  0.00578324
   22192.130  0.00574158
   22315.410  0.00568288
   22440.710  0.00562320
   22644.040  0.00556343
   22826.970  0.00550431
   23067.350  0.00545691
   23241.460  0.00539757
   23389.230  0.00534358
   23628.870  0.00529043
   23789.950  0.00523740
   24115.000  0.00518979
   24403.430  0.00515357
   24611.320  0.00510073
   24874.420  0.00506506
   25121.570  0.00501157
   25395.690  0.00497743
   25672.120  0.00492410
   25948.730  0.00488878
   26220.330  0.00484169
   26484.890  0.00479499
   26764.260  0.00474797
   27023.270  0.00469548
   27295.240  0.00466001
   27633.920  0.00463036
   27926.080  0.00460586
   28133.140  0.00455404
   28448.670  0.00451155
   28715.170  0.00446471
   28970.880  0.00441787
   29220.350  0.00437102
   29574.580  0.00432968
   29930.230  0.00429989
   30243.010  0.00425827
   30553.540  0.00422266
   30838.780  0.00417571
   31159.200  0.00413508
   31522.170  0.00408838
   31742.650  0.00404714
   31989.510  0.00400646
   32116.000  0.00396528
   32522.410  0.00393583
   32658.560  0.00389449
   32970.650  0.00385384
   33271.010  0.00381292
   33634.870  0.00379559
   33933.450  0.00375446
   34124.510  0.00371260
   34487.600  0.00367226
   34694.430  0.00363063
   35091.600  0.00361329
   35213.130  0.00357151
   35499.970  0.00353569
   35854.040  0.00349487
   36068.780  0.00345453
   36456.300  0.00342527
   36654.720  0.00338907
   37032.060  0.00336582
   37206.850  0.00333078
   37339.910  0.00329526
   37785.900  0.00327201
   37965.400  0.00323735
   38390.040  0.00321357
   38635.210  0.00317856
   39117.690  0.00315486
   39391.950  0.00311919
   39670.700  0.00308442
   39872.110  0.00304854
   40223.570  0.00301799
   40597.130  0.00298319
   40790.820  0.00294787
   41141.340  0.00291281
   41547.930  0.00288355
   41731.690  0.00285330
   42172.890  0.00282368
   42711.260  0.00280026
   42912.930  0.00277163
   43122.930  0.00274225
   43662.170  0.00271317
   44053.730  0.00268341
   44643.710  0.00265466
   45135.920  0.00263722
   45386.970  0.00260751
   45880.310  0.00258404
   46041.880  0.00255516
   46470.020  0.00252612
   47076.010  0.00251470
   47440.720  0.00248502
   48013.670  0.00246759
   48459.880  0.00243912
   48914.900  0.00241008
   49131.690  0.00238072
   49378.680  0.00235145
   49972.250  0.00232194
   50073.320  0.00229851
   50361.780  0.00227505
   50687.510  0.00225125
   50843.800  0.00222737
   51276.220  0.00220371
   51690.770  0.00217960
   52242.110  0.00216216
   52466.350  0.00213811
   53273.980  0.00211423
   53567.120  0.00209077
   54059.010  0.00206746
   54825.690  0.00205570
   55108.830  0.00203120
   55646.470  0.00200848
   56024.240  0.00198523
   56810.390  0.00197336
   57647.680  0.00194956
   59147.960  0.00193212
   59453.680  0.00190835
   60758.940  0.00189628
   61594.760  0.00189071
   62854.930  0.00186712
   63486.680  0.00185529
   64424.960  0.00183121
   65450.320  0.00181979
   66084.810  0.00179707
   66839.770  0.00177890
   68416.230  0.00175510
   68742.350  0.00173746
   69033.060  0.00171953
   69573.310  0.00170155
   69743.050  0.00168349
   70619.610  0.00167747
   71376.190  0.00165989
   72162.560  0.00164180
   73642.530  0.00163032
   74458.440  0.00161831
   75283.330  0.00160689
   76202.480  0.00159485
   76592.800  0.00157717
   77478.050  0.00155962
   78750.700  0.00154228
   80098.990  0.00152442
   81081.020  0.00150664
   82066.960  0.00148816
   83498.600  0.00147031
   84520.680  0.00145243
   85194.910  0.00143485
   87075.100  0.00142337
   88844.410  0.00141721
   90234.590  0.00139971
   92607.150  0.00138812
   93595.900  0.00138255
   94327.920  0.00136526
   95808.240  0.00135339
   96660.810  0.00133578
   99060.510  0.00132360
  100611.170  0.00131153
  102066.260  0.00130011
  104016.930  0.00128253
  105685.720  0.00127046
  106383.490  0.00125312
  108205.430  0.00124164
  109543.010  0.00123022
  111486.310  0.00122431
  112932.710  0.00121840
  113800.920  0.00120037
  115297.730  0.00118275
  115908.840  0.00116514
  117409.600  0.00115343
  118153.910  0.00114140
  118683.980  0.00112969
  119580.410  0.00111799
  121675.100  0.00111214
  123458.650  0.00110066
  124723.600  0.00108879
  125514.260  0.00107661
  125772.900  0.00106443
  126706.420  0.00105301
  127383.680  0.00104100
  128000.940  0.00102924
  128929.800  0.00101741
  129569.910  0.00100509
  130235.080  0.00099361
  130735.060  0.00098168
  131623.200  0.00097026
  132053.480  0.00095878
  132651.590  0.00094736
  133139.660  0.00093542
  133955.740  0.00092335
  135536.290  0.00091134
  136176.860  0.00089986
  137609.160  0.00089394
  137943.830  0.00088187
  138629.860  0.00087014
  139553.360  0.00085807
  141044.140  0.00084575
  142774.180  0.00084018
  143718.530  0.00082825
  145895.560  0.00082234
  146119.850  0.00081120
  146509.470  0.00079978
  146832.360  0.00078820
  148915.540  0.00077661
  149263.990  0.00076474
  150465.840  0.00075326
  151314.550  0.00074184
  153221.930  0.00073582
  156503.390  0.00072364
  157756.350  0.00071157
  158230.480  0.00069998
  158978.170  0.00068825
  159875.460  0.00067655
  160399.700  0.00066437
  160759.120  0.00065250
  162422.430  0.00064648
  163362.980  0.00063447
  164188.830  0.00062240
  165254.100  0.00061063
  167916.890  0.00060461
  168356.060  0.00059274
  169147.150  0.00058104
  169690.990  0.00057502
  170579.250  0.00056360
  170807.410  0.00055212
  170949.640  0.00054596
  172152.170  0.00054011
  173162.560  0.00053420
  173389.400  0.00052863
  173814.940  0.00052272
  173836.930  0.00051715
  174024.650  0.00051130
  174348.220  0.00050573
  174471.260  0.00050016
  174673.270  0.00049400
  174708.570  0.00048809
  174929.190  0.00048207
  175214.810  0.00047605
  175335.060  0.00047048
  175431.500  0.00046432
  175532.610  0.00045847
  175627.080  0.00045231
  176165.460  0.00044674
  176668.410  0.00044083
  177472.440  0.00043481
  177962.210  0.00042924
  178735.450  0.00042308
  179068.280  0.00041752
  180043.440  0.00041136
  183235.400  0.00040544
  183371.000  0.00039953
  183485.720  0.00039351
  184373.620  0.00038760
  184785.540  0.00038175
  186523.300  0.00037618
  186580.470  0.00037026
  186610.340  0.00036441
  188918.640  0.00035825
  189561.730  0.00035269
  189647.980  0.00034712
  189855.890  0.00034127
  190464.270  0.00033542
  190703.770  0.00032926
  192330.470  0.00032341
  192365.400  0.00031755
  193112.450  0.00031139
  193135.700  0.00030554
  193400.800  0.00029998
  194627.570  0.00029406
  194786.380  0.00028790
  195108.130  0.00028188
  195549.510  0.00027597
  195745.610  0.00027012
  196869.410  0.00026410
  197261.720  0.00025819
  198382.390  0.00025233
  200458.080  0.00024677
  201328.300  0.00024120
  201444.810  0.00023504
  202273.140  0.00022947
  202626.550  0.00022390
  203494.040  0.00021799
  203665.100  0.00021208
  203753.190  0.00020651
  204145.970  0.00020059
  204543.790  0.00019503
  204815.190  0.00018911
  204929.130  0.00018320
  205388.350  0.00017729
  205523.520  0.00017113
  205821.540  0.00016556
  205988.500  0.00015999
  206460.560  0.00015397
  206616.070  0.00014840
  206664.660  0.00014249
  206831.140  0.00013692
  206894.920  0.00013107
  207435.650  0.00012505
  207815.730  0.00011920
  208207.390  0.00011335
  208364.430  0.00010744
  208545.810  0.00010152
  208579.390  0.00009536
  209146.780  0.00008951
  209305.750  0.00008335
  209451.650  0.00007744
  211441.680  0.00007152
  213561.630  0.00006551
  216531.070  0.00005935
  223723.820  0.00005349
  223759.590  0.00004793
  224498.470  0.00004177
  224825.130  0.00003620
  226200.040  0.00003035
  233964.210  0.00002433
  342850.510  0.00001848
  444799.310  0.00001232
  570254.190  0.00000616
  595456.520  0.00000000
