# Fraction of RTTS longer than a given time for homa_w4 experiment
# Includes messages <= 315 bytes; measured at 2026-04-21 06:52:01.850377
# Averaged across 5 repeated sample(s)
# Data collected at 2026-04-21 06:52:01.850377 
#       usec        frac
      18.870  0.99999098
      19.470  0.99996407
      19.750  0.99993693
      20.000  0.99991900
      20.340  0.99987396
      20.560  0.99985591
      20.820  0.99984684
      21.060  0.99979281
      21.280  0.99974752
      21.500  0.99966660
      21.720  0.99962145
      21.950  0.99950422
      22.180  0.99935057
      22.410  0.99921518
      22.690  0.99908866
      22.970  0.99894401
      23.200  0.99880850
      23.440  0.99858234
      23.680  0.99829339
      23.920  0.99804969
      24.160  0.99768832
      24.410  0.99728183
      24.670  0.99692067
      24.920  0.99655961
      25.170  0.99608077
      25.430  0.99547557
      25.690  0.99489746
      25.950  0.99412088
      26.210  0.99332708
      26.480  0.99246852
      26.750  0.99145812
      27.020  0.99045553
      27.300  0.98926351
      27.580  0.98819744
      27.860  0.98707774
      28.140  0.98572278
      28.430  0.98428712
      28.720  0.98277002
      29.010  0.98107143
      29.310  0.97925593
      29.610  0.97760302
      29.910  0.97556401
      30.210  0.97348758
      30.520  0.97107810
      30.830  0.96888255
      31.140  0.96667231
      31.460  0.96413641
      31.780  0.96170758
      32.100  0.95891684
      32.430  0.95617229
      32.760  0.95338081
      33.090  0.95049161
      33.430  0.94737548
      33.770  0.94430470
      34.110  0.94173246
      34.460  0.93838242
      34.810  0.93517622
      35.160  0.93215021
      35.520  0.92871841
      35.880  0.92564844
      36.240  0.92272376
      36.610  0.91969805
      36.980  0.91657479
      37.350  0.91363915
      37.730  0.91080428
      38.110  0.90774349
      38.500  0.90446533
      38.890  0.90092435
      39.280  0.89792648
      39.680  0.89464992
      40.080  0.89140897
      40.490  0.88836495
      40.900  0.88536600
      41.310  0.88235933
      41.730  0.87906534
      42.150  0.87626672
      42.580  0.87357535
      43.010  0.87066774
      43.450  0.86765887
      43.890  0.86476865
      44.330  0.86139938
      44.780  0.85836608
      45.230  0.85515253
      45.690  0.85181240
      46.150  0.84864257
      46.620  0.84579684
      47.090  0.84276410
      47.570  0.83964857
      48.050  0.83644384
      48.540  0.83316703
      49.030  0.83003596
      49.530  0.82662132
      50.030  0.82334451
      50.540  0.81956994
      51.050  0.81610026
      51.580  0.81246052
      52.100  0.80881280
      52.630  0.80512003
      53.160  0.80154545
      53.700  0.79809598
      54.240  0.79466560
      54.790  0.79101976
      55.340  0.78726492
      55.900  0.78355385
      56.460  0.77957137
      57.030  0.77538134
      57.610  0.77120821
      58.190  0.76727072
      58.780  0.76317927
      59.370  0.75868131
      59.970  0.75411087
      60.570  0.74946791
      61.180  0.74495259
      61.800  0.74026669
      62.420  0.73548884
      63.050  0.73088510
      63.690  0.72557427
      64.330  0.72071675
      64.980  0.71596532
      65.630  0.71088103
      66.290  0.70620361
      66.960  0.70095733
      67.630  0.69554743
      68.310  0.69011973
      69.000  0.68470159
      69.700  0.67983263
      70.400  0.67466633
      71.110  0.66950974
      71.830  0.66390203
      72.550  0.65772628
      73.280  0.65241481
      74.020  0.64697045
      74.770  0.64190640
      75.520  0.63650852
      76.280  0.63017796
      77.050  0.62429853
      77.830  0.61839956
      78.610  0.61245937
      79.390  0.60629407
      80.140  0.60021551
      80.940  0.59417590
      81.700  0.58821360
      82.520  0.58236169
      83.310  0.57652759
      84.030  0.57069387
      84.760  0.56494995
      85.590  0.55929544
      86.370  0.55362360
      87.190  0.54804469
      87.920  0.54252550
      88.590  0.53705532
      89.350  0.53168170
      90.090  0.52631774
      90.810  0.52102714
      91.510  0.51573465
      92.180  0.51053292
      92.920  0.50536032
      93.600  0.50025813
      94.360  0.49520202
      95.090  0.49016294
      95.760  0.48525925
      96.380  0.48033202
      97.090  0.47544536
      97.800  0.47066139
      98.480  0.46588476
      99.160  0.46115241
      99.830  0.45644848
     100.450  0.45180742
     101.080  0.44727288
     101.710  0.44274934
     102.360  0.43830484
     103.040  0.43383587
     103.700  0.42942969
     104.280  0.42509595
     104.880  0.42084200
     105.540  0.41661517
     106.180  0.41240909
     106.840  0.40828403
     107.510  0.40417591
     108.110  0.40010420
     108.670  0.39610307
     109.290  0.39209571
     109.940  0.38816788
     110.580  0.38422942
     111.180  0.38036511
     111.730  0.37652781
     112.240  0.37268017
     112.830  0.36893300
     113.460  0.36516919
     114.060  0.36144193
     114.670  0.35773862
     115.270  0.35414368
     115.830  0.35054847
     116.300  0.34703441
     116.870  0.34354757
     117.460  0.34010580
     118.050  0.33668161
     118.660  0.33327059
     119.300  0.32987423
     119.830  0.32647050
     120.330  0.32315720
     120.860  0.31987148
     121.350  0.31665802
     121.970  0.31343577
     122.510  0.31029328
     123.060  0.30715944
     123.610  0.30401843
     124.070  0.30096691
     124.590  0.29794250
     125.140  0.29494468
     125.700  0.29198416
     126.290  0.28904951
     126.850  0.28613189
     127.460  0.28323403
     127.960  0.28037171
     128.370  0.27751938
     128.930  0.27471155
     129.460  0.27192169
     129.990  0.26918521
     130.580  0.26648523
     131.100  0.26381203
     131.620  0.26111211
     132.150  0.25844855
     132.630  0.25578556
     133.200  0.25317636
     133.820  0.25061225
     134.410  0.24810171
     134.930  0.24560897
     135.460  0.24311742
     135.960  0.24065999
     136.420  0.23822124
     136.920  0.23581148
     137.420  0.23344540
     137.910  0.23110628
     138.470  0.22875880
     138.980  0.22644765
     139.560  0.22417045
     140.090  0.22190568
     140.470  0.21968531
     140.970  0.21744655
     141.510  0.21527025
     142.030  0.21308488
     142.690  0.21091921
     143.270  0.20873292
     143.770  0.20662027
     144.250  0.20452584
     144.720  0.20245805
     145.250  0.20041718
     145.750  0.19840356
     146.250  0.19640827
     146.730  0.19442209
     147.290  0.19239090
     147.820  0.19043154
     148.240  0.18851740
     148.660  0.18658494
     149.150  0.18469741
     149.690  0.18284571
     150.200  0.18097626
     150.740  0.17913330
     151.230  0.17733675
     151.740  0.17552180
     152.220  0.17372576
     152.750  0.17198330
     153.170  0.17024966
     153.670  0.16854340
     154.230  0.16681874
     154.730  0.16512111
     155.260  0.16345143
     155.780  0.16179058
     156.230  0.16014853
     156.680  0.15851350
     157.170  0.15691509
     157.730  0.15534291
     158.280  0.15376311
     158.810  0.15221018
     159.360  0.15067561
     159.880  0.14914143
     160.360  0.14762360
     160.850  0.14614209
     161.370  0.14465181
     161.970  0.14318028
     162.540  0.14174410
     163.030  0.14030921
     163.540  0.13889238
     164.070  0.13748375
     164.490  0.13607585
     164.970  0.13471237
     165.460  0.13333183
     165.970  0.13197773
     166.530  0.13063195
     167.040  0.12931391
     167.580  0.12801438
     168.060  0.12669588
     168.410  0.12538652
     168.880  0.12413128
     169.380  0.12286761
     169.870  0.12161291
     170.340  0.12038519
     170.860  0.11916601
     171.460  0.11797352
     171.900  0.11675414
     172.280  0.11558081
     172.710  0.11440793
     173.160  0.11326015
     173.800  0.11212194
     174.340  0.11098486
     174.890  0.10987483
     175.430  0.10876545
     175.990  0.10765540
     176.460  0.10656239
     176.930  0.10547861
     177.470  0.10441330
     178.100  0.10336554
     178.630  0.10232701
     179.200  0.10128814
     179.730  0.10026858
     180.180  0.09925711
     180.620  0.09825614
     181.100  0.09725451
     181.700  0.09626163
     182.290  0.09529504
     182.910  0.09433736
     183.440  0.09337963
     183.990  0.09242313
     184.420  0.09149366
     184.840  0.09056425
     185.350  0.08965335
     185.880  0.08874167
     186.370  0.08783875
     187.020  0.08694435
     187.510  0.08604236
     188.010  0.08517550
     188.420  0.08429995
     188.980  0.08345073
     189.580  0.08259270
     190.220  0.08176181
     190.790  0.08093135
     191.370  0.08011862
     191.920  0.07930580
     192.350  0.07849272
     192.790  0.07770752
     193.380  0.07691194
     194.000  0.07613533
     194.610  0.07536874
     195.140  0.07461061
     195.760  0.07384216
     196.170  0.07308302
     196.560  0.07233228
     197.080  0.07159184
     197.640  0.07086053
     198.120  0.07013775
     198.710  0.06942421
     199.190  0.06872973
     199.700  0.06802606
     200.130  0.06733922
     200.540  0.06665277
     201.130  0.06598431
     201.640  0.06530761
     202.350  0.06464060
     203.070  0.06399066
     203.700  0.06334123
     204.250  0.06266358
     204.600  0.06201295
     205.110  0.06138043
     205.770  0.06076642
     206.360  0.06014361
     206.920  0.05953844
     207.510  0.05894276
     208.020  0.05834722
     208.450  0.05768842
     208.910  0.05710280
     209.460  0.05652516
     210.160  0.05595659
     210.940  0.05536994
     211.570  0.05480988
     212.110  0.05425895
     212.480  0.05369093
     213.090  0.05314016
     213.600  0.05260800
     214.280  0.05207639
     214.990  0.05152572
     215.570  0.05101005
     216.090  0.05048656
     216.460  0.04996331
     216.950  0.04945696
     217.660  0.04895993
     218.090  0.04845460
     218.730  0.04796680
     219.380  0.04747115
     219.970  0.04698374
     220.370  0.04651371
     220.880  0.04602516
     221.540  0.04555585
     222.240  0.04509578
     222.830  0.04464395
     223.510  0.04419338
     223.990  0.04375061
     224.420  0.04330868
     224.930  0.04287489
     225.670  0.04244158
     226.310  0.04200822
     226.900  0.04158381
     227.680  0.04115022
     228.140  0.04073528
     228.600  0.04031964
     229.110  0.03990434
     229.760  0.03947036
     230.360  0.03907322
     231.300  0.03867635
     232.070  0.03828805
     232.630  0.03789993
     233.200  0.03751999
     233.800  0.03714121
     234.340  0.03676167
     235.220  0.03639200
     235.810  0.03601306
     236.270  0.03564276
     236.720  0.03528155
     237.250  0.03492054
     237.990  0.03456842
     238.960  0.03421656
     239.730  0.03387297
     240.340  0.03352986
     240.850  0.03318672
     241.450  0.03285228
     242.290  0.03251795
     243.150  0.03219275
     243.760  0.03186769
     244.340  0.03152472
     244.790  0.03119072
     245.430  0.03087525
     246.360  0.03055973
     247.100  0.03025269
     247.820  0.02994601
     248.380  0.02962104
     248.900  0.02931389
     249.550  0.02901571
     250.340  0.02871770
     251.250  0.02842871
     251.990  0.02813957
     252.500  0.02785029
     253.010  0.02757018
     253.890  0.02729016
     254.730  0.02700986
     255.420  0.02673833
     256.160  0.02645832
     256.570  0.02618761
     257.040  0.02591700
     258.010  0.02564543
     259.050  0.02538379
     259.940  0.02512201
     260.460  0.02486920
     260.940  0.02459802
     261.910  0.02434539
     263.000  0.02410129
     263.870  0.02385723
     264.460  0.02359503
     264.910  0.02335139
     265.650  0.02311669
     266.670  0.02288193
     267.670  0.02264757
     268.470  0.02241269
     269.180  0.02218693
     270.240  0.02196103
     271.300  0.02173515
     272.220  0.02150970
     272.880  0.02129294
     273.830  0.02107655
     274.980  0.02086028
     275.820  0.02064370
     276.280  0.02043604
     276.610  0.02022802
     277.160  0.02002050
     277.980  0.01981292
     278.920  0.01961413
     279.970  0.01941526
     280.430  0.01921678
     281.000  0.01901832
     282.520  0.01881942
     283.410  0.01862983
     284.150  0.01842175
     284.910  0.01822297
     286.000  0.01803315
     286.600  0.01785259
     287.800  0.01767214
     288.310  0.01749199
     288.960  0.01731149
     290.690  0.01713054
     291.790  0.01695908
     292.450  0.01678753
     292.850  0.01661638
     293.760  0.01644474
     294.500  0.01627336
     295.600  0.01610190
     296.330  0.01593939
     297.020  0.01577657
     298.030  0.01561393
     299.350  0.01545119
     300.470  0.01528896
     301.040  0.01513480
     301.950  0.01498114
     303.190  0.01482749
     304.370  0.01467415
     304.860  0.01452091
     306.020  0.01435862
     307.870  0.01421412
     308.410  0.01406951
     309.050  0.01392566
     309.810  0.01376301
     310.650  0.01361855
     312.190  0.01347386
     312.630  0.01333852
     313.420  0.01320315
     314.120  0.01306788
     315.470  0.01293239
     316.110  0.01278754
     316.530  0.01265232
     317.890  0.01251672
     319.360  0.01239027
     320.070  0.01226388
     320.710  0.01213713
     321.390  0.01201013
     322.340  0.01187451
     323.330  0.01174823
     323.970  0.01162196
     324.590  0.01150457
     325.150  0.01138760
     326.370  0.01126984
     328.100  0.01115242
     328.660  0.01103514
     329.490  0.01091784
     330.280  0.01080020
     331.590  0.01069203
     332.380  0.01058341
     332.780  0.01047536
     333.180  0.01036709
     334.180  0.01025887
     335.210  0.01015051
     336.370  0.01004182
     337.070  0.00993375
     338.530  0.00982539
     339.430  0.00972575
     340.530  0.00962643
     341.290  0.00952681
     342.450  0.00942763
     343.970  0.00932851
     344.950  0.00922927
     345.710  0.00913008
     347.050  0.00903064
     348.400  0.00894003
     348.920  0.00884969
     349.510  0.00875956
     350.280  0.00866920
     351.590  0.00857892
     352.600  0.00848866
     353.120  0.00839791
     355.980  0.00830760
     356.550  0.00821759
     357.230  0.00812703
     358.610  0.00804565
     359.980  0.00796416
     360.720  0.00788288
     361.140  0.00780157
     362.090  0.00771131
     364.380  0.00763001
     365.010  0.00754881
     366.490  0.00746744
     368.460  0.00738608
     369.320  0.00730476
     370.760  0.00722333
     371.930  0.00715093
     372.520  0.00707889
     373.080  0.00700656
     373.930  0.00693425
     375.650  0.00686200
     376.640  0.00678998
     377.480  0.00671788
     378.520  0.00664563
     380.280  0.00657329
     381.560  0.00650095
     383.850  0.00642898
     384.720  0.00635677
     385.830  0.00628455
     387.190  0.00622141
     388.320  0.00615827
     388.930  0.00609506
     389.690  0.00603179
     391.520  0.00596831
     392.100  0.00590514
     392.780  0.00584212
     393.970  0.00577904
     394.620  0.00571573
     396.590  0.00565240
     397.610  0.00558902
     399.580  0.00552601
     400.880  0.00546302
     401.700  0.00539972
     403.750  0.00534550
     404.760  0.00528225
     406.800  0.00522780
     408.370  0.00517356
     409.180  0.00511920
     410.300  0.00506494
     411.350  0.00501056
     411.820  0.00495631
     414.040  0.00490220
     415.030  0.00484787
     416.390  0.00478474
     417.900  0.00473060
     418.720  0.00467645
     419.610  0.00462230
     420.220  0.00456806
     420.790  0.00451399
     421.590  0.00446869
     422.210  0.00442340
     422.860  0.00437839
     424.410  0.00433331
     424.940  0.00428828
     428.140  0.00424300
     429.060  0.00419782
     429.520  0.00415276
     431.360  0.00410773
     433.030  0.00406261
     433.910  0.00401770
     435.800  0.00397259
     436.510  0.00392761
     436.980  0.00388237
     438.210  0.00383724
     440.470  0.00379205
     441.660  0.00374696
     443.860  0.00370174
     444.690  0.00365654
     445.090  0.00361147
     445.890  0.00357515
     447.280  0.00353907
     447.970  0.00350305
     448.550  0.00346699
     448.970  0.00343099
     449.580  0.00339502
     450.800  0.00335900
     452.830  0.00331349
     453.770  0.00327754
     455.690  0.00324142
     456.790  0.00320553
     457.860  0.00316928
     460.810  0.00313315
     461.420  0.00309697
     462.300  0.00306110
     464.260  0.00302500
     465.110  0.00298898
     466.300  0.00295279
     468.410  0.00291652
     469.360  0.00288040
     469.530  0.00284432
     472.400  0.00280834
     473.070  0.00277209
     475.170  0.00273588
     477.190  0.00269982
     478.680  0.00267275
     480.930  0.00264558
     483.100  0.00261859
     483.890  0.00259138
     484.830  0.00256421
     487.660  0.00253713
     488.430  0.00251003
     489.130  0.00248282
     489.840  0.00245583
     491.660  0.00242880
     493.400  0.00240177
     495.690  0.00237459
     497.250  0.00234749
     498.490  0.00232052
     499.920  0.00229338
     501.310  0.00226620
     501.930  0.00223903
     504.780  0.00221202
     505.420  0.00218490
     505.870  0.00215769
     507.730  0.00213052
     508.710  0.00210351
     510.690  0.00207637
     512.990  0.00204930
     513.630  0.00202228
     516.490  0.00199529
     516.920  0.00196814
     518.090  0.00194090
     519.530  0.00191380
     520.520  0.00188655
     521.520  0.00185956
     524.540  0.00183249
     528.260  0.00180552
     529.530  0.00177847
     529.970  0.00176052
     530.750  0.00174247
     531.670  0.00172433
     532.910  0.00170630
     533.210  0.00168829
     533.810  0.00167022
     534.490  0.00165200
     534.900  0.00163391
     535.780  0.00161569
     536.470  0.00159771
     537.410  0.00157967
     538.200  0.00156160
     540.110  0.00154359
     541.940  0.00152561
     543.650  0.00150743
     543.990  0.00148942
     544.710  0.00147143
     545.060  0.00145325
     545.350  0.00143518
     547.890  0.00141696
     548.500  0.00139887
     549.070  0.00138090
     549.480  0.00136280
     552.950  0.00134471
     553.100  0.00132664
     553.410  0.00130863
     556.050  0.00129062
     557.260  0.00127259
     557.770  0.00125467
     561.320  0.00123666
     569.150  0.00121872
     569.500  0.00120068
     570.360  0.00118276
     571.500  0.00116475
     572.020  0.00114677
     573.770  0.00112871
     575.610  0.00111077
     576.170  0.00109258
     577.210  0.00107466
     577.400  0.00105661
     578.150  0.00103852
     581.160  0.00102058
     584.160  0.00100236
     586.970  0.00098414
     588.750  0.00096600
     591.230  0.00094795
     592.990  0.00092992
     600.970  0.00091188
     608.220  0.00089383
     609.050  0.00088480
     609.100  0.00087582
     612.930  0.00086680
     613.070  0.00085781
     615.740  0.00084885
     616.460  0.00083987
     617.520  0.00083080
     619.050  0.00082169
     620.940  0.00081273
     621.130  0.00080370
     624.340  0.00079474
     624.900  0.00078567
     625.920  0.00077656
     633.610  0.00076745
     633.860  0.00075834
     636.130  0.00074936
     640.370  0.00074029
     641.650  0.00073132
     647.060  0.00072236
     648.440  0.00071338
     648.770  0.00070427
     652.330  0.00069529
     653.880  0.00068622
     654.520  0.00067714
     656.200  0.00066816
     668.870  0.00065918
     669.850  0.00065011
     674.120  0.00064100
     679.410  0.00063189
     680.290  0.00062286
     684.970  0.00061375
     685.080  0.00060468
     686.110  0.00059557
     697.200  0.00058661
     702.170  0.00057754
     702.950  0.00056843
     709.820  0.00055945
     712.590  0.00055048
     714.900  0.00054141
     715.570  0.00053230
     719.900  0.00052334
     721.680  0.00051438
     721.890  0.00050540
     728.040  0.00049641
     733.560  0.00048745
     736.630  0.00047838
     741.070  0.00046931
     753.210  0.00046024
     754.990  0.00045125
     756.690  0.00044229
     758.770  0.00043327
     767.430  0.00042420
     768.910  0.00041523
     775.110  0.00040627
     779.160  0.00039729
     781.330  0.00038822
     785.070  0.00037919
     789.350  0.00037023
     789.810  0.00036112
     794.200  0.00035214
     798.400  0.00034303
     808.650  0.00033401
     814.760  0.00032493
     824.440  0.00031582
     843.090  0.00030684
     860.570  0.00029786
     866.980  0.00028888
     879.600  0.00027989
     881.160  0.00027082
     882.080  0.00026186
     896.260  0.00025279
     902.280  0.00024376
     914.280  0.00023480
     922.040  0.00022569
     962.290  0.00021658
    1014.420  0.00020760
    1019.480  0.00019864
    1029.800  0.00018968
    1098.750  0.00018057
    1129.370  0.00017149
    1134.460  0.00016239
    1176.520  0.00015331
    1226.190  0.00014433
    1235.240  0.00013535
    1298.830  0.00012637
    1442.200  0.00011740
    1593.300  0.00010842
    1617.090  0.00009935
    1682.880  0.00009024
    1685.260  0.00008126
    1818.840  0.00007229
    1887.400  0.00006327
    1906.200  0.00005425
    2065.160  0.00004522
    2086.320  0.00003615
    2155.110  0.00002708
    2574.020  0.00001810
    2722.470  0.00000902
    2931.680  0.00000000
