# Digested data for dctcp_pool_p8_w4 experiment, run at 2026-04-21 05:53:05.974791
# Averaged across 5 repeated sample(s)
# length  cum_frac  samples     p50      p99     p999   s50    s99    s999
      60  0.002133     3596   255.4  31053.7 168629.5  16.1 1953.1 10605.6
      72  0.004419     3853   253.6  45963.7 150911.1  16.4 2980.8  9786.7
      92  0.007343     4930   255.2  13562.7 135723.6  16.8  890.5  8911.6
     119  0.009621     3839   257.6   3327.2 137758.7  17.0  219.0  9069.0
     154  0.011808     3687   253.5  29476.9 145247.0  17.0 1973.0  9722.0
     199  0.014072     3817   264.6  53254.2 163778.3  17.7 3555.0 10933.1
     222  0.017444     5683   258.6  47717.1 150995.0  17.3 3189.6 10093.2
     227  0.020060     4410   247.8  58227.0 163215.0  16.7 3923.7 10998.3
     232  0.022620     4316   255.1  25510.8 146512.1  17.4 1741.3 10000.8
     237  0.025220     4383   255.3  63155.2 167041.6  17.5 4319.8 11425.6
     243  0.027798     4346   257.8  50003.0 170254.7  17.6 3406.2 11597.7
     248  0.030426     4430   254.7  32250.7 149161.7  17.6 2227.3 10301.2
     254  0.032992     4326   249.3  44814.4 163940.8  17.1 3075.8 11251.9
     259  0.035645     4472   260.3  32649.0 138579.5  18.0 2259.4  9590.3
     265  0.038254     4398   261.9  59076.8 167162.6  18.2 4096.9 11592.4
     271  0.040892     4446   260.2  14321.9 150300.1  18.1  996.0 10452.0
     279  0.044239     5643   254.0  37554.6 133938.4  17.6 2608.0  9301.3
     288  0.047587     5644   261.0  24845.8 128436.9  18.2 1732.6  8956.6
     297  0.050998     5749   257.0  64192.8 144345.3  17.9 4470.3 10051.9
     303  0.060696    16348   255.0  30896.2 143224.2  17.7 2147.1  9953.0
     305  0.069311    14523   257.1  51671.3 154157.9  17.9 3595.8 10727.8
     308  0.077737    14204   259.4  39267.7 162193.4  18.1 2742.2 11326.4
     310  0.086258    14364   260.2  39408.9 151442.5  18.1 2736.7 10516.8
     313  0.094912    14588   250.3  30533.2 165696.5  17.2 2101.4 11403.8
     315  0.103416    14335   257.6  41945.1 158629.0  17.9 2914.9 11023.6
     318  0.112054    14562   250.0  36754.9 150117.6  17.4 2557.8 10446.6
     321  0.120611    14425   256.0  27958.4 155222.7  17.8 1942.9 10786.8
     323  0.129308    14661   254.1  68872.0 173842.2  17.7 4792.8 12097.6
     326  0.137780    14280   257.3  52475.4 152512.7  18.0 3667.0 10657.8
     331  0.144239    10889   259.2  30278.1 138980.4  18.0 2104.1  9658.1
     335  0.150708    10904   253.3  25324.3 149646.5  17.7 1766.0 10435.6
     340  0.157271    11065   253.9  14849.6 130593.3  17.7 1037.7  9126.0
     345  0.163920    11207   254.1  43421.1 146379.0  17.8 3038.6 10243.5
     350  0.170487    11070   259.7  55439.0 144281.8  18.1 3868.7 10068.5
     355  0.176967    10925   254.3  61957.7 145206.5  17.7 4308.6 10097.8
     360  0.183477    10974   256.4  53552.8 137626.1  17.9 3729.3  9584.0
     365  0.190021    11031   258.9  32489.6 145948.7  17.9 2245.3 10086.3
     371  0.196665    11199   255.0  63409.9 140378.6  17.8 4437.4  9823.6
     376  0.203076    10807   253.0  28005.9 143847.1  17.7 1954.4 10038.2
     385  0.207257     7049   257.7  26686.9 140763.8  18.0 1866.2  9843.6
     395  0.211462     7088   261.2  40429.3 154739.5  18.3 2825.2 10813.4
     405  0.215561     6910   256.1  23899.7 157948.3  17.9 1666.6 11014.5
     415  0.219607     6821   252.2  31721.0 145957.2  17.5 2204.4 10143.0
     425  0.223591     6716   261.5  30027.2 135709.3  18.2 2091.0  9450.5
     430  0.227645     6834   255.7  50216.5 152596.2  17.8 3499.4 10633.9
     435  0.231699     6833   255.9  44329.8 153654.1  17.8 3087.0 10700.1
     441  0.235799     6911   257.7  52503.9 148789.8  17.9 3638.5 10311.1
     446  0.239875     6871   257.6  46223.6 155834.1  17.8 3203.3 10799.3
     452  0.243851     6703   252.7  26323.8 131589.3  17.4 1814.2  9068.9
     457  0.247936     6886   255.5  31032.3 160642.9  17.6 2143.1 11094.1
     463  0.252035     6910   255.5  33397.1 167655.4  17.6 2301.7 11554.5
     468  0.256106     6863   256.7  25210.8 153029.3  17.7 1741.1 10568.3
     474  0.260251     6986   257.1  63336.3 146004.3  17.9 4398.4 10139.2
     480  0.264351     6913   256.6  50606.9 147239.2  17.7 3495.0 10168.4
     491  0.283932    33007   255.1  23578.9 151467.3  17.6 1623.9 10431.6
     502  0.303474    32943   255.4  25199.4 152352.1  17.6 1741.5 10528.8
     513  0.323049    32997   256.1  44108.6 150565.1  17.7 3048.3 10405.3
     525  0.342449    32704   258.9  14430.3 143109.0  17.8  993.1  9849.2
     537  0.361812    32641   255.9  46199.7 148052.5  17.6 3184.0 10203.5
     549  0.381127    32560   254.9  55806.8 159453.8  17.6 3851.4 11004.4
     561  0.400694    32983   253.2  46656.7 147971.2  17.4 3206.6 10169.8
     574  0.420164    32822   255.3  46536.5 147650.7  17.5 3187.4 10113.1
     587  0.439773    33055   258.2  33064.0 144298.1  17.6 2252.3  9829.6
     600  0.459258    32847   256.0  38958.1 154721.3  17.5 2659.3 10561.2
     607  0.464921     9546   253.7  24314.0 146294.2  17.4 1664.2 10013.3
     615  0.470643     9645   251.6  24821.5 154086.0  17.2 1698.9 10546.6
     623  0.476348     9617   253.2   4137.8 154492.6  17.3  282.4 10545.6
     630  0.482086     9673   256.6  51529.3 159671.8  17.5 3510.2 10876.8
     638  0.487807     9644   253.5  16374.9 149503.2  17.1 1107.2 10108.4
     646  0.493659     9865   256.0  11474.1 145525.2  17.5  782.7  9926.7
     654  0.499524     9886   254.0  26659.7 157633.0  17.3 1816.1 10737.9
     662  0.505350     9821   254.7  40619.6 154907.5  17.3 2761.4 10530.8
     671  0.511074     9649   254.7  40440.1 143968.0  17.2 2734.3  9734.1
     679  0.516624     9357   256.9  28986.1 157543.7  17.4 1962.5 10666.5
     685  0.520149     5942   254.4  43132.3 130100.0  17.3 2928.2  8832.3
     690  0.523608     5831   252.7  19989.9 135639.0  17.1 1356.2  9202.1
     696  0.527096     5880   255.0  22776.4 139821.3  17.3 1542.1  9466.6
     702  0.530677     6036   259.5  26932.5 137490.6  17.6 1824.7  9315.1
     707  0.534178     5902   254.0  50437.8 143931.0  17.1 3403.4  9711.9
     713  0.537752     6025   265.2  16987.4 136737.9  17.8 1142.4  9195.6
     719  0.541362     6084   252.2  46074.1 140511.9  17.0 3098.5  9449.4
     725  0.544908     5978   260.1  37328.9 161686.5  17.6 2520.5 10917.4
     731  0.548480     6021   254.1  11312.0 147416.1  17.1  763.3  9947.1
     737  0.552012     5954   249.9  72280.0 144584.1  16.8 4867.3  9736.3
     749  0.556853     8162   250.1  44021.1 148891.1  16.7 2946.5  9965.9
     762  0.561672     8123   255.1  45027.1 140720.4  17.2 3030.1  9469.7
     774  0.566655     8399   253.0  46285.7 142326.0  17.0 3110.6  9564.9
     787  0.571492     8154   256.3  47249.5 151374.8  17.2 3166.9 10145.8
     800  0.576365     8215   256.8  27993.4 143967.6  17.2 1878.8  9662.3
     816  0.579424     5157   261.8  45134.0 163747.3  17.4 3004.9 10901.9
     833  0.582406     5026   251.8  57303.2 157542.2  16.8 3822.8 10509.8
     850  0.585433     5104   262.5  45459.9 140366.4  17.5 3024.6  9339.1
     867  0.588331     4884   253.2  26193.2 142989.9  16.8 1740.4  9501.0
     885  0.591342     5077   255.9  39715.3 166577.0  17.0 2644.2 11090.3
     914  0.595056     6260   258.1  70279.6 141017.4  17.2 4694.7  9420.0
     945  0.598802     6314   254.1  46111.1 157997.6  16.8 3057.8 10477.3
     976  0.602527     6280   251.2  30086.0 129403.1  16.7 1996.4  8586.8
    1009  0.606140     6091   258.6  32445.4 134535.6  17.1 2147.3  8903.7
    1042  0.609847     6249   256.7  26504.8 133540.0  16.9 1741.4  8774.0
    1085  0.613563     6263   252.9  50765.0 142415.1  16.5 3313.6  9296.0
    1130  0.617278     6263   251.6  30161.8 142475.0  16.3 1952.2  9221.7
    1177  0.621055     6367   255.0  34267.0 137932.4  16.5 2217.9  8927.7
    1226  0.624789     6295   258.3  23910.5 160191.2  16.7 1542.6 10334.9
    1277  0.628422     6124   258.3  49887.0 146296.2  16.5 3181.6  9330.1
    1316  0.631795     5686   257.8  14406.2 116541.4  16.4  916.4  7413.6
    1357  0.635252     5827   258.2  65505.8 149493.7  16.4 4169.7  9515.8
    1399  0.638643     5716   261.9  44773.4 128259.5  16.5 2826.6  8097.2
    1436  0.641205     4320   261.5  51219.1 150147.5  10.9 2133.2  6253.5
    1484  0.644112     4900   263.0   5859.1  13591.1  10.9  243.2   564.2
    1534  0.647087     5014   265.7   4738.3  47334.0  11.1  197.3  1970.6
    1559  0.651195     6925   257.9   5811.6  33683.3  10.8  242.4  1404.6
    1585  0.655263     6859   263.3   5068.1  16736.4  11.0  211.4   698.2
    1611  0.659412     6994   260.9   3244.2  11513.2  10.9  135.3   480.1
    1637  0.663491     6875   265.6   5531.9  25947.8  11.1  230.6  1081.6
    1664  0.667512     6778   262.0   5564.9  12629.7  10.9  231.8   526.0
    1865  0.670454     4960   254.4   4950.8  32487.8  10.6  205.8  1350.3
    2091  0.673402     4970   263.2   3342.1  32777.1  11.0  139.8  1371.4
    2412  0.676733     5614   260.4   3425.2  12229.1  10.8  142.5   508.7
    2742  0.679424     4537   258.9   5821.0  53296.7  10.8  242.7  2222.5
    3118  0.682166     4622   268.5   5607.8 101227.2  10.5  218.9  3951.1
    3544  0.684880     4576   272.7   5982.1  84512.2  10.6  232.3  3282.0
    4030  0.687686     4730   259.9   4110.6  69517.1  10.0  158.5  2681.0
    4582  0.690431     4626   268.0   4097.8  29952.2   9.8  149.4  1092.3
    5210  0.693302     4841   267.7   3322.2  29531.2   9.7  120.9  1075.0
    5652  0.696249     4967   275.4   5725.3  15648.6  10.0  208.2   569.0
    6132  0.699237     5037   282.1   4718.6  18453.1   9.5  159.4   623.4
    6653  0.702275     5121   268.5   4652.8  11852.6   9.1  156.9   399.8
    7217  0.705254     5022   270.0   4645.1  49408.1   8.8  150.6  1602.1
    7830  0.708247     5045   285.1   4034.8  82957.5   9.2  130.4  2681.2
   10373  0.710850     4389   279.6   6306.3  87702.1   8.1  181.8  2528.9
   13741  0.713415     4323   294.2   5436.8  95625.9   7.7  142.7  2510.5
   18203  0.715957     4286   310.8   7637.4 123288.8   7.2  176.3  2846.7
   24115  0.718572     4407   326.7   6975.4 104608.9   6.0  127.6  1914.2
   31946  0.721202     4434   368.2   7250.9 140200.6   5.7  112.6  2178.0
   33343  0.724012     4737   383.2   5911.8  89996.9   5.8   90.0  1370.4
   34801  0.726813     4722   385.6   7587.4 112480.6   5.7  112.7  1671.3
   36322  0.729615     4723   387.6   9083.0  72599.4   4.7  109.4   874.1
   37450  0.732413     4716   399.1   7271.7  42971.3   5.0   91.2   539.1
   38377  0.735165     4640   388.0   8487.9  69750.4   4.7  103.0   846.8
   39327  0.737890     4593   401.1   8498.8 123698.1   4.9  103.7  1509.4
   40382  0.741618     6285   402.2   7199.7  47324.1   4.8   86.6   569.3
   41214  0.745292     6193   413.2   8479.0  70621.6   4.8   98.2   817.7
   42062  0.748981     6219   428.4   8130.2  71166.3   5.0   95.7   837.8
   42928  0.752575     6059   424.8   9937.9 131351.6   4.9  114.8  1516.9
   43811  0.756275     6237   436.1   8720.1 111670.2   5.0   99.1  1269.7
   44531  0.760181     6584   428.9   9391.5 143402.3   4.8  105.0  1603.5
   45079  0.764259     6874   432.7   8023.3  78100.7   4.8   89.1   867.4
   45634  0.768342     6883   439.1   6852.0  71174.3   4.0   62.7   651.1
   46195  0.772451     6926   437.2   7981.6  70367.6   4.7   86.6   763.7
   46763  0.776509     6842   443.4   7887.2 100795.2   4.8   85.3  1089.8
   47435  0.782220     9627   451.4   8559.0  71165.7   4.8   91.5   761.0
   47823  0.785906     6213   453.1   9551.3 104494.2   4.8  101.3  1108.0
   48215  0.789572     6180   452.9   7992.9  27084.4   4.8   85.3   289.1
   48609  0.793319     6316   452.5   9040.2 191946.6   4.7   94.1  1999.0
   49007  0.797050     6289   454.1   8920.4 148536.3   4.7   93.0  1548.2
   49408  0.800800     6323   459.4   7411.4  61397.7   4.8   78.1   647.2
   49813  0.804612     6425   460.4   8834.6  66355.0   4.8   91.5   687.5
   50221  0.808304     6223   467.1   9243.6 102717.2   4.8   95.9  1065.2
   50632  0.811974     6188   463.7   8612.4  74098.6   4.8   89.3   768.7
   51046  0.815664     6220   458.6   8757.2  97344.4   4.7   90.3  1004.2
   55381  0.818672     5071   505.6   9177.1 109985.4   4.7   85.4  1023.4
   60084  0.821599     4933   527.9   9020.0 148255.6   3.6   60.8  1000.0
   64132  0.824971     5685   561.4   8521.6  46806.7   3.7   55.6   305.2
   66528  0.827704     4607   604.9   8444.0 123882.6   4.4   61.6   904.3
   69014  0.830514     4736   638.4   9899.4 151947.3   4.0   62.3   956.5
   71156  0.833335     4756   654.6   8853.0 117726.9   4.3   58.8   781.3
   72473  0.836093     4650   652.7   8525.1  76323.6   4.1   53.2   476.2
   73814  0.838946     4808   680.2   9718.0 137640.3   4.2   59.5   843.3
   75180  0.841737     4706   658.0   8519.5  92598.4   3.9   51.1   554.9
   75795  0.844754     5086   693.3   8604.1  84980.5   3.7   45.9   452.9
   76416  0.847748     5046   686.2   9041.0 145917.9   4.0   52.7   850.3
   77041  0.850718     5007   704.1   9696.0  62146.7   3.8   52.5   336.3
   77672  0.853622     4896   717.7   8452.1  85205.4   3.8   44.4   447.9
   78307  0.856641     5088   712.5   9721.9 119426.5   3.7   50.1   616.0
   78948  0.859495     4812   723.3   8651.7 153923.5   3.6   43.0   765.8
   79595  0.862413     4918   707.4   8215.3 107784.6   3.6   41.7   547.2
   80246  0.865281     4835   731.6   8416.8 119847.5   3.8   43.2   614.7
   80903  0.868234     4978   713.6   9775.0 128584.3   3.6   48.9   643.1
   81565  0.871148     4912   720.8   9719.5  99818.0   3.5   47.8   491.4
   85305  0.874511     5670   757.6   7117.4  33532.2   4.4   41.4   195.2
   89216  0.877894     5703   786.2   8252.3  56563.0   4.6   48.1   329.4
   93306  0.881337     5804   840.7  10433.0 128266.8   4.5   56.4   693.4
   97584  0.884677     5630   883.6   8771.8  76932.9   4.6   45.4   398.5
  102058  0.888008     5615   905.1   9386.0  77482.3   4.5   47.0   387.6
  105871  0.890775     4664   927.8   9470.6 157926.9   4.0   40.8   680.1
  109826  0.893571     4713   972.6  10454.1 162169.6   4.6   49.4   766.2
  113929  0.896452     4857   986.8  10626.0 109373.0   3.7   40.1   413.2
  118669  0.899266     4744  1016.6   8940.5 116335.3   4.5   39.2   510.7
  123857  0.902013     4630  1114.2   9694.7  95044.6   3.6   31.6   310.0
  129272  0.904791     4683  1141.2   9306.8  68775.0   3.2   26.1   192.9
  135199  0.907548     4647  1199.9   9618.2 138582.3   3.4   26.9   387.1
  141975  0.910387     4786  1209.4  14667.3 164643.0   3.2   38.8   435.9
  149091  0.913253     4831  1257.4  11960.4 114188.0   3.3   31.1   296.7
  156563  0.916102     4804  1317.0  13601.9 154013.2   3.1   31.9   361.2
  164410  0.918873     4670  1405.9  13073.6 163609.4   3.4   31.5   393.8
  172651  0.921607     4609  1462.7  14007.3 130233.9   3.4   32.8   305.3
  181304  0.924292     4527  1507.2  13287.1 141580.7   3.6   31.5   335.7
  189618  0.927022     4601  1604.6  19009.7 121398.1   3.6   43.2   276.1
  197911  0.929835     4743  1651.4  13211.5  95038.9   3.6   29.1   209.4
  206566  0.932698     4825  1749.4  18163.6 131699.1   3.7   38.1   276.4
  215160  0.935505     4732  1759.2  15968.4 208932.5   3.8   34.5   450.8
  223195  0.938218     4573  1833.4  13534.0 138177.3   3.9   28.4   290.4
  231530  0.941006     4701  1860.4  18997.8 104583.0   4.0   41.2   226.7
  240177  0.943822     4746  1962.2  29134.0 160155.9   4.0   59.3   325.9
  253761  0.946613     4706  2118.5  35086.1 184786.7   4.1   67.7   356.6
  268113  0.949494     4856  2190.0  23242.7  93862.8   3.9   41.5   167.5
  283277  0.952353     4820  2304.3  34257.2 161477.2   4.0   60.0   282.9
  318166  0.955145     4706  2575.2  30961.6 105983.7   3.9   47.0   160.9
  368444  0.957858     4573  2971.6  39566.3 189161.0   4.0   53.5   255.9
  426666  0.960628     4669  3423.4  33673.5 126874.1   4.1   40.3   151.7
  514641  0.963673     5133  4084.7  46756.7 100389.7   4.0   45.9    98.5
  643946  0.966446     4676  5119.4  54283.7 138621.4   3.8   39.9   102.0
  792711  0.969355     4903  6395.6  60457.3 183865.4   3.9   36.4   110.9
  940700  0.971926     4334  7225.1  59632.3 163466.6   3.8   31.4    86.0
 1000000  1.000000    47325  7890.7  62415.9 164265.3   3.9   31.2    82.0
