# Digested data for homa_w4 experiment, run at 2026-04-21 05:53:05.974791
# Averaged across 1 repeated sample(s)
# length  cum_frac  samples     p50      p99     p999   s50    s99    s999
      60  0.002335      507    93.6    360.5    429.0   5.9   22.7    27.0
      92  0.007370     1093    91.8    339.6    436.9   6.0   22.3    28.7
     119  0.009774      522    90.4    292.3    423.0   6.0   19.2    27.8
     199  0.013924      901    93.8    349.9    715.1   6.3   23.4    47.9
     222  0.017295      732    91.0    381.2    890.0   6.1   25.5    59.5
     227  0.020027      593    95.2    351.7    644.8   6.4   23.7    43.5
     232  0.022767      595    93.1    340.7    529.4   6.4   23.3    36.1
     237  0.025416      575    90.8    350.9    560.7   6.2   24.0    38.4
     243  0.028138      591    88.5    320.6    541.0   6.0   21.8    36.9
     248  0.030791      576    94.0    304.6    505.1   6.5   21.0    34.9
     254  0.033527      594    95.1    364.8    609.4   6.5   25.0    41.8
     259  0.036051      548    85.2    368.3    528.9   5.9   25.5    36.6
     265  0.038695      574    96.3    396.5    799.0   6.7   27.5    55.4
     271  0.041205      545    96.2    354.5    929.5   6.7   24.6    64.6
     279  0.044406      695    95.5    421.3    623.5   6.6   29.3    43.3
     288  0.047547      682    96.2    319.4   1075.3   6.7   22.3    75.0
     297  0.051011      752    98.5    392.4    573.5   6.9   27.3    39.9
     303  0.060670     2097    94.3    384.3    616.5   6.6   26.7    42.8
     305  0.069458     1908    97.4    329.0    721.1   6.8   22.9    50.2
     308  0.077675     1784    93.8    329.2    744.9   6.6   23.0    52.0
     310  0.085989     1805    94.2    330.0    785.4   6.5   22.9    54.5
     313  0.094731     1898    92.5    336.7    701.1   6.4   23.2    48.3
     315  0.103372     1876    92.3    370.5    552.0   6.4   25.7    38.4
     318  0.112049     1884    93.2    316.4    581.8   6.5   22.0    40.5
     321  0.120566     1849    94.1    347.0    493.6   6.5   24.1    34.3
     323  0.129211     1877    93.7    353.1    834.1   6.5   24.6    58.0
     326  0.137364     1770    95.7    318.4    635.1   6.7   22.3    44.4
     331  0.143489     1330    92.2    328.6    495.9   6.4   22.8    34.5
     335  0.150164     1449    93.1    360.5    704.9   6.5   25.1    49.2
     340  0.156667     1412    96.1    348.3    541.3   6.7   24.3    37.8
     345  0.163290     1438    91.4    337.1    553.6   6.4   23.6    38.7
     350  0.170070     1472    93.8    300.6    403.7   6.5   21.0    28.2
     355  0.176795     1460    93.7    400.3    723.5   6.5   27.8    50.3
     360  0.183400     1434    93.7    364.7    594.3   6.5   25.4    41.4
     365  0.189627     1352    91.4    344.0    553.1   6.3   23.8    38.2
     371  0.196246     1437    92.6    364.1    834.4   6.5   25.5    58.4
     376  0.202828     1429    94.5    307.5    580.2   6.6   21.5    40.5
     385  0.207038      914    93.3    296.1    714.7   6.5   20.7    50.0
     395  0.211206      905    94.0    366.7   1206.5   6.6   25.6    84.3
     405  0.215596      953    97.7    320.7    543.0   6.8   22.4    37.9
     415  0.219741      900    95.9    377.4   1776.0   6.7   26.2   123.4
     425  0.224006      926    96.8    410.4    852.4   6.7   28.6    59.4
     430  0.228060      880    95.2    311.4    531.8   6.6   21.7    37.1
     435  0.232274      915    96.2    292.1    778.8   6.7   20.3    54.2
     441  0.236544      927    90.3    342.8    542.1   6.3   23.8    37.6
     446  0.240615      884    95.0    412.5   1086.1   6.6   28.6    75.3
     452  0.244867      923    93.5    320.9    750.3   6.4   22.1    51.7
     457  0.249012      900    95.1    340.2    725.3   6.6   23.5    50.1
     463  0.253153      899    92.7    291.8    691.9   6.4   20.1    47.7
     468  0.257492      942    94.6    316.8    545.9   6.5   21.9    37.7
     474  0.261853      947    96.8    375.9    901.4   6.7   26.1    62.6
     480  0.265874      873    94.2    304.2    595.0   6.5   21.0    41.1
     491  0.285247     4206    93.6    330.8    670.6   6.4   22.8    46.2
     502  0.304749     4234    94.5    340.4    518.9   6.5   23.5    35.9
     513  0.324191     4221    94.7    339.8    638.3   6.5   23.5    44.1
     525  0.343397     4170    94.5    336.8    481.3   6.5   23.2    33.1
     537  0.362452     4137    94.6    359.2    851.5   6.5   24.8    58.7
     549  0.382143     4275    93.9    333.6    569.2   6.5   23.0    39.3
     561  0.401368     4174    94.0    331.3    565.1   6.5   22.8    38.8
     574  0.420616     4179    95.5    350.6    702.1   6.5   24.0    48.1
     587  0.440058     4221    92.9    325.6    672.5   6.3   22.2    45.8
     600  0.458975     4107    92.1    364.8    668.3   6.3   24.9    45.6
     607  0.464626     1227    93.2    343.3    487.5   6.4   23.5    33.4
     615  0.470858     1353    92.3    354.6    516.9   6.3   24.3    35.4
     623  0.476404     1204    95.2    324.5    484.6   6.5   22.2    33.1
     630  0.482032     1222    95.6    316.4    436.4   6.5   21.6    29.7
     638  0.487684     1227    94.5    405.7    538.7   6.4   27.4    36.4
     646  0.493363     1233    92.3    300.9    491.2   6.3   20.5    33.5
     654  0.499171     1261    95.6    336.7    472.5   6.5   22.9    32.2
     662  0.504924     1249    93.0    295.6    544.8   6.3   20.1    37.0
     671  0.510829     1282    95.4    391.4    629.7   6.5   26.5    42.6
     679  0.516655     1265    95.7    324.5    592.8   6.5   22.0    40.1
     685  0.519981      722    96.4    365.2    742.8   6.5   24.8    50.4
     690  0.523412      745    98.4    355.9   1897.0   6.7   24.1   128.7
     696  0.526848      746    92.4    356.4    549.3   6.3   24.1    37.2
     702  0.530367      764    94.7    374.8    536.8   6.4   25.4    36.4
     707  0.534208      834    99.4    320.2    552.9   6.7   21.6    37.3
     713  0.537511      717    96.9    318.6    692.4   6.5   21.4    46.6
     719  0.541090      777    89.0    309.4    547.9   6.0   20.8    36.8
     725  0.544512      743    93.6    323.6    571.4   6.3   21.9    38.6
     731  0.548478      861    92.4    320.2    452.9   6.2   21.6    30.6
     737  0.552130      793    98.0    336.1    544.6   6.6   22.6    36.7
     749  0.556930     1042    92.8    313.0    498.0   6.2   20.9    33.3
     762  0.561752     1047    90.3    330.7    557.4   6.1   22.3    37.5
     774  0.566459     1022    91.8    351.7    593.0   6.2   23.6    39.8
     787  0.571167     1022    97.2    369.1    516.7   6.5   24.7    34.6
     800  0.576219     1097    89.9    357.1   1396.6   6.0   24.0    93.7
     816  0.579467      705    96.3    291.3    416.9   6.4   19.4    27.8
     833  0.582410      639    90.8    331.1    767.2   6.1   22.1    51.2
     850  0.585450      660    91.7    384.3    533.5   6.1   25.6    35.5
     867  0.588361      632    89.4    364.4    605.2   5.9   24.2    40.2
     885  0.591438      668    97.0    331.4    690.6   6.5   22.1    46.0
     914  0.594920      756    95.2    374.0    666.2   6.4   25.0    44.5
     945  0.598448      766    96.0    367.7    556.3   6.4   24.4    36.9
     976  0.602091      791   100.0    423.2    870.0   6.6   28.1    57.7
    1009  0.605813      808   100.2    304.4    550.6   6.6   20.1    36.4
    1042  0.609769      859    99.9    320.6   1397.6   6.6   21.1    91.8
    1085  0.613274      761    98.0    360.6    546.9   6.4   23.5    35.7
    1130  0.616775      760    91.7    324.7    854.2   5.9   21.0    55.3
    1177  0.620524      814    92.2    365.2    658.4   6.0   23.6    42.6
    1226  0.624195      797    95.1    332.8    857.4   6.1   21.5    55.3
    1277  0.627553      729    97.5    318.3    599.4   6.2   20.3    38.2
    1316  0.630708      685    94.0    320.4    537.8   6.0   20.4    34.2
    1357  0.633978      710    95.5    347.0    454.2   6.1   22.1    28.9
    1399  0.637488      762   100.5    372.4    661.2   6.3   23.5    41.7
    1436  0.640251      600   114.6    416.1    716.0   4.8   17.3    29.8
    1484  0.643047      607   109.6    293.0  10059.5   4.5   12.2   417.6
    1534  0.645871      613   109.0    414.6   1110.0   4.5   17.3    46.2
    1559  0.649846      863   109.4    356.7    621.3   4.6   14.9    25.9
    1585  0.654157      936   110.5    384.9   1262.7   4.6   16.1    52.7
    1611  0.658284      896   110.9    401.1    592.6   4.6   16.7    24.7
    1637  0.662466      908   112.8    447.7    677.1   4.7   18.7    28.2
    1664  0.666828      947   108.3    369.2    949.3   4.5   15.4    39.5
    1865  0.669969      682   113.1    433.0   1230.4   4.7   18.0    51.1
    2091  0.673147      690   110.0    364.8    728.9   4.6   15.3    30.5
    2412  0.676454      718   111.2    404.1    829.3   4.6   16.8    34.5
    2742  0.679305      619   116.3    392.1    710.2   4.9   16.4    29.6
    3118  0.682226      634   113.6    313.7    697.9   4.4   12.2    27.2
    3544  0.684800      559   110.0    428.4    489.5   4.3   16.6    19.0
    4030  0.687509      588   111.5    409.1    629.3   4.3   15.8    24.3
    4582  0.690097      562   124.3    438.0    743.6   4.5   16.0    27.1
    5210  0.693303      696   116.5    394.7    605.1   4.2   14.4    22.0
    5652  0.696149      618   115.5    416.2    631.2   4.2   15.1    23.0
    6132  0.699286      681   118.0    417.4    549.2   4.0   14.1    18.6
    6653  0.702202      633   122.8    383.8    568.1   4.1   12.9    19.2
    7217  0.705131      636   121.1    391.5    810.6   3.9   12.7    26.3
    7830  0.708028      629   129.1    518.7    773.6   4.2   16.8    25.0
   10373  0.710700      580   130.7    389.1    516.9   3.8   11.2    14.9
   13741  0.713261      556   126.8    482.5    636.1   3.3   12.7    16.7
   18203  0.715900      573   139.2    426.5    589.3   3.2    9.8    13.6
   24115  0.718479      560   164.2    617.6    936.7   3.0   11.3    17.1
   31946  0.721137      577   185.0    581.0   1135.5   2.9    9.0    17.6
   33343  0.724006      623   184.7    620.9    965.4   2.8    9.5    14.7
   34801  0.726996      649   188.1    583.6    793.0   2.8    8.7    11.8
   36322  0.729768      602   192.8    677.3   1058.2   2.3    8.2    12.7
   37450  0.732472      587   205.3    619.4    943.5   2.6    7.8    11.8
   38377  0.735447      646   210.2    631.2    950.7   2.6    7.7    11.5
   39327  0.738206      599   209.1    645.6    758.5   2.6    7.9     9.3
   40382  0.742117      849   209.8    608.7    763.9   2.5    7.3     9.2
   41214  0.745604      757   215.1    696.7    869.7   2.5    8.1    10.1
   42062  0.749344      812   210.1    627.9    933.5   2.5    7.4    11.0
   42928  0.753199      837   216.4    609.7    828.9   2.5    7.0     9.6
   43811  0.756741      769   215.5    740.1    990.2   2.5    8.4    11.3
   44531  0.760748      870   220.5    753.7    973.3   2.5    8.4    10.9
   45079  0.764714      861   222.0    737.4   1123.1   2.5    8.2    12.5
   45634  0.768670      859   218.0    653.9    978.7   2.0    6.0     9.0
   46195  0.772443      819   224.7    705.2   1360.2   2.4    7.7    14.8
   46763  0.776358      850   222.6    753.3   1258.2   2.4    8.1    13.6
   47435  0.781765     1174   227.3    709.7    897.3   2.4    7.6     9.6
   47823  0.785574      827   223.8    644.0    942.8   2.4    6.8    10.0
   48215  0.789171      781   223.9    657.4   1552.7   2.4    7.0    16.6
   48609  0.793238      883   233.9    689.6   1226.6   2.4    7.2    12.8
   49007  0.797061      830   232.0    719.8   1090.6   2.4    7.5    11.4
   49408  0.800603      769   232.7    697.4   1642.7   2.5    7.4    17.3
   49813  0.804122      764   231.7    749.3   1125.9   2.4    7.8    11.7
   50221  0.807853      810   234.3    677.3    975.2   2.4    7.0    10.1
   50632  0.811473      786   231.5    644.0   1014.3   2.4    6.7    10.5
   51046  0.815140      796   234.8    689.6    977.2   2.4    7.1    10.1
   55381  0.818124      648   251.6    814.3   1058.4   2.3    7.6     9.8
   60084  0.821174      662   257.8    753.7   1379.6   1.7    5.1     9.3
   64132  0.824494      721   268.2    802.1   1832.1   1.7    5.2    11.9
   66528  0.827433      638   275.3    736.5   1513.6   2.0    5.4    11.0
   69014  0.829999      557   279.4    793.7   1773.6   1.8    5.0    11.2
   71156  0.832877      625   285.6    900.0   1183.3   1.9    6.0     7.9
   72473  0.835530      576   285.5    880.4   1432.3   1.8    5.5     8.9
   73814  0.838363      615   285.7    738.8   1999.9   1.8    4.5    12.3
   75180  0.841191      614   429.9   1286.7   2226.5   2.6    7.7    13.3
   75795  0.844268      668   428.2   1304.7   2344.1   2.3    7.0    12.5
   76416  0.847013      596   440.3   1170.7   1538.6   2.6    6.8     9.0
   77041  0.849873      621   452.4   1176.0   2043.2   2.4    6.4    11.1
   77672  0.852904      658   441.2   1239.0   1663.5   2.3    6.5     8.7
   78307  0.856045      682   456.4   1286.2   2156.8   2.4    6.6    11.1
   78948  0.858993      640   438.4   1230.1   1799.8   2.2    6.1     9.0
   79595  0.861992      651   438.6   1306.1   1554.1   2.2    6.6     7.9
   80246  0.864857      622   439.3   1233.6   1573.2   2.3    6.3     8.1
   80903  0.868048      693   445.4   1294.6   1574.7   2.2    6.5     7.9
   81565  0.871139      671   443.8   1195.0   1492.3   2.2    5.9     7.3
   85305  0.874640      760   458.1   1230.9   1655.2   2.7    7.2     9.6
   89216  0.878182      769   478.0   1350.3   1639.7   2.8    7.9     9.5
   93306  0.881737      772   502.4   1382.6   1984.0   2.7    7.5    10.7
   97584  0.885215      755   519.8   1394.3   3769.0   2.7    7.2    19.5
  102058  0.888978      817   509.4   1516.6   3461.1   2.5    7.6    17.3
  105871  0.891806      614   519.6   1486.8   3382.5   2.2    6.4    14.6
  109826  0.894763      642   533.2   1386.9   2705.6   2.5    6.6    12.8
  113929  0.897425      578   545.4   1434.9   1639.7   2.1    5.4     6.2
  118669  0.900428      652   580.7   1551.3   1856.2   2.5    6.8     8.1
  123857  0.903035      566   582.6   1549.7   1870.9   1.9    5.1     6.1
  129272  0.905845      610   649.9   1749.6   2526.2   1.8    4.9     7.1
  135199  0.908825      647   640.5   1794.5   2304.9   1.8    5.0     6.4
  141975  0.911800      646   689.5   1735.7   2264.3   1.8    4.6     6.0
  149091  0.914555      598   763.9   2129.1   2473.3   2.0    5.5     6.4
  156563  0.917747      693   755.8   2169.1   3047.4   1.8    5.1     7.1
  164410  0.920473      592   832.9   2195.8   4087.8   2.0    5.3     9.8
  172651  0.923080      566   842.1   2148.5   3121.1   2.0    5.0     7.3
  181304  0.925982      630   891.4   2349.5   3198.1   2.1    5.6     7.6
  189618  0.928981      651   928.7   2533.9   5030.3   2.1    5.8    11.4
  197911  0.931707      592   954.5   2281.0   3373.8   2.1    5.0     7.4
  206566  0.934264      555  1032.0   2813.6   4040.3   2.2    5.9     8.5
  215160  0.936954      584  1049.2   2749.3   3391.1   2.3    5.9     7.3
  223195  0.939791      616  1137.2   2673.9   3234.8   2.4    5.6     6.8
  231530  0.942467      581  1114.7   2913.3   3247.6   2.4    6.3     7.0
  240177  0.945138      580  1175.2   3113.5   3759.6   2.4    6.3     7.6
  253761  0.947695      555  1251.8   3519.0   5104.8   2.4    6.8     9.9
  268113  0.950417      591  1340.0   3816.6   5515.8   2.4    6.8     9.8
  283277  0.953171      598  1472.8   3791.6   5093.8   2.6    6.6     8.9
  318166  0.955838      579  1643.6   4265.0   6816.9   2.5    6.5    10.4
  368444  0.958496      577  1829.1   4620.6   7369.7   2.5    6.3    10.0
  426666  0.961287      606  2332.1   5890.5   8970.2   2.8    7.0    10.7
  514641  0.963968      582  2705.9   7384.5   9020.8   2.7    7.2     8.8
  643946  0.966524      555  3625.1   9121.2  10273.7   2.7    6.7     7.6
  792711  0.969195      580  4905.6  13062.7  15826.5   3.0    7.9     9.5
  940700  0.971867      580  6641.7  17306.7  20633.8   3.5    9.1    10.9
 1000000  1.000000     6108  8550.6 902788.6 921580.9   4.3  450.8   460.2
