# Fraction of RTTS longer than a given time for homa_w4 experiment
# Includes messages <= 315 bytes; measured at 2026-04-21 05:53:05.974791
# Averaged across 1 repeated sample(s)
# Data collected at 2026-04-21 05:53:05.974791 
#       usec        frac
      19.330  0.99995544
      20.690  0.99991089
      21.020  0.99982177
      21.350  0.99973266
      21.630  0.99955443
      21.890  0.99937620
      22.120  0.99924253
      22.370  0.99897518
      22.680  0.99879695
      22.920  0.99870784
      23.400  0.99857417
      23.660  0.99839594
      23.930  0.99803948
      24.170  0.99754935
      24.440  0.99710377
      24.760  0.99652453
      25.010  0.99590073
      25.270  0.99532148
      25.540  0.99438578
      25.810  0.99394020
      26.070  0.99318273
      26.350  0.99255893
      26.630  0.99193512
      26.910  0.99068752
      27.190  0.98970726
      27.470  0.98877155
      27.750  0.98743483
      28.030  0.98614267
      28.320  0.98436038
      28.610  0.98266720
      28.900  0.98092947
      29.190  0.97905806
      29.490  0.97723121
      29.790  0.97522613
      30.100  0.97290915
      30.410  0.97054761
      30.720  0.96849797
      31.040  0.96618099
      31.360  0.96381945
      31.680  0.96105690
      32.000  0.95802700
      32.330  0.95508622
      32.670  0.95161075
      33.000  0.94884819
      33.340  0.94550639
      33.680  0.94269928
      34.020  0.93895647
      34.370  0.93588201
      34.720  0.93307490
      35.070  0.92982222
      35.430  0.92661409
      35.790  0.92358419
      36.150  0.92028695
      36.520  0.91654413
      36.890  0.91302411
      37.260  0.90994965
      37.640  0.90669697
      38.030  0.90331061
      38.420  0.89961235
      38.810  0.89618144
      39.200  0.89377534
      39.600  0.89021076
      40.000  0.88722542
      40.420  0.88406185
      40.830  0.88121018
      41.240  0.87871497
      41.660  0.87510582
      42.080  0.87207593
      42.510  0.86926881
      42.940  0.86561511
      43.370  0.86262977
      43.810  0.85879784
      44.250  0.85509959
      44.700  0.85166867
      45.150  0.84854966
      45.610  0.84525242
      46.070  0.84248986
      46.540  0.83870249
      47.020  0.83522702
      47.500  0.83117230
      47.990  0.82805329
      48.470  0.82511251
      48.960  0.82172615
      49.450  0.81793878
      49.950  0.81437419
      50.450  0.81085416
      50.960  0.80777971
      51.470  0.80497260
      52.000  0.80069509
      52.530  0.79726418
      53.070  0.79383327
      53.610  0.79026868
      54.160  0.78661498
      54.730  0.78229292
      55.280  0.77895112
      55.840  0.77462906
      56.400  0.77048523
      56.970  0.76669786
      57.540  0.76250947
      58.120  0.75818741
      58.710  0.75408813
      59.320  0.75088001
      59.920  0.74718175
      60.520  0.74308248
      61.130  0.73876042
      61.750  0.73466114
      62.370  0.72949249
      63.000  0.72387827
      63.630  0.71960077
      64.270  0.71514503
      64.920  0.71015461
      65.570  0.70605534
      66.230  0.70110948
      66.900  0.69714388
      67.570  0.69184155
      68.250  0.68667290
      68.940  0.68190527
      69.640  0.67597915
      70.340  0.67076594
      71.050  0.66541906
      71.770  0.66033953
      72.490  0.65503721
      73.220  0.65009134
      73.960  0.64447712
      74.700  0.63993227
      75.460  0.63427349
      76.220  0.62857016
      76.990  0.62304505
      77.760  0.61814374
      78.540  0.61248496
      79.330  0.60687074
      80.000  0.60076639
      80.800  0.59475115
      81.580  0.58878047
      82.400  0.58316624
      83.170  0.57732923
      83.750  0.57153678
      84.360  0.56578889
      85.110  0.56013011
      85.820  0.55451588
      86.680  0.54939179
      87.550  0.54395580
      88.300  0.53847525
      89.080  0.53308381
      89.880  0.52773693
      90.650  0.52243461
      91.400  0.51717685
      92.080  0.51196364
      92.660  0.50683955
      93.490  0.50176001
      94.220  0.49672504
      95.060  0.49173462
      95.800  0.48678875
      96.520  0.48188745
      97.330  0.47703070
      98.080  0.47221851
      98.740  0.46749543
      99.410  0.46281691
     100.060  0.45818295
     100.630  0.45359355
     101.260  0.44904870
     101.900  0.44454841
     102.590  0.44009268
     103.290  0.43568150
     104.000  0.43131489
     104.810  0.42699283
     105.460  0.42271532
     105.980  0.41848238
     106.650  0.41429399
     107.320  0.41015016
     108.040  0.40600633
     108.650  0.40190705
     109.180  0.39785234
     109.820  0.39384218
     110.400  0.38987658
     111.020  0.38595553
     111.750  0.38207904
     112.210  0.37824711
     112.670  0.37445974
     113.360  0.37067237
     113.990  0.36692955
     114.670  0.36323130
     115.360  0.35957760
     115.940  0.35596845
     116.480  0.35240387
     117.070  0.34883928
     117.710  0.34531925
     118.270  0.34184378
     118.950  0.33841287
     119.580  0.33502651
     120.170  0.33164016
     120.730  0.32829836
     121.400  0.32500111
     122.010  0.32174843
     122.590  0.31849574
     123.210  0.31528762
     123.880  0.31212405
     124.480  0.30896048
     125.010  0.30584147
     125.600  0.30276701
     126.140  0.29973711
     126.850  0.29670721
     127.390  0.29372187
     127.970  0.29078109
     128.480  0.28784031
     129.000  0.28494408
     129.440  0.28209241
     130.170  0.27924074
     130.870  0.27643363
     131.280  0.27362652
     131.850  0.27086397
     132.350  0.26814597
     133.000  0.26542797
     133.560  0.26275453
     134.200  0.26012565
     134.760  0.25749677
     135.230  0.25491244
     135.720  0.25232812
     136.180  0.24978835
     136.800  0.24724859
     137.330  0.24475338
     137.990  0.24230272
     138.580  0.23985207
     139.120  0.23744597
     139.580  0.23503988
     139.970  0.23267834
     140.350  0.23031680
     140.860  0.22799982
     141.420  0.22568284
     142.020  0.22341042
     142.580  0.22113799
     143.070  0.21891013
     143.600  0.21668226
     144.000  0.21449895
     144.480  0.21231564
     144.870  0.21017689
     145.370  0.20803814
     145.860  0.20594395
     146.370  0.20384975
     147.000  0.20180012
     147.640  0.19975048
     148.160  0.19774540
     148.590  0.19574032
     149.210  0.19377980
     149.710  0.19181928
     150.110  0.18985875
     150.570  0.18794279
     151.160  0.18602682
     151.690  0.18415542
     152.160  0.18228401
     152.840  0.18045716
     153.500  0.17863031
     153.950  0.17680346
     154.470  0.17502116
     155.210  0.17323887
     155.710  0.17150114
     156.180  0.16976340
     156.490  0.16802567
     156.970  0.16633249
     157.560  0.16463931
     158.050  0.16299069
     158.590  0.16134207
     159.010  0.15969345
     159.720  0.15808938
     160.180  0.15648532
     160.700  0.15488125
     161.160  0.15332175
     161.620  0.15176224
     162.250  0.15020274
     162.820  0.14868779
     163.280  0.14717284
     163.800  0.14565789
     164.220  0.14418750
     164.650  0.14271711
     165.000  0.14124671
     165.500  0.13982088
     165.930  0.13839505
     166.520  0.13696921
     167.030  0.13558793
     167.540  0.13420666
     167.980  0.13282538
     168.580  0.13148866
     169.100  0.13015194
     169.470  0.12881522
     170.180  0.12752306
     170.680  0.12623090
     171.300  0.12493873
     171.930  0.12364657
     172.260  0.12239897
     172.750  0.12115136
     173.150  0.11990376
     173.560  0.11870071
     173.880  0.11749766
     174.320  0.11629461
     174.750  0.11509157
     175.140  0.11393307
     175.820  0.11277458
     176.360  0.11161609
     176.970  0.11045760
     177.580  0.10934367
     178.340  0.10822974
     178.820  0.10711580
     179.280  0.10600187
     179.730  0.10493250
     180.300  0.10386312
     180.850  0.10279374
     181.460  0.10172437
     182.060  0.10069955
     182.480  0.09967473
     183.020  0.09864991
     183.530  0.09762509
     184.020  0.09664483
     184.400  0.09566457
     184.730  0.09468431
     185.240  0.09370405
     185.800  0.09272379
     186.360  0.09178809
     186.950  0.09085238
     187.450  0.08991668
     188.140  0.08898097
     188.620  0.08808983
     189.070  0.08719868
     189.830  0.08630753
     190.670  0.08541639
     191.220  0.08452524
     191.790  0.08367865
     192.440  0.08283206
     193.120  0.08198547
     193.900  0.08113889
     194.410  0.08029230
     195.220  0.07944571
     195.750  0.07864368
     196.280  0.07784164
     196.710  0.07703961
     197.390  0.07623758
     198.350  0.07543555
     199.130  0.07467807
     199.570  0.07392060
     200.150  0.07316312
     200.560  0.07240565
     200.940  0.07164818
     201.330  0.07089070
     201.930  0.07017778
     202.380  0.06946487
     203.100  0.06875195
     203.880  0.06803903
     204.260  0.06732612
     204.630  0.06661320
     205.400  0.06594484
     206.090  0.06527648
     206.610  0.06460812
     207.430  0.06393976
     208.170  0.06327140
     208.650  0.06260304
     208.920  0.06193468
     209.500  0.06131088
     209.930  0.06068707
     210.800  0.06006327
     211.440  0.05943947
     211.940  0.05881567
     212.220  0.05819186
     212.500  0.05756806
     212.950  0.05698882
     213.720  0.05640957
     214.510  0.05583033
     215.530  0.05525108
     216.060  0.05467184
     216.510  0.05409259
     217.170  0.05351334
     217.740  0.05293410
     218.460  0.05239941
     219.350  0.05186472
     220.230  0.05133004
     220.560  0.05079535
     220.950  0.05026066
     221.720  0.04972597
     222.320  0.04919128
     223.060  0.04865660
     223.910  0.04816647
     224.300  0.04767634
     224.730  0.04718621
     225.400  0.04669607
     226.490  0.04620594
     227.900  0.04571581
     228.620  0.04522568
     229.370  0.04473555
     229.870  0.04424542
     230.620  0.04379985
     231.290  0.04335428
     231.670  0.04290870
     232.360  0.04246313
     232.710  0.04201756
     233.090  0.04157198
     233.910  0.04112641
     234.990  0.04068084
     235.400  0.04023526
     236.190  0.03978969
     236.480  0.03938867
     237.010  0.03898766
     237.330  0.03858664
     237.930  0.03818563
     238.910  0.03778461
     239.630  0.03738359
     240.140  0.03698258
     240.470  0.03658156
     240.660  0.03618055
     241.260  0.03577953
     242.090  0.03537851
     242.880  0.03502206
     243.490  0.03466560
     244.160  0.03430914
     244.870  0.03395268
     245.440  0.03359622
     246.170  0.03323976
     247.550  0.03288330
     247.880  0.03252685
     248.940  0.03217039
     249.680  0.03181393
     250.720  0.03145747
     251.760  0.03110101
     252.100  0.03078911
     252.640  0.03047721
     253.380  0.03016531
     254.110  0.02985341
     255.180  0.02954151
     256.390  0.02922960
     256.940  0.02891770
     257.950  0.02860580
     258.820  0.02829390
     259.900  0.02798200
     260.650  0.02767010
     261.030  0.02735820
     261.450  0.02704630
     262.570  0.02673439
     263.570  0.02646705
     264.390  0.02619971
     264.930  0.02593236
     265.870  0.02566502
     266.320  0.02539767
     267.200  0.02513033
     267.970  0.02486299
     268.930  0.02459564
     269.760  0.02432830
     271.060  0.02406095
     271.840  0.02379361
     272.570  0.02352627
     272.850  0.02325892
     273.690  0.02299158
     274.400  0.02272423
     275.420  0.02245689
     276.780  0.02218955
     277.960  0.02196676
     279.430  0.02174397
     280.390  0.02152119
     280.790  0.02129840
     280.940  0.02107561
     281.550  0.02085283
     282.030  0.02063004
     282.830  0.02040725
     283.830  0.02018447
     284.620  0.01996168
     285.300  0.01973889
     285.820  0.01951611
     287.700  0.01929332
     288.760  0.01907053
     290.540  0.01884775
     290.870  0.01862496
     292.020  0.01840217
     292.430  0.01817939
     293.490  0.01795660
     293.970  0.01773381
     294.570  0.01755559
     295.530  0.01737736
     295.860  0.01719913
     296.400  0.01702090
     297.810  0.01684267
     298.250  0.01666444
     299.120  0.01648621
     300.510  0.01630798
     300.990  0.01612975
     302.470  0.01595152
     304.340  0.01577329
     304.910  0.01559506
     306.440  0.01541683
     308.470  0.01523860
     308.880  0.01506038
     309.490  0.01488215
     310.590  0.01470392
     312.100  0.01452569
     312.400  0.01434746
     313.410  0.01416923
     313.900  0.01399100
     315.630  0.01381277
     316.440  0.01363454
     317.010  0.01345631
     318.100  0.01327808
     318.880  0.01314441
     319.170  0.01301074
     319.900  0.01287707
     320.550  0.01274339
     323.050  0.01260972
     324.190  0.01247605
     324.580  0.01234238
     325.700  0.01220871
     326.230  0.01207503
     327.330  0.01194136
     328.290  0.01180769
     328.660  0.01167402
     328.960  0.01154035
     330.150  0.01140667
     332.390  0.01127300
     333.900  0.01113933
     334.970  0.01100566
     336.510  0.01087199
     338.110  0.01073831
     340.670  0.01060464
     342.640  0.01047097
     344.250  0.01033730
     344.860  0.01020363
     345.360  0.01006995
     349.610  0.00998084
     349.940  0.00984717
     351.950  0.00971350
     352.540  0.00957982
     354.460  0.00944615
     356.570  0.00931248
     357.200  0.00917881
     359.100  0.00904514
     360.130  0.00891146
     362.160  0.00877779
     364.740  0.00868868
     364.960  0.00859956
     365.050  0.00851045
     365.300  0.00842133
     365.550  0.00833222
     366.920  0.00824310
     369.530  0.00815399
     370.880  0.00806488
     372.380  0.00797576
     373.040  0.00788665
     376.290  0.00779753
     377.170  0.00770842
     378.250  0.00761930
     378.860  0.00753019
     380.780  0.00744107
     381.020  0.00735196
     381.900  0.00726284
     384.260  0.00717373
     385.750  0.00708461
     386.320  0.00699550
     386.780  0.00690639
     388.390  0.00681727
     388.570  0.00672816
     391.320  0.00663904
     391.540  0.00654993
     391.710  0.00646081
     395.180  0.00637170
     396.530  0.00628258
     396.650  0.00619347
     397.470  0.00610435
     398.950  0.00601524
     400.610  0.00592612
     400.890  0.00583701
     401.030  0.00574789
     403.690  0.00565878
     404.550  0.00556967
     404.760  0.00548055
     408.760  0.00539144
     410.320  0.00530232
     412.180  0.00521321
     414.480  0.00512409
     416.400  0.00503498
     416.920  0.00494586
     421.310  0.00485675
     424.250  0.00476763
     424.620  0.00467852
     426.300  0.00458940
     428.900  0.00450029
     428.970  0.00441117
     429.270  0.00436662
     431.980  0.00432206
     433.780  0.00427750
     434.770  0.00423295
     436.850  0.00418839
     438.080  0.00414383
     438.340  0.00409927
     440.740  0.00405472
     440.820  0.00401016
     441.140  0.00396560
     441.890  0.00392104
     444.000  0.00387649
     444.040  0.00383193
     448.610  0.00378737
     451.900  0.00374282
     453.790  0.00369826
     454.570  0.00365370
     455.450  0.00360914
     456.400  0.00356459
     456.710  0.00352003
     460.300  0.00347547
     460.640  0.00343091
     460.660  0.00338636
     462.930  0.00334180
     464.100  0.00329724
     464.950  0.00325268
     465.610  0.00320813
     466.300  0.00316357
     467.260  0.00311901
     468.950  0.00307446
     468.980  0.00302990
     472.730  0.00298534
     472.820  0.00294078
     473.290  0.00289623
     475.520  0.00285167
     477.210  0.00280711
     478.570  0.00276255
     479.970  0.00271800
     481.010  0.00267344
     484.980  0.00262888
     485.110  0.00258432
     485.630  0.00253977
     485.690  0.00249521
     485.700  0.00245065
     489.350  0.00240610
     490.840  0.00236154
     491.120  0.00231698
     496.890  0.00227242
     500.680  0.00222787
     500.800  0.00218331
     502.060  0.00213875
     505.150  0.00209419
     505.870  0.00204964
     511.790  0.00200508
     512.880  0.00196052
     515.020  0.00191596
     518.460  0.00187141
     520.570  0.00182685
     528.940  0.00178229
     529.440  0.00173774
     531.900  0.00169318
     532.500  0.00164862
     537.700  0.00160406
     538.580  0.00155951
     541.030  0.00151495
     549.170  0.00147039
     551.880  0.00142583
     552.030  0.00138128
     560.700  0.00133672
     569.150  0.00129216
     573.490  0.00124761
     575.200  0.00120305
     593.510  0.00115849
     598.250  0.00111393
     602.570  0.00106938
     609.350  0.00102482
     616.500  0.00098026
     616.910  0.00093570
     623.490  0.00089115
     629.780  0.00084659
     634.740  0.00080203
     644.130  0.00075747
     644.830  0.00071292
     647.740  0.00066836
     658.180  0.00062380
     700.660  0.00057925
     701.090  0.00053469
     715.140  0.00049013
     721.090  0.00044557
     744.880  0.00040102
     785.410  0.00035646
     791.610  0.00031190
     799.000  0.00026734
     799.710  0.00022279
     889.990  0.00017823
     929.540  0.00013367
    1075.320  0.00008911
    1292.900  0.00004456
    3936.320  0.00000000
