# Digested data for dctcp_w4 experiment, run at 2026-04-21 03:59:05.049299
# Averaged across 1 repeated sample(s)
# length  cum_frac  samples     p50      p99     p999   s50    s99    s999
      72  0.004598      531 28341.8 103704.4 141810.5 1789.6 6605.4  8770.0
     119  0.009993      623 27662.0 105746.5 1048686.4 1781.2 6893.5 67526.5
     199  0.014332      501 28302.2  94682.6 146726.1 1884.3 6303.8  9768.7
     227  0.020290      688 29123.2 116021.8 1037666.4 1960.3 7839.3 70112.6
     237  0.025278      576 28479.9 109924.1 139470.2 1945.6 7477.8  9539.7
     248  0.030439      596 30595.9 122298.7 1055896.4 2117.4 8463.6 72720.1
     259  0.035704      608 29126.8 109762.8 1042850.8 2026.3 7622.4 72420.2
     271  0.041142      628 29407.4 116354.0 1023122.1 2053.6 8125.3 71447.1
     288  0.047645      751 29145.6 108163.5 1034783.4 2033.9 7548.0 72211.0
     303  0.060981     1540 28327.6 113462.7 1026170.2 1972.7 7917.8 71460.3
     305  0.069476      981 29605.4 123464.6 1098530.2 2066.0 8615.8 76659.5
     308  0.078482     1040 29617.3 112088.3 143579.0 2061.1 7800.2  9991.6
     310  0.086874      969 29995.2 116778.0 1058717.0 2094.6 8154.9 73932.8
     313  0.095429      988 28753.9 113635.7 1069138.5 2001.0 7907.8 74400.7
     315  0.104037      994 28542.1 104360.5 1078008.4 1994.6 7292.8 75332.5
     318  0.112117      933 28696.2 103034.9 1067139.7 1998.3 7175.1 74313.4
     321  0.120889     1013 29567.5 111782.4 133117.4 2061.9 7795.1  9282.9
     323  0.129644     1011 29705.1 107918.4 138720.5 2075.8 7541.5  9694.0
     326  0.138251      994 30108.3 113361.3 1035242.2 2096.7 7894.2 72092.1
     331  0.144625      736 29937.3 100562.0 1080032.6 2084.8 7002.9 75211.2
     335  0.151241      764 27655.4 129820.8 1040462.2 1928.5 9053.1 72556.6
     340  0.157450      717 26185.0 101457.2 1081984.6 1826.0 7075.1 75452.2
     345  0.163806      734 30239.9 109220.7 1071025.8 2108.8 7616.5 74688.0
     350  0.170405      762 29338.5 112526.9 1021422.5 2040.2 7825.2 71030.8
     355  0.176951      756 30406.7 104058.4 1069801.4 2116.0 7241.4 74446.9
     360  0.183438      749 29864.1 105462.0 118418.7 2075.3 7328.8  8229.2
     365  0.190253      787 29677.0 122488.8 1051944.5 2048.1 8453.3 72598.0
     371  0.196895      767 29110.9 125333.6 1123682.8 2018.8 8691.7 77925.3
     376  0.203199      728 29252.1 117782.6 1041775.7 2028.6 8168.0 72245.2
     395  0.211833      997 27891.3 114411.8 148189.1 1937.6 7950.8 10298.1
     415  0.220250      972 28486.9  99394.9 145561.6 1978.0 6902.4 10080.4
     430  0.228225      921 27591.7 119872.8 1072532.1 1917.4 8301.4 74533.2
     441  0.236132      913 29374.7 110400.7 1023159.0 2041.3 7672.0 70954.2
     452  0.244722      992 29555.7 108765.1 1072336.4 2049.6 7547.0 74623.3
     457  0.249095      505 27671.7  96358.1 1039668.5 1903.1 6627.1 71504.0
     463  0.253546      514 29133.1  97628.9 138682.5 2016.1 6756.3  9597.4
     474  0.261704      942 29668.7  98445.1 1032383.8 2057.5 6827.0 71593.9
     491  0.286176     2826 29221.5 115993.3 1068560.0 2019.0 8010.6 73795.6
     502  0.305417     2222 29107.1 110189.0 1020622.7 2004.6 7588.8 70290.8
     513  0.324789     2237 29663.8 111210.7 1021907.1 2045.8 7669.7 70476.3
     525  0.344247     2247 28402.2 113743.1 1037020.6 1956.1 7833.5 71420.1
     537  0.364407     2328 29209.0 114624.9 1031269.7 2011.6 7894.3 71024.1
     549  0.384194     2285 30024.3 110855.0 152457.7 2066.4 7629.4 10492.6
     561  0.402934     2164 28730.4 109541.5 1057854.8 1978.7 7544.2 72855.0
     574  0.422115     2215 29239.3 110521.9 1055312.0 1991.8 7528.7 71887.7
     587  0.441963     2292 29772.3 111692.7 1032776.6 2040.6 7655.4 70786.6
     600  0.461820     2293 30176.2 111325.1 1024234.6 2064.0 7614.6 70057.1
     607  0.467734      683 30439.2 112021.9 1114682.9 2087.7 7683.3 76452.9
     615  0.473675      686 28245.5 110184.8 1032929.5 1932.0 7536.6 70651.8
     623  0.479312      651 28031.0  96774.8 1030221.2 1914.7 6610.3 70370.3
     630  0.484967      653 29295.8 124029.2 1066418.9 2001.1 8471.9 72842.8
     638  0.490223      607 29008.0 104118.6 1064235.8 1981.4 7111.9 72693.7
     646  0.495895      655 30875.8 124363.5 1042139.1 2106.1 8483.2 71087.3
     654  0.501593      658 28849.8 112110.4 131965.9 1967.9 7647.4  9001.8
     662  0.507231      651 28911.7 106263.5 1051281.9 1962.8 7214.1 71370.1
     671  0.513197      689 29189.0 113580.6 1038491.6 1981.6 7710.8 70501.8
     679  0.518982      668 29730.2 111854.9 137227.0 2015.6 7583.4  9303.5
     690  0.526083      820 31078.8 124032.8 1075896.7 2107.0 8397.6 72843.4
     702  0.533063      806 29761.1 112180.8 1039391.8 2013.8 7549.2 70467.2
     713  0.540207      825 28635.0 109498.9 1072163.4 1936.1 7388.6 72345.7
     725  0.547290      818 30177.0 110637.1 1103209.5 2037.1 7450.7 73547.3
     737  0.554209      799 30057.2 111397.4 141095.3 2029.6 7526.9  9514.2
     749  0.559102      565 29845.5 113624.0 136061.7 2009.8 7651.4  9162.4
     762  0.563978      563 27784.9 114378.5 146918.8 1869.8 7697.1  9886.9
     774  0.569009      581 29392.1 107060.2 129801.1 1976.6 7199.7  8729.1
     787  0.573720      544 28985.8 103989.7 127521.2 1946.7 6983.9  8564.2
     800  0.578838      591 30879.7 112100.9 1031669.8 2054.5 7458.5 68640.7
     833  0.585038      716 30229.1 115404.7 1036558.1 2020.7 7714.2 69288.6
     867  0.590996      688 28891.4 114107.1 1033153.4 1933.0 7622.4 69292.6
     914  0.597387      738 29890.1  98692.9 1038207.5 1992.7 6575.1 69213.8
     976  0.604739      849 30147.7 112698.7 138550.2 2001.8 7483.3  9175.5
    1042  0.612281      871 30127.2 109384.6 138004.2 1979.4 7186.9  9067.3
    1130  0.619625      848 29927.6 113066.0 148530.7 1948.7 7356.5  9739.7
    1226  0.627029      855 28617.3 113053.7 169274.6 1847.5 7298.5 10928.0
    1316  0.633402      736 28814.0 108271.1 1039635.7 1854.3 6971.7 66515.4
    1399  0.640009      763 30527.3 128090.1 1050053.1 1933.3 8112.1 66501.1
    1484  0.645647      651 30618.2 107625.6 1071274.2 1297.4 4562.3 45412.2
    1559  0.652834      830 28676.3 107412.2 1038104.8 1204.9 4524.5 43508.2
    1611  0.660342      867 28313.7 103051.2 152698.4 1199.2 4364.7  6464.8
    1637  0.664672      500 29763.3 112583.2 129603.7 1260.6 4768.5  5489.4
    1865  0.671487      787 29715.0 120805.9 151290.3 1258.2 5116.7  6407.9
    2412  0.677809      730 29833.7 100888.3 1096404.4 1257.7 4253.3 46379.2
    3118  0.683169      619 30547.3 114583.1 1089264.6 1223.6 4705.9 45729.0
    4030  0.688521      618 29942.5 119207.9 1057328.4 1165.2 4645.7 40855.0
    5210  0.693890      620 30010.8 119799.6 1049085.7 1102.1 4383.4 38385.9
    6132  0.699908      695 28994.9 111832.9 149651.7 1048.1 3871.9  5158.6
    7217  0.705849      686 29949.4 109875.3 1069776.2 627.7 3744.3 36724.2
   10373  0.711651      670 29113.9 110577.6 136418.8 449.0 2913.4  3729.8
   18203  0.716457      555 32797.2 118292.7 148504.2 806.5 3129.4  3692.3
   31946  0.721644      599 32189.5 115477.0 146923.1 533.1 1986.1  2660.7
   34801  0.726978      616 31165.3 119944.2 1074740.7 462.6 1814.0 16254.4
   37450  0.732581      647 30552.0 113339.2 1021421.6 402.1 1449.6 13834.8
   39327  0.738366      668 33786.1 123649.1 177660.7 410.5 1501.9  2157.9
   41214  0.745752      853 32001.0 124592.6 1096614.2 378.8 1458.7 13147.3
   42928  0.753122      851 31688.7 126251.3 1075448.8 366.9 1477.1 12310.5
   44531  0.760491      851 34670.6 119107.9 202224.4 384.5 1320.9  2242.7
   45634  0.768519      927 34755.6 136625.5 1034050.0 380.9 1495.3 11333.3
   46763  0.776711      946 33312.8 131052.9 1046005.2 361.7 1422.0 11411.8
   47435  0.782417      659 34762.9 207520.8 1068927.5 375.3 2240.6 11541.0
   48215  0.789683      839 33409.9 136529.5 1068297.6 359.4 1468.5 11490.8
   49007  0.797234      872 32501.0 134838.5 1175532.6 340.0 1410.6 12363.6
   49813  0.804872      882 33718.4 128529.6 1066886.3 279.4 1224.0  7112.1
   50632  0.812285      856 34917.2 130791.3 217079.5 313.0 1083.9  1897.5
   55381  0.819204      799 33979.5 117347.4 162698.0 281.3 1161.7  1430.5
   64132  0.825465      723 34419.3 135104.1 1099823.0 219.7  879.9  6882.5
   69014  0.830929      631 34582.8 168565.1 1082478.9 228.7 1084.0  7332.4
   72473  0.836653      661 32533.3 124532.1 188623.0 198.1  766.5  1161.0
   75180  0.842230      644 34531.3 112640.6 157404.0 209.4  693.6   928.4
   76416  0.848335      705 35617.0 132958.4 1065101.1 230.1  857.1  6866.3
   77672  0.854431      704 37453.9 142850.9 1044220.8 223.8  843.7  6167.1
   78948  0.860640      717 36354.5 141550.6 1063851.1 176.0  745.3  5601.6
   80246  0.866797      711 36887.6 146951.9 204299.3 141.5  587.2   744.4
   81565  0.872842      698 53321.7 160933.4 1140156.6 199.2  596.1  4104.5
   89216  0.879189      733 56689.6 172080.4 1107999.6 243.8  755.7  4714.2
   97584  0.885874      772 59620.1 186864.5 1054295.2 241.7  864.3  3760.6
  105871  0.891910      697 61687.5 223479.2 1116121.6 209.6  718.4  3537.7
  113929  0.897426      637 59835.1 176955.6 204033.0 198.2  626.8   704.9
  123857  0.903003      644 58795.3 206177.7 314476.4 222.1  724.5  1170.1
  135199  0.908606      647 60918.6 191729.1 1085617.6 165.0  563.9  3192.7
  149091  0.913906      612 61058.7 254554.0 1169701.7 148.8  610.6  2862.2
  164410  0.919084      598 63801.3 192530.7 328046.7 133.5  400.1   681.7
  181304  0.924877      669 67487.0 262452.8 1074391.1 138.7  539.2  2207.4
  197911  0.930437      642 75027.8 231295.0 1139071.8 142.0  432.2  2208.4
  215160  0.936360      684 72967.5 308321.0 1246881.0 130.3  559.5  2262.8
  231530  0.942024      654 77637.2 271243.2 1184947.7 130.1  451.9  2016.6
  253761  0.947306      610 77997.9 289080.5 1228069.6 124.2  462.9  1956.0
  283277  0.952917      648 82468.8 327634.3 1158042.9 122.5  481.8  1713.9
  368444  0.958321      624 89934.1 377267.8 1186091.9 116.8  472.5  1574.6
  514641  0.964054      662 103537.6 354407.0 1219424.6 108.8  375.0  1317.8
  792711  0.969631      644 136189.5 464313.7 1268898.1  86.7  326.5   892.3
 1000000  1.000000     3507 160842.9 1162099.2 1479175.0  78.3  564.8   718.9
