# Fraction of RTTS longer than a given time for homa_w4 experiment
# Includes messages <= 315 bytes; measured at 2026-04-21 03:59:05.049299
# Averaged across 1 repeated sample(s)
# Data collected at 2026-04-21 03:59:05.049299 
#       usec        frac
      21.040  0.99995554
      21.350  0.99986661
      21.650  0.99977768
      21.940  0.99973321
      22.530  0.99968875
      23.030  0.99964429
      23.290  0.99946643
      24.030  0.99942197
      24.520  0.99928857
      24.770  0.99919964
      25.030  0.99897732
      25.450  0.99875500
      25.780  0.99826590
      26.050  0.99768786
      26.390  0.99724322
      26.660  0.99666518
      27.020  0.99613161
      27.310  0.99555358
      27.600  0.99497554
      27.890  0.99453090
      28.170  0.99408626
      28.510  0.99315251
      28.840  0.99208537
      29.140  0.99106269
      29.440  0.98981770
      29.740  0.98866163
      30.050  0.98781681
      30.360  0.98670520
      30.670  0.98554913
      30.990  0.98430414
      31.300  0.98292574
      31.620  0.98141396
      31.940  0.98012450
      32.270  0.97879057
      32.600  0.97785683
      33.000  0.97612272
      33.340  0.97425522
      33.680  0.97261005
      34.030  0.97136505
      34.380  0.96963095
      34.740  0.96731881
      35.090  0.96611827
      35.470  0.96456203
      35.830  0.96273900
      36.200  0.96051578
      36.570  0.95855936
      36.950  0.95673633
      37.320  0.95464651
      37.710  0.95309026
      38.090  0.95140062
      38.490  0.94962205
      38.900  0.94735438
      39.290  0.94562028
      39.690  0.94339707
      40.090  0.94166296
      40.500  0.93992886
      40.930  0.93810582
      41.340  0.93592708
      41.770  0.93441530
      42.200  0.93254780
      42.630  0.93081369
      43.060  0.92867941
      43.520  0.92676745
      43.960  0.92481103
      44.430  0.92298799
      44.880  0.92112050
      45.340  0.91925300
      45.800  0.91765229
      46.290  0.91547354
      46.770  0.91360605
      47.260  0.91164962
      47.740  0.90929302
      48.220  0.90693642
      48.710  0.90493553
      49.200  0.90275678
      49.710  0.89968875
      50.210  0.89737661
      50.730  0.89457537
      51.260  0.89244108
      51.780  0.88959538
      52.300  0.88723877
      52.830  0.88523788
      53.370  0.88328146
      53.910  0.88145843
      54.450  0.87896843
      55.000  0.87665629
      55.560  0.87412183
      56.130  0.87132059
      56.700  0.86909738
      57.290  0.86629613
      57.890  0.86398399
      58.470  0.86104936
      59.070  0.85798133
      59.670  0.85558026
      60.280  0.85237884
      60.890  0.84953313
      61.500  0.84637617
      62.130  0.84348599
      62.780  0.84024011
      63.410  0.83699422
      64.050  0.83374833
      64.700  0.82992441
      65.350  0.82694531
      66.010  0.82285460
      66.680  0.82027568
      67.360  0.81676301
      68.040  0.81293908
      68.750  0.80969320
      69.440  0.80609160
      70.140  0.80204535
      70.850  0.79808804
      71.560  0.79435305
      72.280  0.79097377
      73.010  0.78777234
      73.750  0.78372610
      74.500  0.77954647
      75.250  0.77590040
      76.020  0.77096487
      76.790  0.76682970
      77.560  0.76176078
      78.340  0.75740329
      79.130  0.75251223
      79.940  0.74811027
      80.750  0.74286349
      81.570  0.73823922
      82.390  0.73428190
      83.220  0.72965763
      84.070  0.72365496
      84.920  0.71765229
      85.770  0.71173855
      86.630  0.70658070
      87.510  0.70164518
      88.390  0.69573144
      89.280  0.69106269
      90.180  0.68559360
      91.090  0.68074700
      92.010  0.67510004
      92.920  0.66834149
      93.880  0.66167185
      94.830  0.65664740
      95.780  0.65095598
      96.710  0.64441974
      97.650  0.63797243
      98.630  0.63183637
      99.620  0.62618942
     100.620  0.61991996
     101.620  0.61369498
     102.630  0.60751445
     103.630  0.60142285
     104.450  0.59537572
     105.420  0.58941752
     106.410  0.58350378
     107.420  0.57763450
     108.200  0.57185416
     109.170  0.56611827
     110.100  0.56042686
     111.080  0.55477990
     112.060  0.54922188
     112.910  0.54370831
     113.860  0.53823922
     114.730  0.53281458
     115.490  0.52747888
     116.250  0.52218764
     117.150  0.51694086
     117.890  0.51173855
     118.890  0.50658070
     119.790  0.50151178
     120.460  0.49648733
     121.390  0.49150734
     122.180  0.48657181
     123.120  0.48168075
     123.920  0.47683415
     124.670  0.47203201
     125.420  0.46727434
     126.250  0.46256114
     127.050  0.45789240
     127.880  0.45331258
     128.430  0.44877723
     129.150  0.44428635
     130.090  0.43983993
     130.920  0.43543797
     131.780  0.43108048
     132.550  0.42676745
     133.390  0.42249889
     134.150  0.41823032
     134.890  0.41400622
     135.610  0.40982659
     136.330  0.40569142
     137.110  0.40160071
     137.830  0.39755447
     138.730  0.39355269
     139.300  0.38959538
     140.040  0.38568253
     140.580  0.38181414
     141.290  0.37799022
     142.120  0.37416630
     142.620  0.37038684
     143.210  0.36665185
     144.010  0.36296132
     144.530  0.35931525
     145.260  0.35571365
     146.100  0.35211205
     146.730  0.34855491
     147.500  0.34504224
     148.200  0.34157403
     148.900  0.33815029
     149.540  0.33472655
     150.200  0.33134727
     150.920  0.32801245
     151.610  0.32472210
     152.350  0.32143175
     152.910  0.31818586
     153.500  0.31498444
     154.260  0.31182748
     155.030  0.30867052
     155.820  0.30555803
     156.350  0.30249000
     156.940  0.29942197
     157.650  0.29639840
     158.290  0.29341930
     159.030  0.29048466
     159.690  0.28755002
     160.310  0.28465985
     160.790  0.28176968
     161.460  0.27892397
     162.180  0.27612272
     162.960  0.27332148
     163.450  0.27056470
     164.070  0.26785238
     164.590  0.26514006
     165.250  0.26247221
     165.880  0.25980436
     166.590  0.25718097
     167.210  0.25460205
     167.740  0.25202312
     168.350  0.24948866
     168.970  0.24695420
     169.540  0.24446421
     170.070  0.24201867
     170.890  0.23957314
     171.650  0.23717208
     172.060  0.23477101
     172.620  0.23241441
     173.230  0.23005780
     173.780  0.22774566
     174.400  0.22543353
     174.990  0.22316585
     175.800  0.22089818
     176.460  0.21867497
     177.030  0.21645176
     177.660  0.21427301
     178.360  0.21209426
     179.060  0.20995998
     179.740  0.20782570
     180.280  0.20573588
     180.720  0.20364606
     181.280  0.20160071
     181.740  0.19955536
     182.420  0.19755447
     183.060  0.19555358
     183.630  0.19359715
     184.060  0.19164073
     184.670  0.18968430
     185.270  0.18777234
     185.910  0.18586038
     186.680  0.18399289
     187.350  0.18212539
     187.810  0.18030236
     188.330  0.17847932
     188.820  0.17665629
     189.450  0.17487772
     190.180  0.17309916
     190.810  0.17136505
     191.430  0.16963095
     191.910  0.16789684
     192.490  0.16620720
     192.960  0.16451756
     193.640  0.16282792
     194.370  0.16118275
     195.220  0.15953757
     195.750  0.15793686
     196.330  0.15633615
     196.710  0.15473544
     197.090  0.15317919
     197.830  0.15162294
     198.440  0.15006670
     199.190  0.14855491
     199.740  0.14704313
     200.310  0.14553135
     200.870  0.14406403
     201.280  0.14259671
     202.070  0.14112939
     202.700  0.13970654
     203.290  0.13828368
     203.840  0.13686083
     204.220  0.13548244
     204.640  0.13410405
     205.190  0.13272566
     205.660  0.13139173
     206.210  0.13005780
     206.770  0.12872388
     207.510  0.12743442
     208.060  0.12614495
     208.390  0.12485549
     209.270  0.12356603
     209.720  0.12232103
     210.630  0.12107603
     211.350  0.11983104
     211.990  0.11863050
     212.450  0.11742997
     213.010  0.11622944
     213.650  0.11502890
     214.040  0.11387283
     214.620  0.11271676
     215.440  0.11156069
     215.980  0.11040462
     216.480  0.10929302
     217.160  0.10818141
     217.790  0.10706981
     218.520  0.10595820
     219.090  0.10489106
     219.830  0.10382392
     220.400  0.10275678
     220.910  0.10168964
     221.490  0.10066696
     222.230  0.09964429
     222.710  0.09862161
     223.450  0.09759893
     224.040  0.09662072
     224.740  0.09564251
     225.550  0.09466430
     226.310  0.09368608
     227.240  0.09270787
     227.850  0.09177412
     228.430  0.09084037
     228.990  0.08990663
     229.400  0.08897288
     230.150  0.08803913
     230.950  0.08714984
     231.610  0.08626056
     232.330  0.08537128
     232.860  0.08448199
     233.650  0.08363717
     234.190  0.08279235
     234.850  0.08194753
     235.610  0.08110271
     236.130  0.08025789
     236.620  0.07941307
     237.230  0.07861272
     237.940  0.07781236
     238.500  0.07701201
     239.030  0.07621165
     239.510  0.07541129
     240.040  0.07465540
     240.540  0.07389951
     241.060  0.07314362
     241.760  0.07238773
     242.030  0.07163184
     242.820  0.07087594
     243.620  0.07016452
     243.980  0.06945309
     244.440  0.06874166
     244.910  0.06803024
     245.480  0.06731881
     245.890  0.06660738
     246.430  0.06594042
     247.090  0.06527345
     247.440  0.06460649
     247.780  0.06393953
     248.360  0.06327257
     249.090  0.06260560
     249.530  0.06193864
     249.870  0.06131614
     250.540  0.06069364
     251.220  0.06007114
     251.780  0.05944864
     252.380  0.05882614
     252.980  0.05820365
     253.480  0.05758115
     254.180  0.05700311
     255.000  0.05642508
     255.640  0.05584704
     256.260  0.05526901
     256.700  0.05469097
     257.170  0.05411294
     257.960  0.05353490
     258.540  0.05295687
     259.500  0.05242330
     259.850  0.05188973
     260.560  0.05135616
     261.000  0.05082259
     261.430  0.05028902
     262.140  0.04975545
     262.790  0.04922188
     263.790  0.04868831
     264.320  0.04819920
     264.750  0.04771009
     265.100  0.04722099
     265.880  0.04673188
     266.680  0.04624277
     267.340  0.04575367
     267.980  0.04526456
     268.530  0.04477546
     269.040  0.04428635
     269.560  0.04384171
     269.790  0.04339707
     270.450  0.04295242
     270.870  0.04250778
     271.400  0.04206314
     271.990  0.04161850
     272.770  0.04117386
     273.500  0.04072921
     274.330  0.04028457
     274.790  0.03983993
     275.470  0.03943975
     276.130  0.03903957
     276.400  0.03863940
     276.840  0.03823922
     278.010  0.03783904
     278.810  0.03743886
     279.600  0.03703868
     280.260  0.03663851
     280.900  0.03623833
     281.400  0.03583815
     282.060  0.03543797
     282.350  0.03508226
     283.110  0.03472655
     283.640  0.03437083
     284.480  0.03401512
     285.660  0.03365940
     286.590  0.03330369
     287.220  0.03294798
     288.250  0.03259226
     288.950  0.03223655
     289.450  0.03188084
     289.820  0.03152512
     290.230  0.03116941
     290.950  0.03081369
     291.490  0.03050245
     291.790  0.03019120
     292.280  0.02987995
     292.880  0.02956870
     293.550  0.02925745
     294.510  0.02894620
     295.610  0.02863495
     296.280  0.02832370
     296.880  0.02801245
     297.630  0.02770120
     298.450  0.02738995
     299.240  0.02707870
     300.190  0.02676745
     300.720  0.02645620
     301.300  0.02618942
     301.720  0.02592263
     302.610  0.02565585
     303.270  0.02538906
     303.900  0.02512228
     304.460  0.02485549
     305.120  0.02458871
     305.620  0.02432192
     306.430  0.02405514
     307.530  0.02378835
     308.180  0.02352157
     308.660  0.02325478
     309.830  0.02298799
     310.840  0.02272121
     312.140  0.02245442
     312.930  0.02218764
     313.320  0.02196532
     313.810  0.02174300
     314.200  0.02152068
     315.210  0.02129835
     315.750  0.02107603
     316.060  0.02085371
     316.570  0.02063139
     317.090  0.02040907
     317.870  0.02018675
     318.810  0.01996443
     319.660  0.01974211
     320.440  0.01951979
     320.730  0.01929747
     321.370  0.01907514
     322.160  0.01885282
     322.530  0.01863050
     323.660  0.01840818
     324.340  0.01818586
     325.500  0.01796354
     326.680  0.01774122
     326.910  0.01756336
     327.070  0.01738550
     327.800  0.01720765
     328.450  0.01702979
     329.050  0.01685193
     329.590  0.01667408
     329.960  0.01649622
     330.710  0.01631836
     331.000  0.01614051
     331.320  0.01596265
     331.880  0.01578479
     332.370  0.01560694
     332.820  0.01542908
     334.150  0.01525122
     335.090  0.01507337
     335.890  0.01489551
     336.610  0.01471765
     337.060  0.01453980
     337.790  0.01436194
     338.120  0.01418408
     339.060  0.01400622
     340.390  0.01382837
     342.000  0.01365051
     343.410  0.01347265
     344.050  0.01329480
     344.640  0.01316141
     345.010  0.01302801
     346.380  0.01289462
     346.980  0.01276123
     347.410  0.01262783
     348.170  0.01249444
     348.640  0.01236105
     349.490  0.01222766
     351.550  0.01209426
     351.870  0.01196087
     352.970  0.01182748
     353.340  0.01169409
     354.300  0.01156069
     355.090  0.01142730
     355.620  0.01129391
     356.270  0.01116052
     357.210  0.01102712
     357.770  0.01089373
     358.300  0.01076034
     360.910  0.01062695
     362.630  0.01049355
     363.090  0.01036016
     363.710  0.01022677
     364.210  0.01009337
     364.560  0.00995998
     365.280  0.00982659
     366.690  0.00969320
     367.520  0.00955980
     368.260  0.00942641
     369.120  0.00929302
     371.180  0.00915963
     372.390  0.00902623
     373.490  0.00889284
     374.260  0.00875945
     375.260  0.00867052
     376.270  0.00858159
     377.090  0.00849266
     377.920  0.00840373
     379.770  0.00831481
     380.410  0.00822588
     381.000  0.00813695
     381.380  0.00804802
     384.030  0.00795909
     385.180  0.00787016
     386.390  0.00778124
     386.880  0.00769231
     387.880  0.00760338
     388.560  0.00751445
     389.000  0.00742552
     389.440  0.00733659
     389.740  0.00724767
     390.230  0.00715874
     391.530  0.00706981
     392.360  0.00698088
     392.620  0.00689195
     392.910  0.00680302
     393.590  0.00671410
     395.630  0.00662517
     396.700  0.00653624
     396.770  0.00644731
     397.020  0.00635838
     398.600  0.00626945
     400.690  0.00618052
     401.090  0.00609160
     402.320  0.00600267
     403.460  0.00591374
     405.240  0.00582481
     407.940  0.00573588
     408.710  0.00564695
     412.190  0.00555803
     414.760  0.00546910
     416.440  0.00538017
     416.630  0.00529124
     418.580  0.00520231
     419.430  0.00511338
     420.760  0.00502446
     423.980  0.00493553
     425.550  0.00484660
     426.730  0.00475767
     428.250  0.00466874
     430.210  0.00457981
     432.340  0.00449088
     432.550  0.00440196
     432.700  0.00435749
     432.970  0.00431303
     433.080  0.00426856
     433.280  0.00422410
     433.680  0.00417964
     434.670  0.00413517
     435.050  0.00409071
     435.450  0.00404624
     437.720  0.00400178
     437.910  0.00395731
     438.420  0.00391285
     440.530  0.00386839
     440.820  0.00382392
     441.610  0.00377946
     443.370  0.00373499
     445.420  0.00369053
     445.860  0.00364606
     446.190  0.00360160
     446.540  0.00355714
     448.340  0.00351267
     449.070  0.00346821
     452.470  0.00342374
     452.890  0.00337928
     454.380  0.00333482
     454.790  0.00329035
     454.970  0.00324589
     456.450  0.00320142
     458.990  0.00315696
     463.260  0.00311249
     464.060  0.00306803
     473.280  0.00302357
     476.460  0.00297910
     477.250  0.00293464
     477.250  0.00289017
     480.520  0.00284571
     480.540  0.00280124
     480.720  0.00275678
     482.930  0.00271232
     484.840  0.00266785
     485.070  0.00262339
     485.540  0.00257892
     486.230  0.00253446
     488.380  0.00249000
     488.910  0.00244553
     489.370  0.00240107
     490.900  0.00235660
     491.950  0.00231214
     494.730  0.00226767
     496.430  0.00222321
     497.540  0.00217875
     497.680  0.00213428
     500.920  0.00208982
     504.510  0.00204535
     504.550  0.00200089
     504.560  0.00195643
     505.990  0.00191196
     510.850  0.00186750
     512.670  0.00182303
     513.150  0.00177857
     517.010  0.00173410
     517.040  0.00168964
     523.710  0.00164518
     533.900  0.00160071
     544.790  0.00155625
     551.070  0.00151178
     551.670  0.00146732
     552.160  0.00142285
     553.330  0.00137839
     556.180  0.00133393
     556.990  0.00128946
     565.580  0.00124500
     576.600  0.00120053
     581.550  0.00115607
     601.550  0.00111161
     601.670  0.00106714
     605.680  0.00102268
     605.740  0.00097821
     613.410  0.00093375
     623.260  0.00088928
     628.630  0.00084482
     634.010  0.00080036
     636.270  0.00075589
     674.280  0.00071143
     681.780  0.00066696
     785.070  0.00062250
     793.210  0.00057803
     811.120  0.00053357
     818.150  0.00048911
     829.880  0.00044464
     877.590  0.00040018
     935.320  0.00035571
     954.050  0.00031125
    1010.140  0.00026679
    1113.810  0.00022232
    1243.540  0.00017786
    1338.470  0.00013339
    1358.150  0.00008893
    1455.340  0.00004446
    2096.100  0.00000000
