# Digested data for dctcp_pool_p1_w4 experiment, run at 2026-04-21 01:33:05.991276
# Averaged across 1 repeated sample(s)
# length  cum_frac  samples     p50      p99     p999   s50    s99    s999
      72  0.004322      666 18523.4 909985.6 1752545.8 1117.1 55137.5 106927.7
     119  0.009890      858 19402.3 822871.2 1582214.5 1213.4 51493.8 98950.3
     199  0.014692      740 19153.2 777416.9 1955479.5 1203.5 49196.1 122600.6
     222  0.018040      516 19047.3 717657.3 2205265.5 1217.1 45856.7 140911.5
     232  0.023017      767 18436.9 772644.7 1033748.6 1174.3 49213.0 66393.6
     243  0.028196      798 19406.8 522620.1 1431261.4 1255.4 33782.8 92518.5
     254  0.033446      809 18340.6 371550.4 1040448.6 1189.2 24002.0 67737.5
     265  0.038702      810 18361.1 637138.3 1304846.2 1203.4 41861.9 84346.9
     279  0.044367      873 18473.5 831080.6 1403771.7 1206.6 53861.3 92171.5
     288  0.047644      505 18151.5 564083.7 2069155.1 1181.0 36700.3 134623.0
     297  0.050973      513 19320.9 409130.8 967767.3 1262.0 26723.1 63211.5
     303  0.060551     1476 18522.2 760556.6 1126106.3 1217.0 49970.9 73988.6
     305  0.068578     1237 18633.9 970127.8 1545707.8 1210.8 63036.2 100435.9
     308  0.076865     1277 18880.0 666978.1 1141679.0 1233.2 43564.9 74570.8
     310  0.085554     1339 19150.7 729950.4 1216137.8 1253.3 47771.6 79590.2
     313  0.093925     1290 18773.7 767558.4 1143657.5 1221.5 49938.7 74408.4
     315  0.102563     1331 19526.1 561698.1 1234362.5 1271.2 36568.9 80362.1
     318  0.111420     1365 19373.4 615189.4 1265927.5 1270.4 40340.3 83011.6
     321  0.120097     1337 19162.2 747103.5 1283616.8 1248.4 48671.2 83623.2
     323  0.128818     1344 19187.3 723470.1 1225039.1 1233.9 46525.4 78780.6
     326  0.137189     1290 19237.5 811223.0 1711297.9 1254.9 52917.4 111630.7
     331  0.143996     1049 18573.6 640007.5 1292220.6 1209.2 41667.2 84128.9
     335  0.150499     1002 18924.6 737190.0 1047447.2 1217.0 47407.7 67359.9
     340  0.157423     1067 18482.8 592087.8 1112301.7 1200.2 38447.3 72227.4
     345  0.163983     1011 18580.5 569571.8 931182.8 1214.4 37226.9 60861.6
     350  0.170174      954 17894.1 711759.0 1608601.7 1144.1 45508.9 102851.8
     355  0.177098     1067 18302.8 770119.2 1695828.3 1186.2 49910.5 109904.6
     360  0.183237      946 18422.5 541853.3 1992680.2 1187.8 34935.7 128477.1
     365  0.189609      982 18875.4 808868.9 2044706.4 1225.7 52524.0 132773.1
     371  0.195852      962 19356.4 715132.2 1741999.2 1251.2 46227.0 112605.0
     376  0.202380     1006 18461.5 729868.9 1347411.0 1188.8 46997.4 86761.8
     385  0.206202      589 19636.2 819960.0 1561997.8 1261.2 52662.8 100321.0
     395  0.209765      549 18886.8 838532.7 1057821.6 1206.1 53546.2 67549.3
     405  0.213723      610 18489.2 599002.6 1825413.1 1199.0 38845.8 118379.6
     415  0.217461      576 19373.8 692704.1 1506137.8 1249.1 44661.8 97107.5
     425  0.221686      651 18724.5 583819.6 1127215.2 1215.1 37885.8 73148.3
     430  0.225884      647 19212.6 630157.3 1439185.8 1245.1 40839.7 93271.9
     435  0.229934      624 19783.0 806673.2 1594527.2 1284.6 52381.4 103540.7
     441  0.233963      621 18406.5 595480.2 803155.1 1189.0 38467.7 51883.4
     446  0.238123      641 20031.0 811083.6 1695640.9 1289.8 52226.9 109184.9
     452  0.242536      680 18829.3 487104.7 2046591.9 1229.1 31795.3 133589.6
     457  0.246916      675 18624.8 788562.3 916795.3 1209.4 51205.3 59532.2
     463  0.250881      611 18336.5 639261.2 1113188.5 1187.6 41402.9 72097.7
     468  0.255112      652 19329.2 643450.1 1475392.1 1255.1 41782.5 95804.7
     474  0.259336      651 17640.6 431124.4 2012649.8 1141.8 27904.5 130268.6
     480  0.263665      667 18431.0 923954.7 1592460.0 1186.0 59456.5 102474.9
     491  0.283269     3021 18960.4 763889.3 1121800.4 1227.2 49442.7 72608.4
     502  0.302788     3008 19192.9 728882.4 1477804.0 1246.3 47330.0 95961.3
     513  0.321997     2960 18868.2 701489.1 2118560.5 1209.5 44967.2 135805.2
     525  0.341412     2992 18777.1 569038.4 1583110.8 1206.0 36547.1 101677.0
     537  0.360530     2946 18302.6 757491.4 1493559.2 1183.1 48965.2 96545.5
     549  0.380296     3046 18681.4 720949.6 1469452.8 1202.9 46423.0 94620.3
     561  0.400212     3069 18670.9 687830.9 1071526.2 1190.7 43866.8 68337.1
     574  0.419939     3040 18155.8 765211.7 1420865.1 1173.6 49464.2 91846.5
     587  0.440432     3158 18884.1 618854.8 1390742.9 1215.2 39823.3 89494.4
     600  0.460296     3061 18974.8 730288.0 1096741.0 1214.8 46753.4 70213.9
     607  0.466090      893 18572.7 633850.7 2057001.1 1189.8 40605.4 131774.6
     615  0.471736      870 19538.1 586442.9 1734157.7 1249.2 37496.3 110879.6
     623  0.477187      840 18442.3 897574.9 1764845.1 1180.7 57463.2 112986.2
     630  0.483384      955 18906.1 574156.0 1502345.9 1214.3 36875.8 96489.8
     638  0.489257      905 18709.5 824644.7 1898817.1 1197.8 52794.2 121563.2
     646  0.495045      892 18782.1 779108.1 2046135.6 1200.9 49815.1 130827.1
     654  0.500432      830 19450.0 596960.3 984403.6 1224.8 37592.0 61990.1
     662  0.506064      868 18673.5 834205.0 1573298.2 1183.4 52864.7 99702.0
     671  0.511820      887 19218.4 708134.7 1703972.8 1227.2 45219.3 108810.5
     679  0.517394      859 12688.4 558946.5 1592674.6 799.5 35220.3 100357.6
     690  0.524065     1028 17834.4 773124.3 1004173.8 1129.6 49087.3 63757.1
     696  0.527544      536 19193.8 679194.2 1475871.0 1220.2 43178.3 93825.2
     702  0.530918      520 18653.7 580391.7 921618.3 1169.5 36388.2 57781.7
     707  0.534338      527 18000.4 758185.3 1351955.4 1145.8 48261.3 86057.0
     713  0.538017      567 18844.0 477613.8 1079524.2 1194.9 30286.2 68454.3
     719  0.541807      584 20098.4 793690.8 1017622.8 1253.8 49512.8 63482.4
     725  0.545363      548 12629.7 654169.9 1515164.3 798.3 41350.8 95775.2
     731  0.548939      551 13271.3 524178.2 1195854.2 836.2 33029.5 75353.1
     737  0.552599      564 18752.1 494596.9 1130853.3 1186.1 31283.8 71527.7
     749  0.557193      708 17338.3 489994.3 1808284.7 1088.4 30759.2 113514.4
     762  0.562015      743 18199.0 868884.2 2080314.6 1148.2 54819.2 131250.1
     774  0.566551      699 18499.6 542175.5 1509793.3 1167.2 34206.7 95255.1
     787  0.571495      762 18955.1 778613.6 1475990.9 1181.7 48542.0 92019.4
     800  0.576070      705 19265.0 872726.6 2245727.7 1201.8 54443.3 140095.3
     833  0.582138      935 19379.7 890176.3 2049896.6 1218.1 55950.7 128843.3
     867  0.588192      933 17635.7 711933.8 1591241.2 1095.5 44192.0 98773.5
     914  0.594850     1026 19773.8 729727.1 950540.2 1238.3 44989.3 58603.0
     945  0.598471      558 18865.5 768549.5 1394814.0 1171.0 47706.4 86580.6
     976  0.602306      591 18532.8 669838.0 1102890.7 1151.8 41630.7 68545.1
    1009  0.606090      583 17575.3 583230.2 1085546.8 1082.2 35913.2 66844.0
    1042  0.609665      551 18425.4 618927.9 1097665.2 1129.0 37924.5 67258.9
    1085  0.613221      548 19229.7 792361.3 1910017.9 1184.1 48790.7 117611.9
    1130  0.617134      603 19547.4 750919.2 1486459.8 1195.6 45927.8 90915.0
    1177  0.620658      543 18208.6 727548.9 952158.3 1108.3 44281.7 57952.4
    1226  0.624428      581 19032.7 685503.3 1126089.9 1148.6 41370.1 67959.6
    1277  0.628114      568 18397.2 592457.3 1264860.6 1115.7 35928.3 76704.7
    1316  0.631540      528 18091.0 596265.6 856376.9 1089.8 35919.6 51589.0
    1399  0.638004      996 19367.9 822999.6 2275474.4 1153.8 49193.0 135364.3
    1484  0.643520      850 17860.5 773527.9 1705585.5 745.1 32270.7 71155.0
    1559  0.650878     1134 13843.8 823145.7 1254529.7 577.5 34340.7 52337.5
    1585  0.654986      633 18867.7 820895.0 1500523.1 785.5 34175.5 62469.7
    1611  0.659301      665 18157.5 696229.5 1976687.6 755.3 28961.3 82224.9
    1637  0.663429      636 17399.5 531814.2 1051148.4 722.3 22076.1 43634.2
    1664  0.667634      648 18552.1 879398.8 2306146.3 773.3 36656.9 96129.5
    2091  0.673597      919 18955.8 816312.2 2162117.4 789.8 34013.0 89788.9
    2412  0.676868      504 19316.5 646807.0 1904841.9 800.2 26794.0 78908.1
    3118  0.682416      855 17623.2 721701.4 1651422.1 710.6 28643.1 68637.7
    4030  0.687984      858 18411.5 871833.1 2214016.1 710.0 33752.7 85714.9
    5210  0.693591      864 18503.1 582350.0 928960.5 667.0 20993.2 33488.1
    6132  0.699217      867 19510.5 844426.9 2166284.3 685.2 29808.2 74187.8
    7217  0.705128      911 17760.2 737020.9 2158069.5 591.5 24906.1 73629.1
   10373  0.710755      867 19074.7 525809.5 1163564.6 570.2 16221.8 37486.0
   18203  0.715771      773 17503.1 724729.1 1256198.2 412.9 16908.3 32756.1
   31946  0.721215      839 18421.7 848234.8 1204248.8 291.0 12834.5 21462.3
   34801  0.726653      838 19191.2 646162.9 1254860.9 261.8 9415.2 18284.4
   37450  0.732461      895 18790.2 557512.8 1124989.8 239.3 7261.2 14652.1
   39327  0.737795      822 19761.2 581327.5 1009580.5 239.0 7036.2 12181.2
   40382  0.741241      531 18746.6 850608.9 1800944.0 221.5 10052.1 21282.7
   41214  0.745031      584 18999.0 582640.3 1986229.2 219.6 6734.2 22956.9
   42062  0.748483      532 18347.1 574403.5 949387.6 209.9 6571.4 10861.3
   42928  0.752156      566 18905.0 771914.4 1002576.3 214.4 8753.8 11369.7
   43811  0.755693      545 19083.4 754908.6 2284986.1 215.7 8532.9 25827.8
   44531  0.759463      581 19307.2 693602.3 951594.2 214.0 7689.6 10549.8
   45079  0.763863      678 19056.0 489853.8 1139610.4 210.8 5419.9 12609.1
   45634  0.768003      638 18760.2 649636.4 1043579.2 202.7 7017.8 11273.4
   46195  0.772208      648 19469.7 751101.8 2196909.3 210.1 8106.9 23711.9
   46763  0.776309      632 18875.8 788464.2 2116412.5 203.3 8490.9 22791.4
   47435  0.781974      873 18826.1 578541.9 1083872.6 199.0 6115.0 11456.2
   47823  0.785550      551 18442.1 533584.9 928700.5 195.0 5642.2  9820.2
   48215  0.789515      611 18949.6 678713.6 1067115.8 200.0 7162.4 11261.2
   48609  0.793136      558 19635.2 724076.2 1131628.4 203.3 7497.9 11718.2
   49007  0.796873      576 18755.9 659710.4 2002998.7 194.3 6832.8 20745.7
   49408  0.800592      573 19398.9 880674.8 1593833.8 200.2 9089.4 16449.9
   49813  0.804115      543 18408.2 723237.4 1918022.1 186.5 7327.6 19432.8
   50221  0.808223      633 20235.1 475947.8 789946.8 206.5 4857.6  8062.3
   50632  0.811727      540 19445.0 465566.9 997065.5 198.8 4758.9 10191.8
   51046  0.815718      615 18003.5 548963.4 2080314.2 183.7 5600.5 21223.4
   60084  0.821773      933 19181.7 606842.1 1283991.1 174.2 5604.9 11859.2
   64132  0.825498      574 20860.7 618946.3 1258109.4 172.9 5130.1 10427.8
   69014  0.830916      835 20819.7 662870.8 2083559.3 160.4 5209.3 14976.7
   71156  0.834252      514 20659.2 488957.3 1015128.1 133.7 3163.7  6568.3
   73814  0.839579      821 21237.8 582073.8 2148034.8 141.0 3960.7 13319.5
   75795  0.845296      881 19854.7 759889.1 1676030.8  99.5 3815.9  8369.3
   77041  0.851117      897 21217.1 709252.1 1161307.8 120.2 3946.9  6731.8
   78307  0.856938      897 20438.9 585607.2 1126912.7 116.6 3388.3  6520.4
   79595  0.863038      940 20438.4 658366.4 1091276.1 118.7 3874.8  6308.7
   80246  0.866302      503 20352.9 611055.1 2031104.9 113.0 3391.4 11272.6
   81565  0.872272      920 21003.5 640898.9 2318465.7 123.1 3772.4 13584.5
   85305  0.875685      526 20667.4 749253.6 1330133.8 119.5 4331.2  7689.1
   93306  0.882136      994 20656.4 822092.6 1487302.5 113.6 4465.1  7867.2
   97584  0.885393      502 21426.7 717728.2 999812.9 105.6 3538.0  4928.6
  102058  0.888917      543 21439.8 512369.5 774824.3 103.3 2467.7  3731.8
  109826  0.894556      869 21373.8 763754.6 1591655.0 100.5 3605.8  7514.5
  118669  0.900507      917 20964.9 579682.2 2191362.6  86.9 2389.9  9034.7
  129272  0.905679      797 21940.8 908346.4 1941546.4  81.1 3176.2  6104.0
  141975  0.910896      804 22706.2 703156.2 955333.8  82.7 2537.5  3533.6
  156563  0.916308      834 22373.6 636808.4 1126463.7  62.5 1781.1  3115.4
  172651  0.921636      821 27563.1 723004.3 925021.7  71.2 1923.9  2423.9
  189618  0.927476      900 28234.4 875112.0 1477803.8  70.4 2185.1  3623.8
  206566  0.933544      935 29331.0 620566.1 995933.9  62.7 1295.7  2145.7
  223195  0.938741      801 29595.1 882858.5 1409461.7  59.6 1795.5  2785.5
  240177  0.943978      807 30117.6 891073.7 2054165.6  56.6 1697.6  3913.4
  268113  0.949708      883 31743.0 606254.0 2150418.4  56.8 1061.5  3742.0
  318166  0.955224      850 31871.8 829058.6 1615062.1  52.1 1384.9  2698.0
  426666  0.961006      891 40644.1 639847.9 1347065.1  51.7  873.5  1844.1
  643946  0.966820      896 50410.0 885925.5 1470736.3  42.3  883.3  1255.1
  940700  0.972135      819 70996.7 908268.3 2288726.6  39.3  497.8  1422.1
 1000000  1.000000     4294 80375.4 947697.7 1651231.6  39.4  465.0   810.2
