# Digested data for dctcp_w4 experiment, run at 2026-04-21 04:33:42.903057
# Averaged across 1 repeated sample(s)
# length  cum_frac  samples     p50      p99     p999   s50    s99    s999
      60  0.002159      680   511.5   3919.3   7576.0  30.8  235.7   455.6
      72  0.004373      697   474.3   3909.2   4459.5  29.6  243.7   278.0
      92  0.007402      954   510.9   4313.1  47142.2  32.5  274.2  2997.0
     119  0.009749      739   521.1   3539.8   5358.4  33.4  227.2   343.9
     154  0.011931      687   606.3   4058.4  18095.0  39.3  263.4  1174.2
     199  0.014005      653   530.1   4966.9  20426.0  34.5  323.6  1330.7
     222  0.017625     1140   529.9   4470.5  13026.3  34.8  293.7   855.9
     227  0.020172      802   526.5   3885.0  21715.5  34.7  256.4  1433.4
     232  0.022788      824   563.9   3858.0   9053.9  37.5  256.7   602.4
     237  0.025262      779   544.5   5102.7  17823.0  36.6  342.9  1197.8
     243  0.027831      809   516.1   4316.4   6902.8  34.9  292.2   467.4
     248  0.030426      817   481.1   4765.7   7912.4  32.8  324.4   538.6
     254  0.033081      836   499.7   3823.8   8740.0  34.2  261.9   598.6
     259  0.035751      841   568.6   4447.6   8086.8  39.0  305.3   555.0
     265  0.038276      795   509.4   3771.2   6723.9  35.1  259.5   462.8
     271  0.040896      825   518.8   3689.1  51252.1  35.4  252.0  3500.8
     279  0.044358     1090   538.3   3955.2   5698.9  36.8  270.2   389.3
     288  0.047660     1040   512.1   4216.1  24673.5  35.1  288.6  1688.8
     297  0.050969     1042   530.3   4150.5   6223.6  36.3  284.5   426.6
     303  0.060928     3136   481.9   3767.7  12228.4  32.6  255.1   827.9
     305  0.069293     2634   512.6   4038.2  17789.2  35.1  276.4  1217.6
     308  0.077708     2650   472.2   3916.1  14928.0  32.2  267.3  1019.0
     310  0.086673     2823   494.4   3998.3  24593.6  33.8  273.7  1683.3
     313  0.094914     2595   508.7   4407.7  14355.8  34.9  302.1   983.9
     315  0.103447     2687   523.7   4011.2  17760.0  35.9  274.7  1216.4
     318  0.112040     2706   537.1   4309.8  24242.8  36.8  295.0  1659.3
     321  0.120456     2650   495.1   3759.1  14250.4  34.0  257.8   977.4
     323  0.128820     2634   507.5   3929.2  12218.2  34.8  269.5   838.0
     326  0.137537     2745   534.6   3940.3  14373.7  36.7  270.6   987.2
     331  0.144054     2052   454.6   4134.7   9897.5  31.2  284.0   679.8
     335  0.150564     2050   536.0   4031.5  14424.8  36.8  276.9   990.7
     340  0.157115     2063   519.0   4452.3  14903.1  35.6  305.2  1021.5
     345  0.163648     2057   535.8   4314.0  14679.9  36.8  296.5  1008.9
     350  0.169945     1983   535.8   4260.4  19617.6  36.7  292.0  1344.6
     355  0.176490     2061   537.0   3893.0   9384.6  36.7  266.1   641.5
     360  0.183276     2137   489.9   3900.0  15437.2  33.5  266.6  1055.2
     365  0.189758     2041   492.0   4317.0  10798.4  33.5  294.1   735.6
     371  0.196001     1966   520.6   4744.2  28111.8  35.2  320.6  1899.4
     376  0.202680     2103   537.0   4201.6  22550.3  36.6  286.6  1538.2
     385  0.206735     1277   479.5   3914.9  45676.1  32.4  264.2  3082.1
     395  0.211025     1351   497.3   4762.8  15673.7  33.6  321.6  1058.3
     405  0.215138     1295   511.9   4218.8  13982.0  34.6  285.1   944.7
     415  0.219345     1325   494.8   3944.2  20879.9  33.6  267.6  1416.5
     425  0.223188     1210   529.1   4293.5  22960.8  35.7  289.5  1548.3
     430  0.227275     1287   528.7   4495.9  10501.5  35.7  303.2   708.1
     435  0.231175     1228   514.5   3823.8   7257.3  34.7  258.2   490.0
     441  0.235271     1290   511.8   4362.8  19185.4  34.7  296.0  1301.6
     446  0.239292     1266   553.3   3758.1  14533.2  37.3  253.2   979.3
     452  0.243233     1241   511.6   3856.2   6997.9  34.2  258.1   468.4
     457  0.247218     1255   569.9   4485.1  14595.1  38.3  301.4   980.9
     463  0.251442     1330   524.1   4870.6  21055.8  35.5  330.0  1426.5
     468  0.255392     1244   521.4   4252.4  17581.7  35.3  287.5  1188.8
     474  0.259432     1272   513.5   3927.0  15591.4  34.7  265.2  1052.8
     480  0.263693     1342   534.4   4252.4  11191.3  36.2  287.7   757.2
     491  0.283059     6098   505.6   4046.6   9504.9  33.9  271.2   637.1
     502  0.303078     6304   492.0   4273.9  16802.2  33.2  288.2  1133.0
     513  0.322113     5994   521.3   4354.9  15885.6  34.7  289.6  1056.2
     525  0.341830     6209   518.3   4374.8  13629.0  34.3  289.7   902.6
     537  0.361961     6339   510.1   4109.1  18842.8  33.8  272.1  1247.9
     549  0.381475     6145   514.2   3985.8  12746.4  34.0  263.8   843.6
     561  0.401326     6251   499.2   3878.8  10878.9  33.0  256.7   720.0
     574  0.421114     6231   503.5   4150.5  16584.8  33.7  277.6  1109.4
     587  0.440285     6037   513.0   4522.1  13566.7  34.1  300.9   902.6
     600  0.460181     6265   517.7   4034.6  11703.1  34.3  267.4   775.6
     607  0.465859     1788   525.5   4588.3  27249.0  34.8  304.1  1805.8
     615  0.471451     1761   519.8   3836.9   6454.5  34.8  256.8   432.0
     623  0.477240     1823   525.2   4581.2  21135.7  35.0  305.4  1409.0
     630  0.483045     1828   512.4   4375.7  17953.1  34.1  291.5  1196.1
     638  0.488822     1819   546.4   4330.8  18927.2  36.4  288.1  1259.3
     646  0.494833     1893   512.8   3880.0  16816.2  34.2  258.7  1121.1
     654  0.500597     1815   513.1   4284.4  45369.9  34.1  284.9  3016.6
     662  0.505929     1679   474.2   4166.0  18055.7  31.6  277.7  1203.7
     671  0.511810     1852   506.1   3927.1  17817.1  33.8  262.3  1190.2
     679  0.517663     1843   553.7   4009.1  17813.0  37.0  267.8  1189.9
     685  0.521093     1080   565.8   3781.3  16546.8  37.8  252.6  1105.3
     690  0.524554     1090   504.2   4082.3  15470.1  33.7  272.7  1033.4
     696  0.528117     1122   498.6   4117.8  14601.2  33.2  274.5   973.4
     702  0.531566     1086   557.7   4434.6   6758.9  37.2  295.6   450.6
     707  0.535056     1099   492.8   4509.1  20127.4  32.8  300.2  1340.0
     713  0.538746     1162   507.4   4336.2  15635.9  33.8  288.5  1040.3
     719  0.542255     1105   484.9   3965.9   9260.0  32.2  263.5   615.3
     725  0.545863     1136   536.5   3665.4  11645.4  35.6  243.5   773.8
     731  0.549299     1082   487.2   5722.0  11688.6  32.4  380.5   777.2
     737  0.553052     1182   531.6   3891.9   8804.5  35.3  258.6   585.0
     749  0.557787     1491   506.2   3807.8   5077.3  33.5  251.8   335.8
     762  0.562754     1564   501.3   3777.2   7728.4  33.1  249.6   510.8
     774  0.567610     1529   514.0   3949.8  12069.3  34.0  261.2   798.2
     787  0.572332     1487   522.4   3879.0  10698.0  34.6  256.5   707.5
     800  0.577137     1513   546.3   4149.9  15312.8  35.9  272.7  1006.1
     816  0.580084      928   551.2   3863.0 167754.8  36.2  253.6 11014.8
     833  0.583050      934   522.6   3843.9  19576.8  34.4  252.7  1287.1
     850  0.586035      940   506.5   4492.9  12380.7  33.2  294.2   810.8
     867  0.588975      926   535.9   3998.4  36393.5  34.9  260.1  2367.8
     885  0.592081      978   555.5   3804.1  13571.0  36.3  248.8   887.6
     914  0.595806     1173   522.5   4212.7  13725.9  34.1  275.0   895.9
     945  0.599639     1207   537.5   3752.1   6316.6  34.7  242.5   408.3
     976  0.603437     1196   456.6   4698.2  10720.6  29.8  306.5   699.3
    1009  0.607210     1188   508.4   5186.2  21618.2  32.7  333.7  1391.1
    1042  0.610986     1189   497.4   5012.9  26869.4  32.1  323.2  1732.4
    1085  0.614692     1167   602.4   4654.5  17635.5  38.6  298.4  1130.5
    1130  0.618617     1236   538.8   4055.2  14565.3  34.5  259.8   933.1
    1177  0.622377     1184   474.6   3762.5  11345.4  30.2  239.8   723.1
    1226  0.626045     1155   482.9   3569.0   7510.8  30.6  225.9   475.4
    1277  0.629738     1163   513.3   3922.6   4652.9  32.1  245.0   290.6
    1316  0.632939     1008   519.8   3941.7  23460.9  32.6  247.0  1470.0
    1357  0.636156     1013   446.4   3676.3   8600.8  28.0  230.8   539.9
    1399  0.639652     1101   520.2   3859.3  14411.6  32.5  241.2   900.7
    1436  0.642164      791   497.2   3634.2  11610.1  21.2  155.0   495.1
    1484  0.644921      868   491.6   5328.8  15674.5  20.9  226.5   666.2
    1534  0.647788      903   468.4   4108.2  39829.2  19.9  175.0  1696.3
    1559  0.651987     1322   501.6   3935.0  13753.2  21.5  168.7   589.5
    1585  0.655978     1257   496.5   3918.4   6940.9  21.2  167.7   297.0
    1611  0.660247     1344   508.9   3993.6   7686.5  21.7  170.7   328.5
    1637  0.664245     1259   507.0   4325.8  18660.2  21.7  185.3   799.5
    1664  0.667970     1173   476.6   4003.9  16892.9  20.4  171.1   721.9
    1865  0.670882      917   551.5   4031.4  15821.5  23.6  172.6   677.3
    2091  0.674023      989   520.9   3667.3  33672.3  22.2  156.6  1437.8
    2412  0.677205     1002   449.1   4710.3  15036.0  19.2  200.9   641.2
    2742  0.679882      843   504.1   5156.9 133593.6  21.4  219.4  5682.4
    3118  0.682562      844   526.6   4008.2  15089.3  21.0  160.1   602.8
    3544  0.685252      847   517.2   5235.1  25298.5  20.6  209.0  1009.9
    4030  0.687938      846   450.8   4350.2  19016.5  17.8  171.9   751.6
    4582  0.690555      824   578.2   4381.2  11715.8  21.6  163.4   437.0
    5210  0.693419      902   510.1   4696.5   8312.9  19.0  174.9   309.6
    5652  0.696351      923   547.9   4148.7  18756.4  20.4  154.6   698.8
    6132  0.699275      921   539.8   3947.1  18357.1  19.0  139.1   646.8
    6653  0.702111      893   598.7   4355.5 170806.5  20.9  152.0  5961.8
    7217  0.705185      968   575.5   4087.6   9484.3  19.1  135.8   315.2
    7830  0.708120      924   603.4   3670.1  15696.3  20.1  122.0   521.8
   10373  0.710577      774   546.1   5449.8  30107.5  16.1  160.3   885.8
   13741  0.713070      785   548.4   3871.0  11298.8  14.5  102.2   298.4
   18203  0.715595      795   533.9   3938.5  81800.6  12.3   90.9  1887.4
   24115  0.718183      815   533.5   3986.7  20864.6   9.9   73.7   385.6
   31946  0.720663      781   646.2   5283.9  39957.9  10.0   81.9   619.1
   33343  0.723490      890   601.7   4572.5  13620.7   9.2   69.6   207.2
   34801  0.726157      840   610.5   7823.8  20405.4   9.1  116.8   304.6
   36322  0.728847      847   631.6   4900.2  14207.5   8.9   69.3   200.8
   37450  0.731759      917   613.7   3858.8  29365.4   7.7   48.6   370.2
   38377  0.734509      866   636.4   6134.9  76818.7   7.8   75.1   940.1
   39327  0.737316      884   646.5   4085.9  13931.0   7.9   49.8   169.9
   40382  0.741121     1198   665.8   4202.6  17792.3   8.0   50.6   214.4
   41214  0.744706     1129   628.0   4198.5   5037.0   7.5   49.9    59.9
   42062  0.748495     1193   621.5   5133.2  13605.0   7.4   61.0   161.7
   42928  0.752128     1144   643.1   4871.3  21981.0   7.5   56.6   255.5
   43811  0.755691     1122   597.9   4370.2   7337.9   6.9   50.6    85.0
   44531  0.759565     1220   625.0   3828.3  15486.2   7.2   44.0   178.0
   45079  0.763538     1251   647.0   3616.7   6510.4   7.4   41.5    74.7
   45634  0.767698     1310   604.6   4294.3  12303.4   6.7   47.6   136.3
   46195  0.771591     1226   638.8   5018.1  18040.0   7.1   55.6   199.8
   46763  0.775615     1267   622.0   4182.4  10702.1   6.9   46.3   118.4
   47435  0.781258     1777   644.5   4056.4  34326.8   7.0   44.1   373.0
   47823  0.785167     1231   664.4   4092.5  31116.8   7.2   44.3   337.2
   48215  0.788908     1178   643.3   4113.1   6915.1   7.0   44.7    75.2
   48609  0.792725     1202   654.1   4312.7  26554.7   7.0   46.1   284.1
   49007  0.796298     1125   628.7   4157.9  14469.3   6.7   44.4   154.6
   49408  0.799855     1120   664.0   4959.5  11803.9   7.1   53.1   126.5
   49813  0.803627     1188   636.0   4249.6  20698.8   6.7   44.7   217.7
   50221  0.807600     1251   656.9   4533.1  17069.9   6.9   47.5   178.9
   50632  0.811131     1112   627.6   4090.0   5943.1   6.6   42.9    62.4
   51046  0.814894     1185   639.0   4590.3  13034.1   6.7   48.4   137.3
   55381  0.818143     1023   732.9   4169.6   7895.5   7.0   39.8    75.3
   60084  0.821249      978   712.9   5152.4  19333.7   6.5   46.7   175.2
   64132  0.824685     1082   713.7   4037.7  16299.4   6.2   35.1   141.8
   66528  0.827591      915   767.2   5268.9  29651.2   6.6   45.0   253.2
   69014  0.830515      921   783.0   5196.2  25412.7   6.5   43.1   210.9
   71156  0.833367      898   808.3   5098.5   9020.5   6.5   41.2    72.9
   72473  0.836171      883   755.8   5629.7   9204.9   6.0   45.0    73.6
   73814  0.838956      877   784.0   5504.6 156259.2   6.3   44.0  1248.3
   75180  0.841735      875   840.5   4773.4  10947.5   5.6   32.0    73.3
   75795  0.844720      940   776.6   4894.2  19097.1   5.2   33.0   128.6
   76416  0.847597      906   858.8   7084.9  73185.3   5.8   47.5   490.9
   77041  0.850455      900   757.2   4759.2  30978.1   5.2   32.6   212.4
   77672  0.853542      972   752.1   4635.6  20057.9   5.1   31.4   135.7
   78307  0.856445      914   888.8   5374.5  40706.9   5.9   35.9   271.9
   78948  0.859379      924   828.0   5884.1   8759.5   5.2   36.6    54.5
   79595  0.862323      927   814.1   4902.4  35521.2   4.3   25.7   186.1
   80246  0.865365      958   758.9   6399.2 207921.0   4.0   33.6  1092.7
   80903  0.868420      962   811.6   4899.1  12966.9   4.4   26.3    69.6
   81565  0.871177      868   797.0   4158.9  10375.5   4.6   23.9    59.6
   85305  0.874505     1048   780.8   5401.1  16900.9   4.5   31.1    97.3
   89216  0.877883     1064   814.5   4871.9  13506.8   4.8   28.9    80.2
   93306  0.881116     1018   840.8   4696.2   6007.8   4.6   25.9    33.2
   97584  0.884479     1059   865.0   5584.5   6793.5   4.5   28.8    35.0
  102058  0.887893     1075   904.3   6235.1  14529.4   4.8   32.8    76.4
  105871  0.890662      872   900.4   5709.1   8788.7   4.3   27.5    42.3
  109826  0.893320      837   896.7   5681.5  18166.8   3.9   24.8    79.3
  113929  0.896102      876   836.6   7328.9 144136.6   3.8   33.2   652.1
  118669  0.899198      975   957.4   6484.6  29780.5   4.3   29.4   135.2
  123857  0.901968      872   984.7   7004.6  14385.6   4.1   29.0    59.5
  129272  0.904696      859   990.4   6794.9  16843.5   3.5   23.9    59.1
  135199  0.907582      909   960.8   5119.7  27611.6   3.0   16.0    86.1
  141975  0.910355      873  1004.2   6220.7  13760.3   2.9   17.9    39.7
  149091  0.913463      979   955.6   7902.7  68337.3   2.6   21.5   186.3
  156563  0.916290      890  1038.7   6663.2 143091.8   2.8   17.7   379.5
  164410  0.919142      898  1026.7   7340.8  23402.1   2.6   18.6    59.2
  172651  0.921888      865  1015.6   7639.7  15776.0   2.4   17.9    37.0
  181304  0.924629      863  1105.2   7212.4  23846.5   2.5   16.4    54.1
  189618  0.927395      871  1141.7   7834.4  19529.4   2.6   17.5    43.7
  197911  0.930263      903  1100.5   7531.4  10394.5   2.4   16.2    22.4
  206566  0.933076      886  1164.9   6846.3  14539.9   2.4   14.1    30.0
  215160  0.935791      855  1179.0   8536.0  19816.2   2.4   17.3    40.2
  223195  0.938615      889  1229.0   7577.1  23897.0   2.4   14.7    46.4
  231530  0.941387      873  1228.2   7965.4  10000.8   2.3   15.0    18.8
  240177  0.944169      876  1292.6   9035.1  16225.3   2.4   17.0    30.5
  253761  0.946846      843  1328.3   9396.5  27101.3   2.4   16.8    48.6
  268113  0.949561      855  1267.8  11343.9  19327.8   2.2   19.4    33.0
  283277  0.952489      922  1350.4   9798.6  22224.4   2.2   16.0    36.2
  318166  0.955119      828  1517.4   8558.6  54947.8   2.3   12.7    81.8
  368444  0.958081      933  1501.3  10791.5  80034.1   2.0   14.6   108.0
  426666  0.960965      908  1779.9  12175.1  62330.1   2.1   14.2    72.6
  514641  0.963998      955  1939.0  11988.0  25308.2   1.9   11.5    24.2
  643946  0.966786      878  2281.1  15979.5  49095.2   1.7   12.0    36.9
  792711  0.969488      851  2665.8  22812.0  53590.6   1.7   14.3    33.6
  940700  0.971886      755  2897.0  21562.5  36583.1   1.5   11.5    19.5
 1000000  1.000000     8853  3077.2  24613.9  39675.6   1.6   12.6    20.3
