# Digested data for dctcp_tfo_w4 experiment, run at 2026-04-21 04:33:42.903057
# Averaged across 1 repeated sample(s)
# length  cum_frac  samples     p50      p99     p999   s50    s99    s999
      60  0.002270      694   460.6   5444.0 176904.8  27.7  327.4 10637.7
      72  0.004394      649   473.1   6328.4 113422.8  29.5  394.5  7071.2
      92  0.007220      864   458.8   4436.6  27985.1  29.2  282.0  1779.1
     119  0.009281      630   422.4   4162.9  14641.7  27.1  267.2   939.8
     154  0.011503      679   446.1   4046.8  53256.3  28.9  262.6  3456.0
     199  0.014041      776   484.5   6732.8  33997.0  31.6  438.6  2214.8
     222  0.017228      974   528.3   4957.3  27942.6  34.7  325.7  1835.9
     227  0.019871      808   499.6   5086.3 133621.2  33.0  335.7  8819.9
     232  0.022544      817   435.3   3939.1  16120.6  29.0  262.1  1072.6
     237  0.025083      776   459.9   5678.0  17696.1  30.9  381.6  1189.3
     243  0.027775      823   500.2   4554.1 211754.9  33.9  308.3 14336.8
     248  0.030259      759   493.1   9614.4  80451.2  33.6  654.5  5476.6
     254  0.032971      829   424.1   6788.3 176728.2  29.0  465.0 12104.7
     259  0.035607      806   492.4   4347.5  56415.7  33.8  298.4  3872.0
     265  0.038212      796   471.9   4267.7  21042.8  32.5  293.7  1448.2
     271  0.040642      743   462.4   4354.2 126551.3  31.6  297.4  8644.2
     279  0.043914     1000   467.6   4675.2  58573.6  31.9  319.3  4000.9
     288  0.047156      991   453.5  12012.9 215611.2  31.0  822.2 14757.8
     297  0.050467     1012   438.4   5134.9  17188.0  30.0  351.9  1178.1
     303  0.060193     2973   461.1   4304.3  66690.1  31.2  291.4  4515.2
     305  0.069049     2707   491.9   4616.5  28553.7  33.7  316.0  1954.4
     308  0.077935     2716   441.6   4370.3  49286.9  30.1  298.3  3364.3
     310  0.086215     2531   473.6   4584.7  29447.7  32.4  313.8  2015.6
     313  0.094590     2560   478.6   4462.2 215065.0  32.8  305.8 14740.6
     315  0.103191     2629   463.1   6485.3  57343.8  31.7  444.2  3927.7
     318  0.111828     2640   476.7   5775.1  21582.4  32.6  395.3  1477.2
     321  0.120128     2537   488.4   4964.8  84121.8  33.5  340.5  5769.7
     323  0.129206     2775   489.1   5281.8  45228.2  33.5  362.3  3102.1
     326  0.138223     2756   479.4   5302.6  49217.9  32.9  364.2  3380.3
     331  0.144589     1946   479.9   5570.1 186421.7  33.0  382.6 12803.7
     335  0.151335     2062   462.6   4809.6  44741.4  31.8  330.3  3072.9
     340  0.157666     1935   473.3   5101.2  18225.8  32.4  349.6  1249.2
     345  0.164166     1987   466.3   4578.1  13521.7  32.0  314.6   929.3
     350  0.170712     2001   452.5   5773.9  26503.5  31.0  395.7  1816.6
     355  0.177242     1996   469.7   6915.1 199092.4  32.1  472.7 13608.5
     360  0.183678     1967   464.9   3945.9  19209.0  31.8  269.7  1313.0
     365  0.190270     2015   491.7   7178.5  26471.7  33.5  489.0  1803.2
     371  0.196695     1964   474.9   4472.5  41525.5  32.1  302.2  2805.8
     376  0.203143     1971   480.8   4302.6  23811.9  32.8  293.5  1624.3
     385  0.207508     1334   481.6   4612.2 189265.1  32.5  311.2 12770.9
     395  0.211316     1164   458.1   3991.2  20256.4  30.9  269.5  1367.8
     405  0.215284     1213   462.0   3984.6 203764.5  31.2  269.2 13767.9
     415  0.219442     1271   466.8   4906.8  37026.8  31.7  332.9  2512.0
     425  0.223424     1217   484.8   3987.8  18575.3  32.7  268.9  1252.6
     430  0.227703     1308   495.7   4205.1  16905.2  33.4  283.6  1139.9
     435  0.231861     1271   442.8   5477.0  24510.3  29.9  369.8  1655.0
     441  0.236055     1282   453.3   9529.4  68958.4  30.8  646.5  4678.3
     446  0.240151     1252   485.5   4645.1  59776.0  32.7  313.0  4028.0
     452  0.244659     1378   463.2   7852.8  27457.0  31.0  525.6  1837.8
     457  0.248929     1305   481.9   5265.3  28174.2  32.4  353.9  1893.4
     463  0.253100     1275   449.9   5256.0  48014.5  30.5  356.1  3253.0
     468  0.257258     1271   455.1   5772.9  23105.2  30.8  390.3  1562.2
     474  0.261279     1229   465.8   4556.3 157254.0  31.5  307.7 10618.1
     480  0.265453     1276   456.6   5960.8  35101.3  30.9  403.3  2374.9
     491  0.285024     5982   465.9   6156.1  51642.4  31.2  412.6  3461.3
     502  0.304391     5920   445.7   5510.4  85275.3  30.1  371.6  5750.2
     513  0.323543     5854   456.2   4912.1  42464.0  30.3  326.6  2823.4
     525  0.342802     5887   471.8   5286.3  52744.3  31.2  350.1  3493.0
     537  0.362042     5881   481.5   4968.2  27675.1  31.9  329.0  1832.8
     549  0.381665     5998   474.5   4795.7  20278.5  31.4  317.4  1342.1
     561  0.401441     6045   463.6   4966.8  32765.2  30.7  328.7  2168.4
     574  0.420999     5978   479.6   4908.2  35533.4  32.1  328.3  2376.8
     587  0.440919     6089   479.6   4553.8  96576.1  31.9  303.0  6425.6
     600  0.460951     6123   463.0   4730.0  66069.8  30.7  313.5  4378.4
     607  0.466764     1777   471.3   4910.6  53485.0  31.2  325.4  3544.4
     615  0.472349     1707   451.0   6393.1  48650.8  30.2  427.9  3256.4
     623  0.477917     1702   435.4   4547.1 106072.1  29.0  303.1  7071.5
     630  0.483632     1747   488.9   5515.3 116585.6  32.6  367.4  7767.2
     638  0.489397     1762   457.4   4600.9  20814.7  30.4  306.1  1384.9
     646  0.495453     1851   483.8   4773.8  34191.1  32.2  318.3  2279.4
     654  0.501181     1751   456.3   4254.7 114836.2  30.3  282.9  7635.4
     662  0.507037     1790   456.9   4107.1  38993.9  30.5  273.8  2599.6
     671  0.512448     1654   455.6   4979.0  47220.8  30.4  332.6  3154.4
     679  0.518213     1762   475.2   4721.5  38386.8  31.7  315.4  2564.2
     685  0.521739     1078   438.8   4429.4  56114.0  29.3  295.9  3748.4
     690  0.525106     1029   479.4   7070.9  22213.3  32.0  472.3  1483.9
     696  0.528659     1086   436.1   6850.1  21060.3  29.1  456.7  1404.0
     702  0.532068     1042   448.8   5731.9  31518.8  29.9  382.1  2101.3
     707  0.535513     1053   510.0   4193.0  16411.8  34.0  279.2  1092.7
     713  0.538994     1064   483.0   3990.0  30343.7  32.1  265.5  2018.9
     719  0.542337     1022   430.9   5925.5  49270.7  28.6  393.7  3273.8
     725  0.545942     1102   439.1   4815.1  32424.5  29.2  319.9  2154.4
     731  0.549263     1015   418.1   4717.6  38342.0  27.8  313.7  2549.3
     737  0.552816     1086   412.5   3948.4  18281.5  27.4  262.4  1214.7
     749  0.557749     1508   443.5  10606.2 199800.4  29.3  701.5 13214.3
     762  0.562526     1460   445.6   5568.0  64402.1  29.5  368.0  4256.6
     774  0.567449     1505   453.8   4196.2  25493.1  30.0  277.5  1686.1
     787  0.572272     1474   487.5   5058.8  39771.8  32.2  334.6  2630.4
     800  0.576790     1381   492.8   5826.0  78904.9  32.4  382.8  5184.3
     816  0.579567      849   505.0   7465.4 112676.4  33.2  490.2  7398.3
     833  0.582446      880   505.5   5628.4 216607.8  33.2  370.0 14241.1
     850  0.585466      923   487.4   5076.9 221512.5  31.9  332.5 14506.4
     867  0.588538      939   454.4   4376.9  16254.1  29.6  284.8  1057.5
     885  0.591407      877   471.5   5626.1  12087.1  30.8  368.0   790.5
     914  0.595143     1142   442.8   4152.6  33628.8  28.9  271.1  2195.1
     945  0.599003     1180   471.6   5210.9  22032.8  30.5  336.8  1424.2
     976  0.602730     1139   457.8   4596.3  12214.3  29.9  299.8   796.8
    1009  0.606633     1193   410.2   5078.2  14443.3  26.4  326.8   929.4
    1042  0.610169     1081   489.4   5392.1  68910.7  31.6  347.7  4443.0
    1085  0.614040     1183   492.8   5157.6  16401.5  31.6  330.6  1051.4
    1130  0.617658     1106   489.1   4262.1  18741.0  31.3  273.0  1200.6
    1177  0.621603     1206   466.9   4771.8  11466.1  29.8  304.1   730.8
    1226  0.625176     1092   442.5   4703.0  26604.8  28.0  297.7  1683.8
    1277  0.628863     1127   435.3   8075.8 114287.1  27.2  504.4  7138.5
    1316  0.632187     1016   413.2   4667.8  19007.9  25.9  292.5  1191.0
    1357  0.635347      966   470.3   5304.5  99521.0  29.5  333.0  6247.4
    1399  0.638792     1053   469.2   3985.4  13094.8  29.3  249.1   818.4
    1436  0.641439      809   479.6   5113.9 192128.1  20.5  218.1  8193.1
    1484  0.644439      917   394.5   4540.7 121190.1  16.8  193.0  5150.5
    1534  0.647432      915   489.5   5134.6  24848.3  20.8  218.7  1058.3
    1559  0.651531     1253   457.6   4503.2  16055.6  19.6  193.0   688.2
    1585  0.655618     1249   470.1   5491.6  15802.2  20.1  235.0   676.2
    1611  0.659455     1173   474.4   4868.9  35836.9  20.3  208.1  1531.5
    1637  0.663348     1190   433.2   7003.3 124439.0  18.6  300.1  5331.6
    1664  0.667395     1237   478.1   5622.6  15707.8  20.4  240.3   671.3
    1865  0.670330      897   498.4  10729.2 140181.3  21.3  459.3  6000.9
    2091  0.673412      942   447.9   4353.6 202271.6  19.1  185.9  8636.7
    2412  0.676899     1066   463.4  13123.6 117433.0  19.8  559.6  5007.8
    2742  0.679601      826   491.5   6430.1 134105.3  20.9  273.5  5704.2
    3118  0.682500      886   502.6   4074.1  36271.6  20.1  162.8  1449.1
    3544  0.685310      859   530.6   4207.8  12457.4  21.2  168.0   497.3
    4030  0.688094      851   470.3   6447.5 167677.3  18.6  254.8  6627.6
    4582  0.690738      808   492.5   3980.8  26368.3  18.4  148.5   983.5
    5210  0.693590      872   458.3  10272.2  33068.3  17.1  382.6  1231.6
    5652  0.696456      876   439.9   4459.5  91247.2  16.4  166.1  3399.7
    6132  0.699613      965   483.1   7026.5  26676.8  17.0  247.6   940.0
    6653  0.702682      938   464.8   4277.9 172995.1  16.2  149.3  6038.2
    7217  0.705777      946   498.2   3962.0 176193.3  16.6  131.7  5855.5
    7830  0.708813      928   489.5   4183.5  24885.7  16.3  139.1   827.3
   10373  0.711466      811   486.0   5525.7 220186.3  14.3  162.6  6478.0
   13741  0.714211      839   544.9  10488.6 220447.3  14.4  277.0  5822.7
   18203  0.716822      798   476.4   6393.2  45405.0  11.0  147.5  1047.6
   24115  0.719184      722   557.7   5438.1  33109.5  10.3  100.5   611.9
   31946  0.721706      771   580.6   7542.9  69327.4   9.0  116.9  1074.2
   33343  0.724363      812   575.5   4174.2  28958.0   8.8   63.5   440.6
   34801  0.727016      811   556.4   4936.7  52295.8   8.3   73.7   780.8
   36322  0.729604      791   614.9   4003.8  39100.7   8.7   56.6   552.6
   37450  0.732348      839   530.0   6331.9 118663.1   6.7   79.8  1495.8
   38377  0.735397      932   565.8   6301.1  65436.0   6.9   77.1   800.8
   39327  0.738142      839   585.0   8296.4  33764.8   7.1  101.2   411.9
   40382  0.741931     1158   596.5   5377.1  25189.8   7.2   64.8   303.5
   41214  0.745552     1107   558.5   6237.2 173375.3   6.6   74.1  2060.6
   42062  0.749269     1136   587.2   8240.2  28124.2   7.0   98.0   334.3
   42928  0.753002     1141   551.7   4064.9  27805.2   6.4   47.2   323.2
   43811  0.756509     1072   604.9   5631.1  34882.9   7.0   65.3   404.2
   44531  0.760350     1174   595.7  11774.5 125281.8   6.8  135.3  1439.9
   45079  0.764324     1215   592.6   5839.5  59991.9   6.8   67.0   688.3
   45634  0.768636     1318   598.4   4873.2  22567.8   6.6   54.0   250.1
   46195  0.772565     1201   598.6   6401.7  42155.2   6.6   70.9   467.0
   46763  0.776881     1319   585.8   9372.4 201343.1   6.5  103.7  2228.0
   47435  0.782642     1761   627.0   7290.6  48004.7   6.8   79.2   521.6
   47823  0.786463     1168   595.4   6715.2  32312.8   6.5   72.8   350.2
   48215  0.790045     1095   557.5   6042.8  20752.1   6.1   65.7   225.6
   48609  0.793706     1119   611.5   7034.8  22566.7   6.5   75.3   241.4
   49007  0.797531     1169   561.5   8294.1  20090.4   6.0   88.6   214.6
   49408  0.801208     1124   610.8   6366.1  30227.3   6.5   68.2   323.8
   49813  0.805180     1214   629.8   6069.5  19361.6   6.6   63.8   203.6
   50221  0.808755     1093   588.7   5391.7  20948.6   6.2   56.5   219.6
   50632  0.812482     1139   578.0   4500.0  24415.4   6.1   47.2   256.3
   51046  0.816156     1123   602.1   4941.8  46376.9   6.3   52.1   488.5
   55381  0.819169      921   675.7   4914.9  21203.5   6.4   46.9   202.2
   60084  0.821972      857   639.0   4422.4  36426.1   5.8   40.1   330.2
   64132  0.825529     1087   627.5  13333.0  84278.9   5.5  116.0   733.2
   66528  0.828300      847   711.0   7674.7 120578.6   6.1   65.5  1029.7
   69014  0.831329      926   731.2   7713.1  85025.7   6.1   64.0   705.6
   71156  0.834133      857   729.5  11805.9 100528.1   5.9   95.4   812.5
   72473  0.836822      822   690.8   5443.5  85029.7   5.5   43.6   680.3
   73814  0.839541      831   764.4   7923.1 105924.3   6.1   63.3   846.2
   75180  0.842397      873   785.6   7639.6 228026.7   5.3   51.1  1526.3
   75795  0.845622      986   780.4   9101.5  26968.0   5.3   61.3   181.6
   76416  0.848397      848   706.5   9676.5 147237.0   4.7   64.9   987.6
   77041  0.851308      890   769.9  10882.0  38018.6   5.3   74.6   260.7
   77672  0.854367      935   779.7   7625.1  19945.9   5.3   51.6   135.0
   78307  0.857102      836   753.0   5643.7  23255.2   5.0   37.7   155.3
   78948  0.860099      916   780.6  10172.2  76136.1   4.9   63.3   473.6
   79595  0.862978      880   766.5   7428.2  24777.4   4.0   38.9   129.8
   80246  0.866011      927   752.7   7371.0  21920.5   4.0   38.7   115.2
   80903  0.869135      955   733.3   8402.6 227490.5   3.9   45.1  1220.4
   81565  0.872073      898   761.4   8863.5 219149.5   4.4   50.9  1259.4
   85305  0.875613     1082   796.0   8013.0  22520.5   4.6   46.1   129.7
   89216  0.878786      970   752.6   8337.3 144267.6   4.5   49.5   856.2
   93306  0.882391     1102   795.3   8870.4  40290.5   4.4   49.0   222.4
   97584  0.885620      987   814.9   9001.5  25812.6   4.2   46.4   132.9
  102058  0.888774      964   862.9   7328.8  17849.7   4.5   38.5    93.9
  105871  0.891588      860   833.5   7822.3  21233.8   4.0   37.7   102.2
  109826  0.894218      804   869.3   7109.3 123621.3   3.8   31.0   539.3
  113929  0.897110      884   878.9   8369.2  50844.1   4.0   37.9   230.0
  118669  0.899904      854   946.5   8760.6  46568.0   4.3   39.8   211.5
  123857  0.902521      800   899.4   7721.4  24964.5   3.7   32.0   103.3
  129272  0.905217      824   855.3   8715.2  24333.5   3.0   30.6    85.4
  135199  0.907922      827   883.1  11250.9  29261.7   2.8   35.1    91.2
  141975  0.910628      827   920.0  14124.8  34384.9   2.7   40.7    99.1
  149091  0.913523      885  1002.7   8064.1  86349.3   2.7   22.0   235.4
  156563  0.916425      887   993.0  11019.9  32681.3   2.6   29.2    86.7
  164410  0.919415      914   954.8  13145.8  84293.7   2.4   33.2   213.1
  172651  0.922111      824  1045.3  11353.6  18478.5   2.5   26.6    43.4
  181304  0.924804      823  1012.1  11430.3  24835.9   2.3   25.9    56.3
  189618  0.927630      864  1048.4  16681.3  43164.8   2.3   37.3    96.6
  197911  0.930493      875  1076.9  11212.1  77166.0   2.3   24.1   166.1
  206566  0.933234      838  1103.6  13074.8 219225.5   2.3   27.0   452.2
  215160  0.935744      767  1201.6  13202.1 198600.3   2.4   26.8   402.5
  223195  0.938430      821  1158.2   9721.8  34258.4   2.2   18.9    66.5
  231530  0.940988      782  1251.7   8570.7  21645.8   2.4   16.1    40.7
  240177  0.944004      922  1236.1   9705.0  41376.9   2.3   18.2    77.8
  253761  0.946716      829  1298.9  17818.8  58056.1   2.3   31.9   104.1
  268113  0.949291      787  1373.6  13065.6  82579.8   2.3   22.3   140.9
  283277  0.952006      830  1395.2  15711.8 189737.7   2.3   25.6   309.5
  318166  0.954758      841  1475.0  16551.7 147580.6   2.2   24.6   219.6
  368444  0.957506      840  1557.1  15509.7  43575.1   2.1   20.9    58.8
  426666  0.960427      893  1771.6  19936.1 227024.7   2.1   23.2   264.6
  514641  0.963440      921  2066.8  31421.0 148854.9   2.0   30.1   142.4
  643946  0.966140      825  2278.2  16736.7  34546.8   1.7   12.6    26.0
  792711  0.969064      894  2640.3  30596.1 152950.6   1.7   19.2    95.8
  940700  0.971750      821  3095.8  22167.7  70651.4   1.6   11.8    37.6
 1000000  1.000000     8635  3392.3  32960.0 105876.4   1.7   16.8    54.1
