# Digested data for dctcp_w4 experiment, run at 2026-04-21 01:08:17.884497
# Averaged across 1 repeated sample(s)
# length  cum_frac  samples     p50      p99     p999   s50    s99    s999
      92  0.007368      592 33324.8 163962.3 1044136.4 2092.1 9942.3 63817.9
     199  0.014238      552 30714.5 178004.9 1074201.7 1969.1 11536.3 69617.7
     232  0.022228      642 33028.3 165826.4 1103472.6 2139.7 10852.5 72133.4
     248  0.030131      635 32355.3 211820.4 1073555.7 2159.9 14140.2 71665.9
     265  0.037747      612 31241.6 169441.9 1055160.1 2113.8 11448.8 71054.6
     288  0.046696      719 34951.0 142990.6 1042557.2 2356.8 9635.5 70253.2
     303  0.059527     1031 32749.8 156408.1 1044367.9 2199.4 10575.3 70138.9
     305  0.068438      716 32961.3 143718.9 250630.8 2224.1 9697.6 16911.7
     308  0.077113      697 32522.9 153976.4 1152093.7 2193.1 10382.8 77686.7
     310  0.085165      647 33115.1 161421.5 1108606.2 2233.0 10884.8 74754.3
     313  0.093516      671 33191.9 145805.6 1039698.6 2241.2 9845.1 70202.5
     315  0.101792      665 30620.3 141981.5 1073769.4 2063.4 9567.5 72356.4
     318  0.110180      674 33471.9 158898.5 221175.1 2249.5 10678.7 14863.9
     321  0.118494      668 30451.1 173172.8 1045459.3 2046.4 11638.0 70259.4
     323  0.127442      719 33232.1 179516.7 1091316.0 2234.8 12072.4 73390.5
     326  0.135482      646 32988.8 151470.4 196773.2 2215.5 10172.6 13215.1
     331  0.141979      522 31218.1 148197.6 1054625.0 2102.2 9979.6 71018.5
     340  0.154549     1010 32671.5 164779.7 1078792.6 2200.1 11088.8 72646.0
     345  0.161344      546 33729.5 191611.4 1138800.3 2271.3 12903.1 76686.9
     350  0.167604      503 31623.9 145320.4 1045267.7 2116.7 9726.9 69964.4
     355  0.174536      557 34926.8 160807.9 1154598.3 2334.7 10749.2 77179.0
     360  0.181294      543 30444.0 156910.4 1040045.8 2026.9 10446.8 69244.1
     365  0.187890      530 32955.5 164214.8 1045657.9 2207.3 10999.0 70037.4
     371  0.194250      511 32454.5 157462.3 1182575.8 2170.9 10532.6 79102.1
     376  0.200884      533 32878.9 205704.3 1119116.0 2203.7 13787.1 75007.8
     395  0.209035      655 32402.1 177781.3 1142042.5 2168.8 11883.8 76339.7
     415  0.217474      678 30513.5 136575.7 174609.3 2048.3 9153.9 11703.0
     430  0.225700      661 32656.4 203272.0 1059224.9 2192.1 13624.1 71136.7
     441  0.233416      620 36628.9 160581.3 1024619.1 2469.9 10828.1 69137.6
     452  0.241942      685 33767.2 154640.0 1034484.7 2267.8 10404.7 69475.1
     463  0.250019      649 32514.4 152567.3 1137723.8 2179.6 10212.0 76357.3
     474  0.258034      644 33267.5 175978.7 1138926.7 2222.3 11779.0 76233.4
     491  0.282016     1927 33040.0 168464.8 1109822.4 2208.6 11261.0 74186.0
     502  0.300846     1513 32552.8 168188.1 1084600.6 2171.6 11220.0 72354.9
     513  0.320548     1583 32919.2 153983.4 1088678.8 2190.2 10245.1 72433.7
     525  0.340324     1589 34199.2 162680.9 1094601.4 2276.9 10831.0 72876.3
     537  0.359577     1547 33718.4 183009.3 1151228.2 2247.9 12200.6 76748.5
     549  0.379589     1608 32197.8 155455.7 1079137.0 2145.1 10356.8 71894.5
     561  0.398320     1505 34297.8 147050.7 242679.6 2278.9 9770.8 16124.9
     574  0.417872     1571 32228.1 146227.6 1048577.8 2147.1 9742.0 69858.6
     587  0.437673     1591 32526.0 152071.5 1041861.1 2168.4 10138.1 69457.4
     600  0.457586     1600 33011.8 175799.3 1126017.7 2196.4 11696.6 74918.0
     615  0.469023      919 32834.9 160103.2 1061889.6 2184.6 10609.9 70651.3
     630  0.480560      927 34075.1 162451.9 1064798.6 2261.1 10779.8 70563.2
     646  0.491587      886 32452.9 181832.1 1075910.1 2147.7 12041.9 71252.3
     662  0.503273      939 33367.1 148590.5 1175041.2 2202.4 9814.4 77611.7
     679  0.514760      923 32092.3 147718.4 1114632.4 2108.1 9686.4 73090.7
     690  0.521792      565 32619.6 157176.5 1043286.7 2141.8 10320.2 68412.2
     702  0.528899      571 33047.4 155259.8 1044031.3 2165.6 10174.3 68416.2
     713  0.535482      529 34053.7 171070.7 1055538.4 2225.7 11195.7 69079.7
     725  0.542987      603 31725.9 158187.4 1106789.0 2077.2 10332.3 72481.3
     737  0.549932      558 32195.8 159337.5 1151730.4 2105.0 10353.3 74836.3
     762  0.559490      768 32352.7 159122.7 1149726.9 2112.2 10352.8 74803.3
     787  0.569123      774 35642.7 176006.8 1029124.7 2320.5 11451.3 67000.3
     816  0.576764      614 32322.5 165044.2 1114592.9 2103.6 10696.3 72754.1
     850  0.583049      505 33101.2 199682.2 1178264.1 2159.2 13025.6 76860.0
     885  0.589496      518 31879.0 151264.1 1080584.9 2074.1 9841.5 70304.8
     945  0.596826      589 33145.8 153934.0 1050443.8 2144.0 9956.9 68078.0
    1009  0.604518      618 34282.0 145195.7 1251227.0 2204.8 9349.4 79594.6
    1085  0.612060      606 32008.8 161824.3 1151370.7 2028.4 10255.0 72963.9
    1177  0.619017      559 29673.8 150531.2 1056518.3 1873.3 9461.4 66699.4
    1277  0.626024      563 31302.9 140388.3 1048075.8 1960.1 8790.8 65138.3
    1357  0.632309      505 33137.1 151122.4 337567.8 2041.7 9351.6 20799.0
    1484  0.641357      727 33100.8 163135.3 1039195.0 1606.3 9598.8 43792.5
    1559  0.648587      581 36919.8 214055.2 1050711.8 1551.6 8986.4 44203.3
    1611  0.656801      660 31999.5 160013.9 1043150.2 1344.5 6723.3 43829.8
    1664  0.664941      654 31221.9 151087.4 1044723.5 1310.2 6342.9 43859.1
    2412  0.674151      740 34724.2 162354.3 1069454.2 1456.6 6804.5 44878.5
    3544  0.682813      696 33811.1 161072.7 1151081.0 1348.0 6316.6 45264.7
    5210  0.690902      650 32247.3 144759.0 1080858.2 1189.4 5560.2 42370.0
    6653  0.699950      727 30257.0 149695.5 1047992.1 1064.0 5429.9 38312.4
   10373  0.708675      701 33247.6 159515.8 1064075.6 1043.4 5159.2 34331.7
   24115  0.716453      625 34622.3 182580.8 1072354.4 816.0 4257.4 27891.5
   34801  0.724456      643 37988.8 194414.1 1100821.2 571.9 2868.3 16241.1
   38377  0.733230      705 36072.4 181554.5 1039991.0 458.0 2323.7 12762.2
   41214  0.743161      798 35670.4 229687.5 1044829.1 429.5 2754.7 12752.7
   42928  0.751400      662 39043.3 192431.5 1115262.6 458.9 2236.5 13218.7
   44531  0.758755      591 41224.3 268847.3 1122319.3 468.8 3057.5 12763.8
   45634  0.766721      640 36576.8 241508.0 1165147.2 407.5 2710.0 13183.4
   46763  0.773989      584 38633.3 198129.2 341041.4 426.2 2193.2  3775.1
   47823  0.783559      769 37750.4 196778.4 1083600.6 411.2 2143.3 11802.6
   48609  0.790877      588 40853.6 253970.5 1178524.6 442.8 2760.2 12808.7
   49408  0.798581      619 38696.6 244975.4 1074500.3 410.7 2600.9 11407.8
   50221  0.805825      582 37519.6 213220.9 230477.0 392.3 2229.6  2410.1
   51046  0.813528      619 37008.7 235243.7 1094515.4 386.0 2453.3 11414.3
   64132  0.822377      711 38994.2 217170.5 1134279.2 353.8 2062.6 10292.9
   71156  0.831674      747 42193.8 231439.0 1140557.4 350.2 1912.1  9775.1
   75180  0.839963      666 42544.9 248317.5 1111538.1 325.9 1985.7  8363.0
   77041  0.848712      703 44988.9 253636.8 1136405.3 329.1 1851.4  8294.9
   78948  0.858021      748 43958.6 270568.5 1051337.9 312.8 1925.3  7584.9
   80903  0.867293      745 53036.8 424180.2 1054159.0 374.2 2975.9  7437.8
   85305  0.874449      575 65968.5 364419.6 1310383.7 447.6 2443.6  9111.3
   93306  0.881518      568 73209.1 350456.9 1178104.4 461.6 2119.0  7613.4
  102058  0.888314      546 82209.8 358259.1 1187634.0 476.2 2017.6  6964.0
  113929  0.896403      650 81197.9 1085139.1 1219615.8 430.0 5754.0  6153.5
  129272  0.904767      672 84618.0 439315.2 1508409.0 395.8 2000.5  7481.8
  149091  0.912993      661 83735.0 1051811.0 1237851.4 301.0 3037.9  4924.4
  172651  0.921556      688 86294.6 390947.9 1213449.9 233.9  985.6  3541.5
  197911  0.929932      673 108014.1 540352.5 1210114.4 260.8 1363.6  2914.9
  223195  0.938320      674 113405.4 438160.3 1116809.9 245.2  954.6  2501.5
  253761  0.946559      662 110007.7 600860.1 1193829.3 217.1 1137.1  2343.8
  318166  0.954798      662 123157.3 487346.0 1225776.0 212.7  895.7  2156.6
  514641  0.963696      715 162831.4 704705.2 1401423.1 195.8  777.8  1854.4
  940700  0.972122      677 259545.8 1432582.2 1620072.8 159.3  843.0   982.4
 1000000  1.000000     2240 318136.4 1399242.9 1872067.0 164.3  722.8   967.0
