# Fraction of RTTS longer than a given time for dctcp_load_aware_w4 experiment
# Includes messages <= 315 bytes; measured at 2026-04-21 01:08:17.884497
# Averaged across 1 repeated sample(s)
# Data collected at 2026-04-21 01:08:17.884497 
#       usec        frac
     601.770  0.99971190
     614.940  0.99913570
     631.890  0.99884759
     831.770  0.99855949
     903.470  0.99827139
     995.210  0.99798329
    1030.030  0.99769519
    1146.030  0.99740709
    1317.760  0.99711899
    1446.650  0.99683088
    1817.340  0.99654278
    1897.160  0.99625468
    4018.660  0.99596658
    4645.710  0.99567848
    5406.900  0.99539038
    5592.550  0.99510228
    5977.480  0.99481417
    6044.210  0.99452607
    6153.480  0.99423797
    6215.770  0.99366177
    6289.170  0.99308557
    6379.430  0.99250936
    6513.230  0.99135696
    6585.060  0.99078075
    6669.410  0.99049265
    6737.900  0.98934025
    6905.390  0.98876404
    7038.730  0.98789974
    7120.350  0.98732354
    7252.600  0.98645923
    7336.610  0.98588303
    7450.500  0.98559493
    7531.070  0.98501873
    7654.770  0.98473063
    7776.340  0.98444252
    7887.540  0.98415442
    8080.080  0.98357822
    8207.250  0.98271392
    8318.110  0.98242581
    8530.400  0.98184961
    8676.260  0.98127341
    8785.490  0.98069721
    8896.980  0.98012100
    9057.040  0.97925670
    9365.990  0.97839239
    9697.750  0.97781619
    9877.760  0.97752809
   10032.660  0.97723999
   10415.780  0.97666379
   10561.330  0.97579948
   10761.790  0.97522328
   10914.540  0.97435897
   11101.740  0.97320657
   11323.450  0.97291847
   11437.100  0.97205416
   11847.520  0.97176606
   11990.950  0.97147796
   12122.040  0.97061366
   12244.540  0.97003745
   12371.520  0.96859695
   12500.560  0.96773264
   12632.770  0.96686834
   12814.080  0.96629213
   13205.630  0.96485163
   13421.270  0.96398732
   13571.530  0.96341112
   13750.810  0.96283492
   13905.310  0.96225872
   14120.360  0.96081821
   14301.070  0.95995390
   14522.710  0.95880150
   14673.200  0.95793719
   14829.540  0.95678479
   15006.910  0.95563238
   15184.130  0.95505618
   15380.210  0.95419188
   15651.320  0.95303947
   15917.440  0.95246327
   16103.280  0.95102276
   16286.180  0.95015846
   16450.020  0.94987035
   16623.270  0.94785364
   16890.500  0.94727744
   17152.550  0.94698934
   17378.000  0.94670124
   17585.500  0.94583693
   17809.710  0.94526073
   18018.880  0.94410833
   18301.760  0.94324402
   18529.320  0.94266782
   18734.110  0.94180351
   18974.810  0.94065111
   19184.370  0.93949870
   19417.890  0.93834630
   19630.020  0.93719389
   19853.490  0.93632959
   20061.520  0.93546528
   20324.730  0.93344857
   20545.790  0.93229617
   20767.420  0.93171997
   20997.940  0.92999136
   21468.180  0.92883895
   21690.770  0.92739844
   21933.790  0.92595794
   22219.710  0.92394123
   22496.360  0.92307692
   22797.890  0.92163642
   23209.070  0.92048401
   23463.610  0.91875540
   23802.390  0.91789110
   24043.550  0.91673869
   24342.530  0.91472198
   24598.240  0.91241717
   24879.280  0.91097666
   25134.930  0.90867185
   25419.270  0.90694324
   25785.610  0.90550274
   26133.220  0.90348603
   26422.110  0.90146932
   26847.680  0.90060501
   27124.320  0.89945261
   27455.580  0.89772400
   27743.690  0.89599539
   28029.410  0.89426678
   28342.100  0.89167387
   28638.860  0.88936906
   28930.710  0.88821665
   29222.630  0.88648804
   29762.600  0.88504754
   30123.440  0.88216652
   30428.070  0.88130222
   30810.980  0.87957361
   31163.180  0.87755690
   31499.860  0.87582829
   31831.130  0.87294728
   32345.900  0.86804955
   32738.440  0.86516854
   33108.860  0.86171132
   33467.940  0.85911841
   33810.020  0.85681360
   34160.020  0.85479689
   34575.420  0.85335638
   34957.040  0.85162777
   35332.640  0.84989916
   35738.870  0.84845866
   36103.790  0.84528954
   36539.980  0.84298473
   36909.720  0.84096802
   37326.810  0.83895131
   37735.840  0.83491789
   38125.440  0.83203688
   38519.470  0.82915586
   38932.160  0.82627485
   39385.030  0.82310573
   39821.210  0.82051282
   40329.260  0.81647940
   40802.120  0.81417459
   41238.820  0.81129358
   41764.270  0.80812446
   42202.800  0.80495534
   42791.960  0.80293863
   43236.430  0.80121003
   43682.420  0.79775281
   44250.350  0.79544800
   44796.970  0.79314319
   45281.800  0.79026217
   45855.300  0.78680496
   46378.610  0.78363584
   46876.200  0.78017862
   47363.260  0.77672141
   47844.230  0.77470470
   48325.300  0.77153558
   48838.760  0.76721406
   49396.470  0.76202823
   49905.880  0.75914722
   50434.190  0.75540190
   50945.920  0.75165658
   51460.900  0.74791126
   52125.930  0.74474215
   52653.600  0.74128493
   53231.160  0.73725151
   53773.780  0.73408240
   54355.150  0.73091328
   54908.660  0.73004898
   55476.950  0.72601556
   56046.080  0.72111783
   56634.900  0.71823682
   57259.390  0.71276289
   57900.050  0.70930568
   58501.290  0.70556036
   59155.920  0.70383175
   59824.430  0.70008643
   60449.270  0.69893402
   61101.020  0.69605301
   61719.580  0.69259579
   62404.290  0.68971478
   63046.230  0.68452895
   63739.250  0.67991933
   64381.340  0.67617401
   65040.780  0.67300490
   65731.070  0.66810717
   66512.060  0.66464996
   67183.930  0.66148084
   67871.510  0.65687122
   68651.970  0.65427831
   69341.410  0.64966868
   70238.770  0.64592337
   70943.110  0.64016134
   71665.810  0.63583982
   72418.600  0.62921348
   73177.370  0.62575627
   73966.740  0.62114664
   74806.200  0.61624892
   75574.350  0.61279170
   76404.050  0.60904638
   77207.100  0.60270815
   78019.880  0.59982714
   78857.320  0.59694613
   79708.300  0.59233650
   80610.050  0.58715068
   81345.170  0.58110055
   82238.900  0.57620282
   83107.090  0.57130510
   83951.870  0.56698358
   84842.110  0.56295016
   85702.430  0.55862864
   86654.590  0.55545952
   87546.470  0.54998559
   88591.620  0.54652838
   89597.630  0.54393547
   90273.820  0.53846154
   91196.470  0.53385192
   92164.750  0.52837799
   93167.870  0.52463267
   94110.730  0.51915874
   95066.170  0.51397292
   95908.840  0.50878709
   96842.960  0.50360127
   97688.070  0.49841544
   98747.950  0.49524633
   99800.430  0.49092481
  100842.790  0.48631518
  101764.030  0.48141746
  102801.970  0.47680784
  103578.000  0.47191011
  104480.760  0.46701239
  105555.370  0.46240277
  106192.310  0.45750504
  107107.840  0.45289542
  107757.940  0.44828580
  108619.700  0.44367617
  109807.820  0.43935465
  110959.340  0.43532123
  111621.700  0.43071161
  112823.240  0.42639009
  113509.900  0.42206857
  114650.060  0.41774705
  115802.290  0.41457793
  117067.890  0.41054451
  118006.280  0.40622299
  119120.090  0.40190147
  120049.640  0.39786805
  121057.650  0.39383463
  121480.150  0.38980121
  122539.130  0.38576779
  123432.460  0.38173437
  124329.740  0.37770095
  125608.480  0.37424373
  126532.760  0.37049842
  127372.100  0.36675310
  127877.710  0.36300778
  128503.750  0.35926246
  129155.040  0.35551714
  130451.350  0.35177182
  131419.410  0.34802651
  132420.420  0.34428119
  132855.500  0.34082397
  133646.860  0.33736675
  134769.280  0.33390954
  135655.710  0.33045232
  136669.350  0.32699510
  137682.610  0.32353789
  138176.810  0.32008067
  138833.660  0.31662345
  139615.250  0.31345434
  140044.490  0.31028522
  140680.280  0.30711610
  141489.750  0.30394699
  142556.090  0.30077787
  143220.230  0.29760876
  144551.490  0.29443964
  145604.000  0.29127053
  146966.440  0.28810141
  147805.100  0.28493230
  149084.190  0.28205128
  150217.190  0.27917027
  150748.450  0.27628925
  151474.080  0.27340824
  152461.480  0.27052723
  153312.450  0.26764621
  154101.000  0.26476520
  154668.800  0.26188418
  155751.060  0.25900317
  156829.670  0.25641026
  158039.750  0.25381734
  159565.780  0.25122443
  160142.870  0.24863152
  161275.100  0.24603861
  161923.400  0.24344569
  163052.670  0.24085278
  163766.430  0.23825987
  164905.820  0.23566695
  165604.810  0.23307404
  166531.650  0.23048113
  167196.500  0.22788822
  167916.510  0.22558341
  169391.210  0.22327859
  170219.490  0.22097378
  170626.280  0.21866897
  171198.230  0.21636416
  171684.010  0.21405935
  172329.440  0.21175454
  172803.470  0.20944973
  173674.060  0.20714492
  174235.850  0.20484010
  175606.760  0.20253529
  176522.250  0.20023048
  176928.130  0.19821377
  177462.690  0.19619706
  178202.010  0.19418035
  178982.980  0.19216364
  179572.220  0.19014693
  180348.630  0.18813022
  181041.160  0.18611351
  182047.440  0.18409680
  182793.540  0.18208009
  183437.930  0.18006338
  184261.210  0.17804667
  184916.580  0.17602996
  185201.650  0.17401325
  185660.770  0.17199654
  187070.480  0.17026793
  187545.830  0.16853933
  188105.640  0.16681072
  189047.740  0.16508211
  190283.470  0.16335350
  191003.040  0.16162489
  191832.160  0.15989628
  192522.560  0.15816768
  192816.420  0.15643907
  193467.950  0.15471046
  194697.910  0.15298185
  195503.110  0.15125324
  196227.380  0.14952463
  196558.120  0.14779602
  197161.780  0.14606742
  198823.430  0.14433881
  199429.140  0.14261020
  200206.000  0.14116969
  200653.840  0.13972918
  201342.610  0.13828868
  201989.090  0.13684817
  202372.350  0.13540766
  203344.010  0.13396716
  204066.820  0.13252665
  204819.100  0.13108614
  205174.860  0.12964564
  205542.770  0.12820513
  206379.810  0.12676462
  206729.030  0.12532411
  207469.470  0.12388361
  208803.100  0.12244310
  209763.290  0.12100259
  210628.100  0.11956209
  211547.900  0.11812158
  212795.000  0.11668107
  213267.500  0.11524056
  213977.600  0.11380006
  214835.230  0.11264765
  216358.720  0.11149525
  216886.270  0.11034284
  217181.160  0.10919044
  217847.240  0.10803803
  218227.060  0.10688562
  220050.800  0.10573322
  221309.720  0.10458081
  222067.900  0.10342841
  223055.470  0.10227600
  223653.000  0.10112360
  224583.010  0.09997119
  224923.520  0.09881878
  225865.890  0.09766638
  226651.870  0.09651397
  227365.560  0.09536157
  228362.380  0.09420916
  229495.490  0.09305676
  229973.780  0.09190435
  232871.980  0.09104005
  234659.220  0.08988764
  236607.420  0.08873523
  237188.050  0.08758283
  238760.260  0.08643042
  239653.030  0.08527802
  240144.190  0.08441371
  240407.400  0.08354941
  241168.630  0.08268511
  241659.770  0.08182080
  242056.030  0.08095650
  243309.350  0.08009219
  244498.640  0.07922789
  245249.010  0.07836358
  247440.510  0.07749928
  247497.920  0.07663498
  248756.290  0.07577067
  249946.710  0.07490637
  250405.750  0.07404206
  252122.050  0.07317776
  252964.130  0.07231345
  254077.660  0.07144915
  255213.670  0.07058485
  256412.030  0.06972054
  257207.010  0.06885624
  258233.090  0.06799193
  258995.090  0.06712763
  259835.940  0.06626332
  260544.610  0.06539902
  261488.490  0.06453472
  262375.230  0.06367041
  264110.880  0.06280611
  264615.300  0.06194180
  266006.070  0.06107750
  267395.900  0.06021320
  268811.990  0.05934889
  269931.420  0.05848459
  271417.760  0.05762028
  272979.140  0.05675598
  273709.310  0.05617978
  273949.490  0.05560357
  275604.480  0.05502737
  276477.550  0.05445117
  276796.100  0.05387496
  277673.330  0.05329876
  278236.710  0.05272256
  278616.440  0.05214636
  279378.900  0.05157015
  279639.510  0.05099395
  280122.350  0.05041775
  280664.040  0.04984154
  282406.210  0.04926534
  282839.560  0.04868914
  283252.330  0.04811294
  283579.730  0.04753673
  284770.740  0.04696053
  285386.800  0.04638433
  286774.110  0.04580812
  286972.660  0.04523192
  288552.940  0.04465572
  288707.280  0.04407952
  289737.520  0.04350331
  292223.040  0.04292711
  293103.290  0.04235091
  293316.190  0.04177470
  296050.880  0.04119850
  297954.700  0.04062230
  300555.000  0.04004610
  301510.440  0.03946989
  303212.140  0.03889369
  303273.360  0.03831749
  303718.110  0.03774128
  305837.310  0.03716508
  307131.060  0.03658888
  307588.870  0.03601268
  308339.030  0.03543647
  309334.000  0.03486027
  313385.240  0.03457217
  316154.440  0.03399597
  316759.950  0.03341976
  317900.180  0.03284356
  320431.500  0.03226736
  322783.650  0.03169116
  324654.550  0.03111495
  324986.860  0.03053875
  329325.680  0.02996255
  331558.410  0.02938634
  333067.580  0.02881014
  335954.190  0.02823394
  335996.630  0.02794584
  336268.080  0.02765774
  339824.930  0.02736963
  339976.880  0.02708153
  340530.910  0.02679343
  341264.110  0.02650533
  342463.730  0.02621723
  343917.990  0.02592913
  344279.800  0.02564103
  345055.180  0.02535292
  346770.910  0.02506482
  347042.290  0.02477672
  347254.160  0.02448862
  348440.280  0.02420052
  349192.870  0.02391242
  350604.110  0.02362432
  351478.740  0.02333621
  352177.580  0.02304811
  352470.010  0.02276001
  352714.400  0.02247191
  356459.900  0.02218381
  357919.590  0.02189571
  358896.430  0.02160761
  359754.970  0.02131950
  360394.710  0.02103140
  362194.380  0.02074330
  362508.530  0.02045520
  362993.500  0.02016710
  364236.530  0.01987900
  364260.000  0.01959090
  365247.020  0.01930279
  368740.440  0.01901469
  369407.050  0.01872659
  370615.750  0.01843849
  375985.840  0.01815039
  385065.200  0.01786229
  387102.700  0.01757419
  388207.730  0.01728608
  390008.840  0.01699798
  392428.800  0.01670988
  400398.250  0.01642178
  400598.710  0.01613368
  401089.820  0.01584558
  403186.070  0.01555748
  404990.500  0.01526937
  411248.460  0.01498127
  412353.980  0.01469317
  418943.880  0.01440507
  423381.450  0.01411697
  426558.440  0.01382887
  430016.380  0.01354077
  435578.330  0.01325266
  440783.930  0.01296456
  442369.200  0.01267646
  443950.400  0.01238836
  454666.320  0.01210026
  468063.860  0.01181216
  471225.170  0.01152406
  478812.630  0.01123596
  510662.860  0.01094785
  540927.010  0.01065975
 1079862.210  0.01037165
 1081062.030  0.01008355
 1093013.040  0.00979545
 1093760.700  0.00950735
 1094819.510  0.00921925
 1095675.170  0.00893114
 1104512.850  0.00864304
 1110877.540  0.00835494
 1114208.580  0.00806684
 1119053.020  0.00777874
 1129302.950  0.00749064
 1162424.260  0.00720254
 1165430.100  0.00691443
 1171849.470  0.00662633
 1172095.660  0.00633823
 1179236.830  0.00605013
 1179806.310  0.00576203
 1180500.310  0.00547393
 1181506.350  0.00518583
 1184795.390  0.00489772
 1185176.300  0.00460962
 1190168.010  0.00432152
 1195713.920  0.00403342
 1209940.560  0.00374532
 1217206.630  0.00345722
 1222000.690  0.00316912
 1249494.800  0.00288101
 1250369.180  0.00259291
 1251053.050  0.00230481
 1264892.950  0.00201671
 1267127.710  0.00172861
 1271841.690  0.00144051
 1289816.370  0.00115241
 1303525.470  0.00086430
 1309770.430  0.00057620
 1443415.430  0.00028810
 1445988.490  0.00000000
