# Fraction of RTTS longer than a given time for unloaded_w4 experiment
# Includes messages <= 303 bytes; measured at 2026-04-21 01:08:17.884497
# Averaged across 1 repeated sample(s)
# Data collected at 2026-04-21 01:08:17.884497 
#       usec        frac
      14.240  0.99990000
      14.390  0.99590000
      14.460  0.98590000
      14.510  0.97600000
      14.540  0.96620000
      14.560  0.95650000
      14.580  0.94690000
      14.590  0.93740000
      14.610  0.92800000
      14.620  0.91870000
      14.640  0.90950000
      14.650  0.90040000
      14.660  0.89130000
      14.680  0.88230000
      14.690  0.87340000
      14.700  0.86460000
      14.710  0.85590000
      14.720  0.84730000
      14.730  0.83880000
      14.730  0.83040000
      14.740  0.82200000
      14.750  0.81370000
      14.760  0.80550000
      14.770  0.79740000
      14.780  0.78940000
      14.790  0.78150000
      14.790  0.77360000
      14.800  0.76580000
      14.810  0.75810000
      14.820  0.75050000
      14.830  0.74290000
      14.830  0.73540000
      14.840  0.72800000
      14.850  0.72070000
      14.850  0.71340000
      14.860  0.70620000
      14.870  0.69910000
      14.870  0.69210000
      14.880  0.68510000
      14.890  0.67820000
      14.900  0.67140000
      14.900  0.66460000
      14.910  0.65790000
      14.920  0.65130000
      14.930  0.64470000
      14.940  0.63820000
      14.940  0.63180000
      14.950  0.62540000
      14.960  0.61910000
      14.970  0.61290000
      14.980  0.60670000
      14.980  0.60060000
      14.990  0.59450000
      15.000  0.58850000
      15.010  0.58260000
      15.010  0.57670000
      15.020  0.57090000
      15.030  0.56510000
      15.040  0.55940000
      15.050  0.55380000
      15.060  0.54820000
      15.070  0.54270000
      15.080  0.53720000
      15.090  0.53180000
      15.100  0.52640000
      15.100  0.52110000
      15.110  0.51580000
      15.120  0.51060000
      15.130  0.50540000
      15.140  0.50030000
      15.150  0.49520000
      15.160  0.49020000
      15.170  0.48520000
      15.180  0.48030000
      15.200  0.47540000
      15.210  0.47060000
      15.210  0.46580000
      15.220  0.46110000
      15.230  0.45640000
      15.240  0.45180000
      15.250  0.44720000
      15.260  0.44270000
      15.270  0.43820000
      15.280  0.43380000
      15.290  0.42940000
      15.300  0.42510000
      15.310  0.42080000
      15.320  0.41650000
      15.330  0.41230000
      15.340  0.40810000
      15.350  0.40400000
      15.360  0.39990000
      15.370  0.39590000
      15.380  0.39190000
      15.380  0.38790000
      15.390  0.38400000
      15.400  0.38010000
      15.410  0.37620000
      15.410  0.37240000
      15.420  0.36860000
      15.430  0.36490000
      15.440  0.36120000
      15.450  0.35750000
      15.450  0.35390000
      15.460  0.35030000
      15.470  0.34670000
      15.480  0.34320000
      15.480  0.33970000
      15.490  0.33630000
      15.490  0.33290000
      15.500  0.32950000
      15.510  0.32620000
      15.520  0.32290000
      15.520  0.31960000
      15.530  0.31640000
      15.540  0.31320000
      15.550  0.31000000
      15.560  0.30680000
      15.560  0.30370000
      15.570  0.30060000
      15.570  0.29750000
      15.580  0.29450000
      15.590  0.29150000
      15.590  0.28850000
      15.600  0.28560000
      15.600  0.28270000
      15.610  0.27980000
      15.620  0.27700000
      15.620  0.27420000
      15.630  0.27140000
      15.640  0.26860000
      15.650  0.26590000
      15.650  0.26320000
      15.660  0.26050000
      15.670  0.25780000
      15.680  0.25520000
      15.680  0.25260000
      15.690  0.25000000
      15.700  0.24750000
      15.710  0.24500000
      15.710  0.24250000
      15.720  0.24000000
      15.730  0.23750000
      15.730  0.23510000
      15.740  0.23270000
      15.750  0.23030000
      15.750  0.22790000
      15.760  0.22560000
      15.770  0.22330000
      15.770  0.22100000
      15.780  0.21870000
      15.780  0.21650000
      15.790  0.21430000
      15.800  0.21210000
      15.810  0.20990000
      15.810  0.20780000
      15.820  0.20570000
      15.830  0.20360000
      15.840  0.20150000
      15.850  0.19940000
      15.860  0.19740000
      15.870  0.19540000
      15.870  0.19340000
      15.880  0.19140000
      15.890  0.18940000
      15.890  0.18750000
      15.900  0.18560000
      15.910  0.18370000
      15.920  0.18180000
      15.920  0.17990000
      15.930  0.17810000
      15.940  0.17630000
      15.940  0.17450000
      15.950  0.17270000
      15.960  0.17090000
      15.970  0.16910000
      15.980  0.16740000
      15.990  0.16570000
      16.000  0.16400000
      16.010  0.16230000
      16.020  0.16060000
      16.020  0.15890000
      16.030  0.15730000
      16.030  0.15570000
      16.040  0.15410000
      16.050  0.15250000
      16.060  0.15090000
      16.060  0.14930000
      16.070  0.14780000
      16.080  0.14630000
      16.090  0.14480000
      16.100  0.14330000
      16.110  0.14180000
      16.120  0.14030000
      16.130  0.13880000
      16.130  0.13740000
      16.140  0.13600000
      16.150  0.13460000
      16.170  0.13320000
      16.180  0.13180000
      16.190  0.13040000
      16.200  0.12900000
      16.210  0.12770000
      16.220  0.12640000
      16.230  0.12510000
      16.240  0.12380000
      16.250  0.12250000
      16.260  0.12120000
      16.280  0.11990000
      16.290  0.11870000
      16.300  0.11750000
      16.310  0.11630000
      16.330  0.11510000
      16.340  0.11390000
      16.350  0.11270000
      16.370  0.11150000
      16.380  0.11030000
      16.410  0.10910000
      16.430  0.10800000
      16.440  0.10690000
      16.460  0.10580000
      16.470  0.10470000
      16.490  0.10360000
      16.500  0.10250000
      16.520  0.10140000
      16.550  0.10030000
      16.570  0.09920000
      16.590  0.09820000
      16.610  0.09720000
      16.620  0.09620000
      16.640  0.09520000
      16.660  0.09420000
      16.700  0.09320000
      16.710  0.09220000
      16.740  0.09120000
      16.760  0.09020000
      16.790  0.08920000
      16.810  0.08830000
      16.830  0.08740000
      16.860  0.08650000
      16.890  0.08560000
      16.940  0.08470000
      16.990  0.08380000
      17.050  0.08290000
      17.110  0.08200000
      17.260  0.08110000
      17.580  0.08060000
      17.780  0.07990000
      17.990  0.07940000
      18.270  0.07920000
      18.500  0.07880000
      18.700  0.07860000
      19.020  0.07820000
      19.310  0.07790000
      19.580  0.07750000
      19.910  0.07730000
      20.250  0.07710000
      20.600  0.07650000
      20.890  0.07630000
      21.120  0.07610000
      21.340  0.07530000
      21.570  0.07470000
      21.880  0.07420000
      22.000  0.07340000
      22.180  0.07260000
      22.480  0.07220000
      22.730  0.07140000
      22.990  0.07060000
      23.120  0.06980000
      23.330  0.06910000
      23.460  0.06840000
      23.550  0.06770000
      23.650  0.06700000
      23.910  0.06630000
      24.030  0.06560000
      24.100  0.06490000
      24.220  0.06420000
      24.330  0.06350000
      24.430  0.06280000
      24.680  0.06210000
      24.780  0.06140000
      24.920  0.06070000
      25.120  0.06000000
      25.200  0.05930000
      25.280  0.05870000
      25.370  0.05810000
      25.550  0.05750000
      25.710  0.05690000
      25.820  0.05630000
      25.930  0.05570000
      26.010  0.05510000
      26.120  0.05450000
      26.290  0.05390000
      26.480  0.05330000
      26.620  0.05270000
      26.680  0.05210000
      26.760  0.05150000
      26.870  0.05090000
      26.930  0.05030000
      27.150  0.04970000
      27.220  0.04920000
      27.310  0.04870000
      27.410  0.04820000
      27.510  0.04770000
      27.600  0.04720000
      27.660  0.04670000
      27.790  0.04620000
      27.880  0.04570000
      27.960  0.04520000
      28.030  0.04470000
      28.120  0.04420000
      28.200  0.04370000
      28.330  0.04320000
      28.400  0.04270000
      28.520  0.04220000
      28.620  0.04170000
      28.710  0.04120000
      28.820  0.04070000
      28.940  0.04020000
      29.040  0.03970000
      29.080  0.03930000
      29.160  0.03890000
      29.320  0.03850000
      29.330  0.03810000
      29.460  0.03770000
      29.520  0.03730000
      29.580  0.03690000
      29.670  0.03650000
      29.720  0.03610000
      29.730  0.03570000
      29.750  0.03530000
      29.880  0.03490000
      29.960  0.03450000
      30.000  0.03410000
      30.060  0.03370000
      30.130  0.03330000
      30.150  0.03290000
      30.260  0.03250000
      30.320  0.03210000
      30.350  0.03170000
      30.380  0.03130000
      30.420  0.03090000
      30.460  0.03050000
      30.510  0.03010000
      30.540  0.02970000
      30.560  0.02940000
      30.580  0.02910000
      30.590  0.02880000
      30.620  0.02850000
      30.630  0.02820000
      30.640  0.02790000
      30.660  0.02760000
      30.670  0.02730000
      30.700  0.02700000
      30.730  0.02670000
      30.760  0.02640000
      30.780  0.02610000
      30.790  0.02580000
      30.830  0.02550000
      30.850  0.02520000
      30.880  0.02490000
      30.890  0.02460000
      30.910  0.02430000
      30.910  0.02400000
      30.940  0.02370000
      31.000  0.02340000
      31.060  0.02310000
      31.100  0.02280000
      31.120  0.02250000
      31.170  0.02220000
      31.180  0.02190000
      31.210  0.02160000
      31.270  0.02130000
      31.280  0.02100000
      31.290  0.02070000
      31.390  0.02040000
      31.440  0.02010000
      31.510  0.01980000
      31.550  0.01960000
      31.570  0.01940000
      31.610  0.01920000
      31.650  0.01900000
      31.670  0.01880000
      31.680  0.01860000
      31.710  0.01840000
      31.760  0.01820000
      31.770  0.01800000
      31.780  0.01780000
      31.800  0.01760000
      31.820  0.01740000
      31.840  0.01720000
      31.850  0.01700000
      31.860  0.01680000
      31.870  0.01660000
      31.870  0.01640000
      31.870  0.01620000
      31.880  0.01600000
      31.930  0.01580000
      31.960  0.01560000
      31.970  0.01540000
      31.990  0.01520000
      32.000  0.01500000
      32.020  0.01480000
      32.020  0.01460000
      32.050  0.01440000
      32.070  0.01420000
      32.100  0.01400000
      32.120  0.01380000
      32.130  0.01360000
      32.160  0.01340000
      32.180  0.01320000
      32.190  0.01300000
      32.200  0.01280000
      32.220  0.01260000
      32.220  0.01240000
      32.250  0.01220000
      32.260  0.01200000
      32.280  0.01180000
      32.290  0.01160000
      32.300  0.01140000
      32.310  0.01120000
      32.320  0.01100000
      32.390  0.01080000
      32.410  0.01060000
      32.420  0.01040000
      32.490  0.01020000
      32.550  0.01000000
      32.620  0.00980000
      32.640  0.00970000
      32.650  0.00960000
      32.650  0.00950000
      32.650  0.00940000
      32.670  0.00930000
      32.670  0.00920000
      32.680  0.00910000
      32.710  0.00900000
      32.800  0.00890000
      32.800  0.00880000
      32.840  0.00870000
      32.840  0.00860000
      32.850  0.00850000
      32.850  0.00840000
      32.870  0.00830000
      32.870  0.00820000
      32.910  0.00810000
      32.940  0.00800000
      32.940  0.00790000
      32.950  0.00780000
      32.990  0.00770000
      33.010  0.00760000
      33.030  0.00750000
      33.060  0.00740000
      33.070  0.00730000
      33.070  0.00720000
      33.080  0.00710000
      33.080  0.00700000
      33.170  0.00690000
      33.290  0.00680000
      33.310  0.00670000
      33.320  0.00660000
      33.320  0.00650000
      33.320  0.00640000
      33.360  0.00630000
      33.380  0.00620000
      33.380  0.00610000
      33.390  0.00600000
      33.390  0.00590000
      33.410  0.00580000
      33.410  0.00570000
      33.420  0.00560000
      33.440  0.00550000
      33.460  0.00540000
      33.480  0.00530000
      33.490  0.00520000
      33.490  0.00510000
      33.560  0.00500000
      33.560  0.00490000
      33.570  0.00480000
      33.620  0.00470000
      33.650  0.00460000
      33.670  0.00450000
      33.700  0.00440000
      33.710  0.00430000
      33.720  0.00420000
      33.750  0.00410000
      33.780  0.00400000
      33.830  0.00390000
      33.950  0.00380000
      33.950  0.00370000
      33.980  0.00360000
      34.010  0.00350000
      34.050  0.00340000
      34.150  0.00330000
      34.220  0.00320000
      34.220  0.00310000
      34.290  0.00300000
      34.340  0.00290000
      34.430  0.00280000
      34.470  0.00270000
      34.620  0.00260000
      34.650  0.00250000
      34.660  0.00240000
      35.340  0.00230000
      35.430  0.00220000
      35.460  0.00210000
      35.730  0.00200000
      35.870  0.00190000
      36.100  0.00180000
      36.100  0.00170000
      37.430  0.00160000
      39.150  0.00150000
      39.660  0.00140000
      41.590  0.00130000
      41.670  0.00120000
      43.330  0.00110000
      45.070  0.00100000
      45.340  0.00090000
      45.550  0.00080000
      46.710  0.00070000
      47.850  0.00060000
      48.320  0.00050000
     130.780  0.00040000
     144.750  0.00030000
     228.050  0.00020000
     252.300  0.00010000
     254.510  0.00000000
