# Fraction of RTTS longer than a given time for homa_w4 experiment
# Includes messages <= 315 bytes; measured at 2026-04-21 05:48:31.542256
# Averaged across 1 repeated sample(s)
# Data collected at 2026-04-21 05:48:31.542256 
#       usec        frac
      18.610  0.99995488
      19.150  0.99990977
      20.170  0.99986465
      20.500  0.99977442
      20.960  0.99972930
      21.670  0.99959395
      21.890  0.99945861
      22.110  0.99932326
      22.370  0.99918791
      22.690  0.99909768
      22.920  0.99878186
      23.250  0.99860140
      23.490  0.99837582
      23.730  0.99801489
      23.970  0.99778931
      24.230  0.99724791
      24.480  0.99688698
      24.830  0.99621024
      25.240  0.99598466
      25.530  0.99539815
      25.800  0.99481164
      26.060  0.99404467
      26.340  0.99327769
      26.640  0.99183397
      26.920  0.99066095
      27.190  0.98953305
      27.470  0.98872096
      27.770  0.98736747
      28.050  0.98619445
      28.340  0.98488608
      28.630  0.98312655
      28.920  0.98145725
      29.210  0.97969772
      29.510  0.97726145
      29.810  0.97545680
      30.110  0.97338146
      30.420  0.97121588
      30.730  0.96859914
      31.040  0.96665915
      31.360  0.96440334
      31.680  0.96196707
      32.000  0.95957591
      32.320  0.95655312
      32.670  0.95348522
      33.000  0.95082337
      33.340  0.94766524
      33.680  0.94513873
      34.020  0.94252199
      34.370  0.93927363
      34.720  0.93670201
      35.080  0.93322806
      35.440  0.93034063
      35.800  0.92749831
      36.160  0.92420483
      36.530  0.92131739
      36.920  0.91842996
      37.290  0.91608392
      37.670  0.91351229
      38.060  0.91085044
      38.450  0.90697045
      38.840  0.90376720
      39.230  0.90092488
      39.630  0.89821791
      40.030  0.89492443
      40.440  0.89230769
      40.850  0.88933002
      41.260  0.88630724
      41.700  0.88301376
      42.120  0.87922400
      42.550  0.87606587
      42.980  0.87308820
      43.410  0.87065193
      43.850  0.86740356
      44.290  0.86406497
      44.740  0.86032032
      45.190  0.85707196
      45.660  0.85377848
      46.120  0.85025942
      46.590  0.84669524
      47.070  0.84308595
      47.550  0.84010828
      48.030  0.83704038
      48.520  0.83365667
      49.010  0.83058877
      49.510  0.82765621
      50.010  0.82472366
      50.520  0.82088879
      51.030  0.81673810
      51.550  0.81357997
      52.080  0.80983533
      52.610  0.80658696
      53.140  0.80288744
      53.680  0.79801489
      54.220  0.79445071
      54.770  0.79174374
      55.320  0.78822468
      55.880  0.78371306
      56.440  0.77938191
      57.010  0.77536657
      57.590  0.77202797
      58.170  0.76819310
      58.760  0.76381683
      59.360  0.75898940
      59.970  0.75434243
      60.580  0.74965035
      61.190  0.74586059
      61.820  0.74116851
      62.450  0.73647643
      63.090  0.73128807
      63.730  0.72605459
      64.370  0.72032484
      65.020  0.71581322
      65.680  0.71008346
      66.340  0.70489510
      67.010  0.69952628
      67.690  0.69384164
      68.370  0.68797654
      69.060  0.68314911
      69.760  0.67782540
      70.460  0.67245658
      71.170  0.66708775
      71.890  0.66086172
      72.610  0.65445522
      73.340  0.64890593
      74.080  0.64263478
      74.740  0.63618317
      75.490  0.62982179
      76.250  0.62355064
      77.020  0.61786600
      77.790  0.61168509
      78.570  0.60563952
      79.360  0.60009023
      80.130  0.59404467
      80.840  0.58808933
      81.580  0.58217911
      82.350  0.57631401
      83.180  0.57103542
      83.960  0.56530566
      84.780  0.55962102
      85.610  0.55398150
      86.370  0.54843221
      87.090  0.54292804
      87.800  0.53746898
      88.470  0.53205504
      89.090  0.52673133
      89.820  0.52145274
      90.500  0.51621926
      91.260  0.51103090
      91.890  0.50588766
      92.710  0.50078953
      93.470  0.49573652
      94.180  0.49077374
      94.920  0.48585608
      95.520  0.48098353
      96.160  0.47615610
      96.800  0.47137379
      97.460  0.46663659
      98.040  0.46194451
      98.730  0.45729754
      99.520  0.45269569
     100.140  0.44813896
     100.690  0.44362734
     101.390  0.43916084
     102.150  0.43473945
     102.810  0.43036319
     103.440  0.42603203
     103.990  0.42174600
     104.600  0.41750508
     105.220  0.41330927
     105.810  0.40915858
     106.450  0.40505301
     107.050  0.40099256
     107.580  0.39697722
     108.230  0.39300699
     108.950  0.38903677
     109.630  0.38511166
     110.270  0.38123167
     110.890  0.37739680
     111.470  0.37360704
     111.910  0.36986240
     112.410  0.36616287
     112.960  0.36246334
     113.520  0.35880893
     114.040  0.35519964
     114.560  0.35163546
     115.110  0.34811640
     115.620  0.34459734
     116.060  0.34112339
     116.540  0.33769456
     117.080  0.33431085
     117.560  0.33092714
     118.210  0.32758854
     118.920  0.32429506
     119.550  0.32104670
     120.020  0.31779833
     120.560  0.31459508
     121.180  0.31143695
     121.660  0.30827882
     122.290  0.30516580
     122.860  0.30209790
     123.420  0.29907512
     124.040  0.29605233
     124.620  0.29307467
     125.170  0.29014212
     125.650  0.28720956
     126.200  0.28432213
     126.730  0.28143469
     127.220  0.27859238
     127.710  0.27579517
     128.300  0.27299797
     128.880  0.27024588
     129.430  0.26753891
     129.820  0.26483194
     130.370  0.26217009
     130.780  0.25950823
     131.190  0.25689150
     131.780  0.25431987
     132.290  0.25174825
     132.750  0.24922175
     133.290  0.24669524
     133.710  0.24421385
     134.230  0.24173246
     134.820  0.23929619
     135.370  0.23685991
     135.920  0.23446876
     136.320  0.23212272
     136.710  0.22977667
     137.140  0.22747575
     137.640  0.22517483
     138.180  0.22291902
     138.720  0.22066321
     139.160  0.21845252
     139.600  0.21624182
     140.100  0.21407625
     140.400  0.21191067
     140.870  0.20979021
     141.320  0.20766975
     141.730  0.20554929
     142.250  0.20347395
     142.840  0.20139860
     143.360  0.19936837
     143.800  0.19733815
     144.250  0.19535303
     144.730  0.19336792
     145.100  0.19142793
     145.570  0.18948793
     145.970  0.18759305
     146.500  0.18569817
     147.040  0.18380329
     147.390  0.18195353
     147.830  0.18010377
     148.280  0.17829912
     148.710  0.17649447
     149.130  0.17468983
     149.660  0.17293030
     150.230  0.17117076
     150.780  0.16945635
     151.350  0.16774194
     151.920  0.16602752
     152.280  0.16435822
     152.840  0.16268892
     153.340  0.16101963
     153.750  0.15939544
     154.240  0.15777126
     154.820  0.15619219
     155.220  0.15461313
     155.670  0.15303406
     156.140  0.15150011
     156.490  0.14996616
     156.960  0.14843221
     157.400  0.14694338
     158.010  0.14545455
     158.700  0.14396571
     159.220  0.14252199
     159.700  0.14107828
     160.200  0.13963456
     160.620  0.13823596
     161.070  0.13683736
     161.530  0.13543875
     162.210  0.13404015
     162.710  0.13268667
     163.350  0.13133318
     163.980  0.12997970
     164.360  0.12867133
     164.850  0.12736296
     165.250  0.12605459
     165.790  0.12479134
     166.340  0.12352808
     166.850  0.12226483
     167.500  0.12100158
     167.940  0.11978344
     168.270  0.11856531
     168.710  0.11734717
     169.130  0.11612903
     169.710  0.11495601
     170.180  0.11378299
     170.770  0.11260997
     171.340  0.11148207
     171.940  0.11035416
     172.430  0.10922626
     172.980  0.10809835
     173.520  0.10701557
     174.100  0.10593278
     174.640  0.10484999
     175.140  0.10376720
     175.530  0.10268441
     175.910  0.10164674
     176.460  0.10060907
     176.750  0.09957140
     177.370  0.09853372
     178.080  0.09754117
     178.350  0.09654861
     178.970  0.09555606
     179.580  0.09456350
     180.040  0.09361606
     180.470  0.09266862
     180.720  0.09172118
     181.140  0.09077374
     181.910  0.08982630
     182.510  0.08892398
     183.020  0.08802166
     183.730  0.08711933
     184.140  0.08621701
     184.520  0.08531469
     185.160  0.08445748
     185.510  0.08360027
     186.380  0.08274306
     186.890  0.08188586
     187.280  0.08102865
     187.730  0.08021656
     188.200  0.07940447
     188.520  0.07859238
     189.070  0.07778028
     189.560  0.07696819
     190.000  0.07615610
     190.540  0.07538913
     191.110  0.07462215
     191.500  0.07385518
     192.030  0.07308820
     192.700  0.07232123
     193.420  0.07155425
     194.070  0.07083239
     194.540  0.07011053
     195.010  0.06938868
     195.610  0.06866682
     195.940  0.06794496
     196.420  0.06722310
     196.790  0.06654636
     197.530  0.06586961
     198.120  0.06519287
     199.390  0.06451613
     200.010  0.06383939
     200.410  0.06316264
     201.040  0.06253102
     201.550  0.06189939
     202.090  0.06126776
     202.470  0.06063614
     203.110  0.06000451
     203.870  0.05937289
     204.400  0.05874126
     204.980  0.05810963
     205.860  0.05752312
     206.680  0.05693661
     207.300  0.05635010
     208.020  0.05576359
     208.390  0.05517708
     208.830  0.05459057
     209.410  0.05400406
     209.970  0.05346267
     210.650  0.05292127
     211.240  0.05237988
     212.020  0.05183848
     212.400  0.05129709
     212.900  0.05075570
     213.370  0.05021430
     214.090  0.04967291
     214.610  0.04913151
     215.040  0.04863524
     215.620  0.04813896
     216.450  0.04764268
     216.910  0.04714640
     217.670  0.04665012
     218.590  0.04615385
     219.620  0.04565757
     219.940  0.04516129
     220.560  0.04466501
     221.060  0.04421385
     222.060  0.04376269
     222.890  0.04331153
     223.560  0.04286037
     224.360  0.04240920
     224.540  0.04195804
     225.350  0.04150688
     226.190  0.04105572
     226.540  0.04060456
     227.500  0.04019851
     228.280  0.03979247
     228.610  0.03938642
     229.380  0.03898037
     230.070  0.03857433
     230.910  0.03816828
     231.700  0.03776224
     232.240  0.03735619
     232.670  0.03695015
     233.310  0.03654410
     233.910  0.03613806
     235.010  0.03573201
     235.740  0.03537108
     236.340  0.03501015
     236.670  0.03464922
     237.020  0.03428829
     238.050  0.03392736
     238.990  0.03356643
     239.820  0.03320550
     240.430  0.03284457
     240.810  0.03248365
     241.510  0.03212272
     242.130  0.03176179
     243.100  0.03140086
     243.840  0.03108504
     244.460  0.03076923
     244.720  0.03045342
     245.410  0.03013760
     245.870  0.02982179
     246.350  0.02950598
     246.860  0.02919016
     247.820  0.02887435
     248.440  0.02855854
     249.470  0.02824273
     250.400  0.02792691
     251.200  0.02761110
     252.030  0.02729529
     252.710  0.02697947
     254.050  0.02670878
     255.520  0.02643808
     256.080  0.02616738
     256.580  0.02589668
     257.430  0.02562599
     258.480  0.02535529
     259.120  0.02508459
     259.740  0.02481390
     260.790  0.02454320
     261.230  0.02427250
     261.740  0.02400180
     262.260  0.02373111
     263.370  0.02346041
     264.120  0.02318971
     264.460  0.02291902
     266.110  0.02264832
     267.070  0.02237762
     267.690  0.02215204
     268.440  0.02192646
     268.810  0.02170088
     269.210  0.02147530
     269.810  0.02124972
     270.710  0.02102414
     272.180  0.02079856
     272.560  0.02057298
     272.830  0.02034739
     273.890  0.02012181
     275.160  0.01989623
     276.350  0.01967065
     276.610  0.01944507
     276.820  0.01921949
     278.490  0.01899391
     279.640  0.01876833
     280.500  0.01854275
     283.390  0.01831717
     284.180  0.01809159
     284.990  0.01786600
     285.910  0.01768554
     286.770  0.01750508
     288.080  0.01732461
     288.700  0.01714415
     289.600  0.01696368
     290.590  0.01678322
     291.100  0.01660275
     292.240  0.01642229
     292.470  0.01624182
     293.050  0.01606136
     293.820  0.01588089
     296.500  0.01570043
     297.170  0.01551996
     298.640  0.01533950
     299.700  0.01515903
     300.420  0.01497857
     301.030  0.01479811
     303.480  0.01461764
     304.200  0.01443718
     304.700  0.01425671
     305.220  0.01407625
     306.280  0.01389578
     307.420  0.01371532
     308.410  0.01353485
     309.590  0.01335439
     311.370  0.01321904
     312.000  0.01308369
     312.240  0.01294834
     312.280  0.01281299
     312.730  0.01267764
     313.960  0.01254230
     315.350  0.01240695
     317.080  0.01227160
     317.640  0.01213625
     319.490  0.01200090
     320.520  0.01186555
     321.920  0.01173021
     322.270  0.01159486
     324.420  0.01145951
     328.050  0.01132416
     328.700  0.01118881
     329.440  0.01105346
     331.320  0.01091811
     334.850  0.01078277
     336.140  0.01064742
     337.730  0.01051207
     340.740  0.01037672
     341.510  0.01024137
     341.950  0.01010602
     344.220  0.00997067
     346.560  0.00983533
     347.440  0.00969998
     348.170  0.00956463
     348.370  0.00942928
     351.130  0.00929393
     352.590  0.00915858
     353.210  0.00902323
     353.830  0.00893300
     354.980  0.00884277
     356.000  0.00875254
     356.780  0.00866231
     357.160  0.00857207
     357.910  0.00848184
     360.180  0.00839161
     361.100  0.00830138
     361.580  0.00821114
     363.610  0.00812091
     364.480  0.00803068
     364.770  0.00794045
     365.880  0.00785021
     367.960  0.00775998
     368.800  0.00766975
     369.050  0.00757952
     370.600  0.00748928
     372.650  0.00739905
     372.850  0.00730882
     373.510  0.00721859
     375.160  0.00712836
     375.450  0.00703812
     376.270  0.00694789
     378.810  0.00685766
     379.640  0.00676743
     379.830  0.00667719
     380.620  0.00658696
     380.910  0.00649673
     381.100  0.00640650
     381.520  0.00631626
     385.550  0.00627115
     387.050  0.00618092
     388.710  0.00609068
     388.910  0.00600045
     389.920  0.00591022
     391.470  0.00581999
     392.650  0.00572975
     393.320  0.00563952
     396.200  0.00554929
     399.070  0.00545906
     401.050  0.00536882
     403.700  0.00527859
     404.240  0.00518836
     405.150  0.00509813
     407.100  0.00500790
     407.760  0.00491766
     407.940  0.00482743
     408.530  0.00473720
     408.820  0.00464697
     409.500  0.00455673
     411.000  0.00446650
     411.090  0.00442139
     412.430  0.00437627
     412.820  0.00433115
     415.120  0.00428604
     415.710  0.00424092
     416.520  0.00419580
     416.650  0.00415069
     418.640  0.00410557
     418.930  0.00406046
     419.280  0.00401534
     421.270  0.00397022
     422.480  0.00392511
     422.890  0.00387999
     424.960  0.00383487
     426.120  0.00378976
     427.420  0.00374464
     430.520  0.00369953
     432.480  0.00365441
     432.520  0.00360929
     432.870  0.00356418
     435.390  0.00351906
     437.670  0.00347395
     439.450  0.00342883
     439.640  0.00338371
     440.820  0.00333860
     441.190  0.00329348
     441.840  0.00324836
     441.980  0.00320325
     442.980  0.00315813
     444.370  0.00311302
     454.100  0.00306790
     455.360  0.00302278
     455.480  0.00297767
     456.090  0.00293255
     457.260  0.00288744
     457.430  0.00284232
     458.690  0.00279720
     460.770  0.00275209
     464.480  0.00270697
     465.010  0.00266185
     468.080  0.00261674
     468.350  0.00257162
     468.590  0.00252651
     468.840  0.00248139
     469.840  0.00243627
     470.500  0.00239116
     472.090  0.00234604
     472.750  0.00230092
     472.830  0.00225581
     472.980  0.00221069
     476.430  0.00216558
     477.900  0.00212046
     480.580  0.00207534
     480.710  0.00203023
     480.750  0.00198511
     481.490  0.00194000
     481.990  0.00189488
     487.570  0.00184976
     488.600  0.00180465
     488.650  0.00175953
     489.050  0.00171441
     489.890  0.00166930
     492.710  0.00162418
     500.230  0.00157907
     503.980  0.00153395
     511.020  0.00148883
     526.110  0.00144372
     529.060  0.00139860
     530.060  0.00135349
     536.800  0.00130837
     538.340  0.00126325
     542.660  0.00121814
     543.510  0.00117302
     545.000  0.00112790
     545.020  0.00108279
     562.320  0.00103767
     565.900  0.00099256
     589.720  0.00094744
     595.970  0.00090232
     603.560  0.00085721
     610.810  0.00081209
     618.630  0.00076697
     624.930  0.00072186
     633.580  0.00067674
     650.970  0.00063163
     658.670  0.00058651
     677.250  0.00054139
     703.780  0.00049628
     841.520  0.00045116
     872.450  0.00040605
     884.350  0.00036093
     889.400  0.00031581
     919.220  0.00027070
     933.750  0.00022558
     998.460  0.00018046
    1003.990  0.00013535
    1394.830  0.00009023
    1429.870  0.00004512
    2055.250  0.00000000
