# Fraction of RTTS longer than a given time for dctcp_w4 experiment
# Includes messages <= 315 bytes; measured at 2026-04-21 04:52:11.922026
# Averaged across 1 repeated sample(s)
# Data collected at 2026-04-21 04:52:11.922026 
#       usec        frac
      30.170  0.99996954
      30.800  0.99993908
      31.130  0.99981723
      31.550  0.99972585
      32.040  0.99954309
      32.520  0.99929940
      32.960  0.99911663
      33.390  0.99887295
      33.750  0.99862926
      34.090  0.99832465
      34.440  0.99774590
      34.790  0.99734990
      35.140  0.99698437
      35.540  0.99625331
      35.900  0.99540041
      36.300  0.99463889
      36.670  0.99387736
      37.040  0.99323769
      37.440  0.99241524
      37.820  0.99162326
      38.200  0.99058759
      38.600  0.98976515
      39.010  0.98888178
      39.410  0.98796796
      39.820  0.98696275
      40.220  0.98604892
      40.630  0.98516555
      41.050  0.98449542
      41.480  0.98358159
      41.900  0.98245454
      42.320  0.98169302
      42.760  0.98065735
      43.190  0.97946937
      43.630  0.97870785
      44.090  0.97767218
      44.540  0.97654513
      45.000  0.97529623
      45.450  0.97419964
      45.910  0.97258521
      46.400  0.97060526
      46.870  0.96871668
      47.340  0.96664534
      47.820  0.96390387
      48.300  0.96137561
      48.790  0.95848183
      49.280  0.95549666
      49.780  0.95220689
      50.280  0.94861251
      50.790  0.94538365
      51.300  0.94169789
      51.820  0.93792074
      52.340  0.93457004
      52.870  0.93070151
      53.400  0.92674160
      53.940  0.92308630
      54.480  0.91982698
      55.030  0.91684182
      55.590  0.91382619
      56.150  0.91038411
      56.720  0.90733802
      57.290  0.90438332
      57.870  0.90185507
      58.450  0.89902221
      59.040  0.89707271
      59.640  0.89448354
      60.250  0.89183344
      60.870  0.88982302
      61.490  0.88750800
      62.110  0.88534527
      62.750  0.88315209
      63.390  0.88144628
      64.040  0.87964909
      64.700  0.87769959
      65.360  0.87596333
      66.020  0.87401383
      66.700  0.87200341
      67.370  0.87038899
      68.050  0.86843949
      68.750  0.86667276
      69.440  0.86493649
      70.160  0.86304791
      70.920  0.86161625
      71.650  0.85975814
      72.370  0.85768680
      73.110  0.85585915
      73.850  0.85445795
      74.590  0.85278260
      75.340  0.85104633
      76.110  0.84949283
      76.880  0.84772610
      77.670  0.84620305
      78.450  0.84471047
      79.240  0.84333973
      80.050  0.84148162
      80.860  0.83977581
      81.670  0.83843553
      82.490  0.83697341
      83.320  0.83541990
      84.190  0.83392732
      85.050  0.83213013
      85.910  0.83021109
      86.850  0.82850528
      87.740  0.82679948
      88.660  0.82552012
      89.550  0.82399708
      90.470  0.82259588
      91.380  0.82104237
      92.310  0.81973255
      93.250  0.81808767
      94.200  0.81656462
      95.160  0.81488927
      96.130  0.81321393
      97.120  0.81147766
      98.110  0.80986323
      99.100  0.80818788
     100.140  0.80669530
     101.220  0.80492857
     102.250  0.80349691
     103.300  0.80224801
     104.340  0.80069451
     105.390  0.79938469
     106.460  0.79773980
     107.560  0.79627768
     108.660  0.79505925
     109.770  0.79350574
     110.910  0.79207408
     112.060  0.79070334
     113.200  0.78908892
     114.340  0.78747449
     115.510  0.78595145
     116.690  0.78421518
     117.870  0.78263121
     119.060  0.78123001
     120.260  0.77946328
     121.480  0.77806208
     122.700  0.77678272
     123.930  0.77529014
     125.180  0.77391940
     126.440  0.77218313
     127.710  0.77075147
     129.000  0.76938073
     130.300  0.76785769
     131.610  0.76633464
     132.970  0.76496390
     134.300  0.76341040
     135.680  0.76188736
     137.050  0.76045569
     138.430  0.75862804
     139.840  0.75680039
     141.240  0.75524689
     142.660  0.75384569
     144.090  0.75204849
     145.540  0.75028176
     147.020  0.74888056
     148.570  0.74744890
     150.080  0.74601724
     151.590  0.74418959
     153.120  0.74263608
     154.670  0.74062567
     156.260  0.73867617
     157.870  0.73709221
     159.450  0.73523409
     161.180  0.73358920
     162.810  0.73191386
     164.440  0.73048220
     166.090  0.72883731
     167.770  0.72658320
     169.460  0.72481647
     171.160  0.72298882
     172.890  0.72100886
     174.620  0.71918121
     176.400  0.71729264
     178.210  0.71564775
     180.000  0.71388102
     181.830  0.71254074
     183.670  0.71065217
     185.510  0.70912912
     187.370  0.70733193
     189.260  0.70544336
     191.230  0.70352432
     193.150  0.70151391
     195.130  0.69986902
     197.090  0.69776722
     199.080  0.69581772
     201.080  0.69383777
     203.130  0.69170550
     205.180  0.68960370
     207.240  0.68734960
     209.420  0.68500411
     211.540  0.68308508
     213.670  0.68092236
     215.810  0.67912516
     217.980  0.67708429
     220.170  0.67498248
     222.450  0.67281976
     224.690  0.67071796
     226.940  0.66864662
     229.220  0.66678851
     231.580  0.66438210
     233.940  0.66240214
     236.400  0.66026988
     238.790  0.65777209
     241.200  0.65530476
     243.630  0.65274605
     246.110  0.65046148
     248.610  0.64845106
     251.100  0.64580097
     253.640  0.64369917
     256.190  0.64153645
     258.770  0.63961741
     261.480  0.63669317
     264.120  0.63434768
     266.810  0.63166712
     269.490  0.62898657
     272.230  0.62670200
     274.970  0.62405191
     277.740  0.62161504
     280.610  0.61926955
     283.420  0.61655853
     286.290  0.61442627
     289.160  0.61189802
     292.110  0.60927838
     295.070  0.60668921
     298.060  0.60352128
     301.050  0.60096256
     304.180  0.59855615
     307.230  0.59584514
     310.310  0.59267721
     313.480  0.58999665
     316.620  0.58752932
     319.800  0.58503153
     323.100  0.58256420
     326.350  0.57994456
     329.630  0.57723354
     333.000  0.57433976
     336.420  0.57129367
     339.800  0.56843035
     343.200  0.56578026
     346.690  0.56285601
     350.260  0.55968808
     353.780  0.55712937
     357.330  0.55438789
     360.960  0.55094581
     364.570  0.54844802
     368.280  0.54540193
     371.970  0.54226446
     375.790  0.53964483
     379.660  0.53684243
     383.520  0.53397910
     387.360  0.53114624
     391.240  0.52861799
     395.180  0.52593743
     399.140  0.52276950
     403.140  0.51938835
     407.230  0.51658595
     411.340  0.51399677
     415.460  0.51146852
     419.670  0.50836151
     423.890  0.50537634
     428.180  0.50175150
     432.500  0.49882726
     436.830  0.49602486
     441.220  0.49291785
     445.710  0.48968899
     450.260  0.48639922
     454.840  0.48317037
     459.470  0.48006336
     464.070  0.47683451
     468.760  0.47378842
     473.530  0.47043772
     478.300  0.46681288
     483.090  0.46318803
     487.930  0.45974596
     492.860  0.45639526
     497.870  0.45298364
     503.000  0.44960249
     508.050  0.44622133
     513.270  0.44351031
     518.410  0.44022054
     523.660  0.43677846
     528.930  0.43345822
     534.260  0.43053398
     539.720  0.42760974
     545.140  0.42416766
     550.690  0.42148710
     556.200  0.41831917
     561.790  0.41536446
     567.510  0.41210515
     573.200  0.40908952
     578.740  0.40497731
     584.560  0.40144385
     590.410  0.39827591
     596.320  0.39486430
     602.030  0.39090438
     608.290  0.38758415
     614.490  0.38408115
     620.860  0.38164428
     627.070  0.37868957
     633.360  0.37527796
     639.740  0.37183588
     646.190  0.36897255
     652.710  0.36546955
     659.350  0.36193609
     665.960  0.35882908
     672.490  0.35523470
     679.240  0.35215815
     686.110  0.34899022
     693.000  0.34566999
     699.980  0.34256298
     706.740  0.33912090
     712.550  0.33570928
     719.700  0.33293734
     726.480  0.32958665
     733.840  0.32666240
     740.920  0.32337263
     748.110  0.32011331
     754.960  0.31688446
     762.350  0.31368607
     768.720  0.31054860
     776.060  0.30744159
     782.410  0.30436504
     789.920  0.30131896
     797.970  0.29860794
     805.680  0.29559231
     813.370  0.29260715
     820.910  0.28965244
     829.160  0.28678912
     836.650  0.28389534
     844.180  0.28103201
     850.930  0.27819915
     858.830  0.27539675
     865.500  0.27262481
     873.330  0.26988333
     880.340  0.26717232
     887.130  0.26449176
     894.660  0.26184166
     903.370  0.25922203
     910.020  0.25660239
     916.490  0.25401322
     922.590  0.25145451
     929.260  0.24892625
     934.630  0.24642846
     942.440  0.24396113
     950.470  0.24149380
     958.280  0.23905693
     966.260  0.23665052
     973.780  0.23427457
     981.080  0.23192909
     988.090  0.22958360
     996.200  0.22726857
    1003.070  0.22498401
    1009.230  0.22272990
    1016.330  0.22047580
    1025.260  0.21825216
    1034.550  0.21605897
    1042.420  0.21389625
    1049.320  0.21173353
    1056.610  0.20960127
    1064.180  0.20749947
    1073.340  0.20539767
    1080.720  0.20332633
    1090.420  0.20128545
    1098.640  0.19924457
    1106.400  0.19723415
    1114.220  0.19525420
    1121.780  0.19327424
    1129.480  0.19132474
    1138.180  0.18940571
    1146.610  0.18748667
    1153.230  0.18559810
    1162.020  0.18373999
    1168.820  0.18188187
    1176.470  0.18005422
    1183.740  0.17822657
    1190.630  0.17642938
    1197.540  0.17466265
    1204.720  0.17289592
    1213.660  0.17115965
    1219.640  0.16942338
    1227.640  0.16771757
    1237.910  0.16601176
    1246.230  0.16433641
    1254.520  0.16269152
    1264.100  0.16104664
    1273.950  0.15943221
    1280.800  0.15781778
    1287.830  0.15623382
    1296.260  0.15464985
    1304.770  0.15309635
    1314.740  0.15154284
    1323.550  0.15001980
    1331.840  0.14849676
    1341.140  0.14700417
    1351.300  0.14551159
    1357.600  0.14404947
    1366.340  0.14258735
    1376.330  0.14115569
    1384.930  0.13972402
    1393.740  0.13832282
    1405.120  0.13692162
    1412.680  0.13555088
    1422.450  0.13418015
    1431.040  0.13280941
    1441.100  0.13146913
    1449.070  0.13012885
    1457.720  0.12881903
    1468.300  0.12750921
    1477.560  0.12622986
    1484.020  0.12495050
    1493.100  0.12367114
    1500.920  0.12242225
    1511.660  0.12117335
    1522.640  0.11995492
    1532.130  0.11873648
    1539.530  0.11754851
    1548.060  0.11636053
    1557.140  0.11517256
    1565.930  0.11401505
    1573.300  0.11285753
    1582.320  0.11170002
    1592.180  0.11057297
    1602.820  0.10944592
    1610.870  0.10834933
    1618.490  0.10725273
    1627.150  0.10615614
    1636.250  0.10509001
    1646.650  0.10402388
    1656.050  0.10295775
    1665.380  0.10192208
    1674.990  0.10088641
    1683.590  0.09985074
    1694.220  0.09884553
    1701.310  0.09784032
    1710.540  0.09683512
    1718.520  0.09586037
    1726.140  0.09488562
    1736.100  0.09391087
    1744.390  0.09296658
    1750.830  0.09202230
    1759.600  0.09107801
    1769.660  0.09016418
    1777.350  0.08925036
    1786.120  0.08833653
    1793.730  0.08742271
    1804.930  0.08653934
    1812.310  0.08565597
    1820.120  0.08477261
    1828.620  0.08391971
    1837.190  0.08306680
    1843.990  0.08221390
    1856.080  0.08139145
    1865.130  0.08056901
    1875.220  0.07974657
    1886.860  0.07892412
    1893.400  0.07813214
    1900.650  0.07734016
    1909.830  0.07654817
    1916.130  0.07575619
    1922.200  0.07499467
    1930.360  0.07423315
    1940.470  0.07347163
    1950.250  0.07271010
    1956.230  0.07197904
    1966.410  0.07124798
    1976.730  0.07051692
    1984.750  0.06978586
    1995.620  0.06908526
    2004.730  0.06838466
    2015.930  0.06768406
    2023.770  0.06698346
    2032.020  0.06631332
    2041.470  0.06564318
    2051.550  0.06497304
    2060.560  0.06430290
    2070.550  0.06363276
    2078.300  0.06299309
    2084.570  0.06235341
    2094.230  0.06171373
    2102.130  0.06107405
    2113.650  0.06043437
    2126.420  0.05982515
    2136.050  0.05921594
    2145.170  0.05860672
    2151.360  0.05799750
    2159.630  0.05738828
    2167.690  0.05680953
    2179.490  0.05623077
    2192.010  0.05565201
    2203.100  0.05507326
    2211.230  0.05449450
    2220.500  0.05394621
    2228.850  0.05339791
    2234.080  0.05284961
    2246.720  0.05230132
    2256.130  0.05175302
    2261.640  0.05123519
    2273.830  0.05071735
    2281.900  0.05019952
    2291.770  0.04968168
    2299.060  0.04916385
    2305.520  0.04864601
    2315.690  0.04815864
    2324.800  0.04767127
    2331.050  0.04718389
    2338.880  0.04669652
    2352.940  0.04620914
    2360.770  0.04572177
    2371.580  0.04523440
    2381.600  0.04477748
    2387.050  0.04432057
    2394.680  0.04386366
    2403.520  0.04340674
    2410.980  0.04294983
    2419.230  0.04249292
    2427.390  0.04206647
    2437.810  0.04164001
    2446.270  0.04121356
    2456.520  0.04078711
    2466.540  0.04036066
    2476.710  0.03993420
    2484.080  0.03950775
    2494.570  0.03911176
    2501.590  0.03871577
    2507.810  0.03831978
    2517.060  0.03792379
    2522.890  0.03752780
    2534.510  0.03713180
    2544.450  0.03673581
    2552.230  0.03633982
    2560.300  0.03597429
    2572.400  0.03560876
    2585.350  0.03524323
    2593.420  0.03487770
    2607.540  0.03451217
    2616.450  0.03414664
    2622.760  0.03378111
    2631.850  0.03341558
    2643.540  0.03308051
    2659.540  0.03274544
    2666.680  0.03241037
    2685.600  0.03207530
    2692.060  0.03174023
    2706.260  0.03140516
    2716.600  0.03107009
    2722.710  0.03073502
    2735.190  0.03039995
    2743.360  0.03009534
    2749.490  0.02979073
    2759.100  0.02948613
    2773.020  0.02918152
    2781.360  0.02887691
    2789.790  0.02857230
    2798.580  0.02826769
    2806.870  0.02796308
    2816.130  0.02765847
    2827.300  0.02735386
    2834.180  0.02707972
    2843.320  0.02680557
    2853.620  0.02653142
    2863.160  0.02625727
    2871.170  0.02598312
    2881.590  0.02570898
    2885.790  0.02543483
    2898.100  0.02516068
    2904.900  0.02488653
    2919.660  0.02461239
    2929.520  0.02433824
    2936.240  0.02409455
    2945.870  0.02385086
    2962.530  0.02360718
    2971.350  0.02336349
    2980.900  0.02311980
    2994.720  0.02287612
    3006.490  0.02263243
    3017.670  0.02238874
    3031.300  0.02214505
    3041.270  0.02190137
    3050.920  0.02165768
    3063.670  0.02141399
    3078.330  0.02117031
    3087.200  0.02095708
    3102.530  0.02074385
    3116.510  0.02053063
    3126.600  0.02031740
    3134.070  0.02010418
    3156.060  0.01989095
    3168.590  0.01967772
    3179.120  0.01946450
    3193.970  0.01925127
    3198.360  0.01903805
    3206.860  0.01882482
    3218.890  0.01861159
    3230.740  0.01839837
    3248.360  0.01818514
    3258.090  0.01800238
    3277.740  0.01781961
    3295.790  0.01763685
    3308.220  0.01745408
    3313.930  0.01727131
    3326.860  0.01708855
    3335.680  0.01690578
    3352.270  0.01672302
    3363.200  0.01654025
    3388.520  0.01635749
    3403.590  0.01617472
    3410.020  0.01599196
    3422.630  0.01580919
    3432.250  0.01562643
    3453.550  0.01544366
    3471.900  0.01526090
    3477.930  0.01507813
    3485.070  0.01492583
    3492.020  0.01477352
    3506.690  0.01462122
    3513.300  0.01446891
    3534.420  0.01431661
    3548.230  0.01416431
    3557.680  0.01401200
    3576.090  0.01385970
    3584.830  0.01370739
    3600.520  0.01355509
    3613.870  0.01340278
    3619.010  0.01325048
    3631.520  0.01309818
    3650.980  0.01294587
    3661.620  0.01279357
    3682.910  0.01264126
    3707.710  0.01248896
    3727.300  0.01233665
    3746.300  0.01218435
    3765.190  0.01203204
    3784.210  0.01191020
    3789.940  0.01178836
    3809.290  0.01166651
    3818.330  0.01154467
    3828.940  0.01142283
    3842.900  0.01130098
    3867.090  0.01117914
    3883.210  0.01105730
    3886.970  0.01093545
    3908.420  0.01081361
    3924.050  0.01069177
    3935.230  0.01056992
    3950.460  0.01044808
    3980.090  0.01032624
    4000.900  0.01020439
    4043.260  0.01008255
    4068.750  0.00996071
    4099.270  0.00983886
    4109.430  0.00971702
    4143.020  0.00959517
    4177.650  0.00947333
    4217.520  0.00935149
    4229.670  0.00922964
    4269.520  0.00910780
    4317.200  0.00901642
    4351.790  0.00892504
    4363.350  0.00883365
    4380.980  0.00874227
    4389.360  0.00865089
    4429.280  0.00855951
    4456.550  0.00846812
    4481.910  0.00837674
    4508.610  0.00828536
    4522.320  0.00819397
    4533.530  0.00810259
    4566.930  0.00801121
    4616.180  0.00791983
    4691.130  0.00782844
    4738.360  0.00773706
    4822.110  0.00764568
    4880.540  0.00755430
    4884.280  0.00746291
    4903.910  0.00737153
    4961.450  0.00728015
    5010.370  0.00718877
    5067.620  0.00709738
    5075.960  0.00700600
    5108.060  0.00691462
    5155.050  0.00682324
    5190.910  0.00673185
    5275.830  0.00664047
    5301.330  0.00654909
    5315.700  0.00645771
    5353.330  0.00636632
    5376.450  0.00627494
    5441.980  0.00621402
    5489.590  0.00612264
    5569.960  0.00606171
    5626.100  0.00600079
    5687.730  0.00593987
    5721.070  0.00587895
    5739.810  0.00581803
    5806.670  0.00578757
    5920.220  0.00572664
    5972.840  0.00566572
    6045.140  0.00563526
    6106.960  0.00557434
    6171.340  0.00551342
    6186.260  0.00545250
    6319.360  0.00542204
    6334.910  0.00536111
    6396.510  0.00530019
    6494.440  0.00523927
    6595.100  0.00517835
    6718.190  0.00511743
    6779.230  0.00505650
    6800.780  0.00499558
    6816.800  0.00493466
    6838.490  0.00487374
    6893.800  0.00481282
    6930.480  0.00475190
    7013.870  0.00472144
    7069.380  0.00466051
    7154.810  0.00459959
    7313.690  0.00453867
    7373.720  0.00447775
    7477.130  0.00441683
    7574.950  0.00435590
    7632.530  0.00429498
    7787.240  0.00426452
    7844.390  0.00420360
    7878.750  0.00414268
    7963.620  0.00411222
    8083.310  0.00405130
    8207.060  0.00399037
    8244.770  0.00392945
    8303.750  0.00386853
    8353.430  0.00380761
    8460.110  0.00374669
    8553.840  0.00368577
    8635.560  0.00362484
    8698.370  0.00356392
    8718.060  0.00350300
    8830.540  0.00344208
    8904.680  0.00338116
    8991.280  0.00332024
    9181.290  0.00325931
    9270.740  0.00319839
    9366.610  0.00313747
    9417.140  0.00307655
    9555.940  0.00304609
    9720.300  0.00298517
    9774.650  0.00295470
    9937.190  0.00292424
    9976.120  0.00289378
   10135.380  0.00286332
   10151.740  0.00283286
   10186.620  0.00280240
   10235.620  0.00277194
   10245.230  0.00274148
   10379.660  0.00271102
   10447.190  0.00268056
   10630.950  0.00265010
   10729.670  0.00261964
   10774.280  0.00258917
   10881.190  0.00255871
   10885.290  0.00252825
   10906.660  0.00249779
   11099.120  0.00246733
   11126.440  0.00243687
   11313.990  0.00240641
   11357.080  0.00237595
   11438.030  0.00234549
   11443.490  0.00231503
   11598.980  0.00228457
   11627.020  0.00225410
   11647.620  0.00222364
   11719.310  0.00219318
   11920.880  0.00216272
   12062.620  0.00213226
   12069.070  0.00210180
   12084.610  0.00207134
   12180.240  0.00204088
   12348.360  0.00201042
   12380.320  0.00197996
   12395.140  0.00194950
   12410.640  0.00191903
   12445.840  0.00188857
   12449.290  0.00185811
   12537.990  0.00182765
   12561.060  0.00179719
   12928.190  0.00176673
   13197.790  0.00173627
   13226.160  0.00170581
   13340.390  0.00167535
   13441.180  0.00164489
   13475.920  0.00161443
   13582.200  0.00158397
   13592.850  0.00155350
   13630.440  0.00152304
   13847.240  0.00149258
   13862.490  0.00146212
   13922.860  0.00143166
   14032.510  0.00140120
   14668.640  0.00137074
   14696.430  0.00134028
   14798.950  0.00130982
   14944.760  0.00127936
   15188.120  0.00124890
   15634.370  0.00121843
   15664.960  0.00118797
   15714.590  0.00115751
   15828.960  0.00112705
   16111.320  0.00109659
   16230.740  0.00106613
   16260.890  0.00103567
   16398.780  0.00100521
   16467.870  0.00097475
   16667.410  0.00094429
   16727.910  0.00091383
   16989.280  0.00088337
   17341.430  0.00085290
   17394.340  0.00082244
   17871.880  0.00079198
   18046.710  0.00076152
   18306.570  0.00073106
   18472.640  0.00070060
   19295.770  0.00067014
   19575.170  0.00063968
   20019.460  0.00060922
   20226.150  0.00057876
   20984.300  0.00054830
   21588.490  0.00051783
   22028.220  0.00048737
   23653.630  0.00045691
   27462.660  0.00042645
   29747.010  0.00039599
   31677.230  0.00036553
   33190.160  0.00033507
   38695.660  0.00030461
   39879.230  0.00027415
   41617.430  0.00024369
   41759.150  0.00021323
   44231.550  0.00018277
   48019.130  0.00015230
   53053.010  0.00012184
   54731.950  0.00009138
   74909.960  0.00006092
  132052.680  0.00003046
  206730.720  0.00000000
