# Fraction of RTTS longer than a given time for homa_w4 experiment
# Includes messages <= 315 bytes; measured at 2026-04-20 23:41:54.510677
# Averaged across 1 repeated sample(s)
# Data collected at 2026-04-20 23:41:54.510677 
#       usec        frac
      17.010  0.99967299
      17.850  0.99934598
      18.080  0.99869196
      18.510  0.99803793
      18.700  0.99607587
      18.900  0.99345978
      19.120  0.99247874
      19.400  0.99084369
      19.700  0.99018967
      19.910  0.98855461
      20.250  0.98790059
      20.480  0.98495749
      20.740  0.98364944
      20.960  0.98234140
      21.200  0.97972531
      21.430  0.97743623
      21.750  0.97482014
      21.980  0.97155003
      22.210  0.96893394
      22.520  0.96599084
      22.790  0.95945062
      23.040  0.95519948
      23.290  0.95127534
      23.570  0.94669719
      23.810  0.94146501
      24.050  0.93721387
      24.310  0.93296272
      24.560  0.92871158
      24.830  0.92315239
      25.080  0.91988228
      25.340  0.91334205
      25.610  0.90876390
      25.870  0.90287770
      26.130  0.89928058
      26.410  0.89437541
      26.710  0.89143231
      26.980  0.88391105
      27.260  0.87835186
      27.540  0.87475474
      27.840  0.87050360
      28.130  0.86690647
      28.430  0.86363636
      28.740  0.86069326
      29.030  0.85709614
      29.330  0.85153695
      29.670  0.84663179
      29.970  0.83976455
      30.270  0.83584042
      30.640  0.83060824
      30.970  0.82701112
      31.280  0.82177894
      31.630  0.81621975
      31.950  0.81262263
      32.280  0.80804447
      32.610  0.80379333
      32.990  0.80019621
      33.320  0.79431001
      33.690  0.78875082
      34.070  0.78188358
      34.420  0.77632440
      34.770  0.77338129
      35.130  0.76913015
      35.500  0.76487901
      35.900  0.76160889
      36.280  0.75637672
      36.660  0.75179856
      37.050  0.74787443
      37.430  0.74427731
      37.850  0.73969915
      38.250  0.73577502
      38.640  0.72923479
      39.050  0.72498365
      39.540  0.72073250
      39.940  0.71648136
      40.360  0.71092217
      40.780  0.70568999
      41.190  0.69882276
      41.670  0.69326357
      42.110  0.68835840
      42.540  0.68378025
      43.010  0.67789405
      43.450  0.67266187
      43.890  0.66742969
      44.360  0.66219751
      44.810  0.65729235
      45.300  0.65271419
      45.760  0.64813604
      46.280  0.64159581
      46.790  0.63832570
      47.280  0.63178548
      47.780  0.62720733
      48.320  0.62132112
      48.850  0.61510791
      49.400  0.61118378
      49.910  0.60562459
      50.470  0.60006540
      50.900  0.59385219
      51.360  0.58763898
      51.660  0.58175278
      51.970  0.57586658
      52.430  0.56998038
      52.970  0.56540222
      53.590  0.56049706
      54.150  0.55853499
      54.650  0.55264879
      55.230  0.54905167
      55.800  0.54349248
      56.400  0.53858731
      56.900  0.53302812
      57.290  0.52746893
      57.790  0.52190974
      58.390  0.51765860
      58.860  0.51242642
      59.350  0.50719424
      59.690  0.50196207
      60.240  0.49672989
      60.720  0.49149771
      61.360  0.48659254
      62.060  0.48168738
      62.440  0.47678221
      63.000  0.47187704
      63.540  0.46697188
      64.150  0.46206671
      64.680  0.45716154
      65.200  0.45258339
      65.600  0.44800523
      66.200  0.44342708
      66.640  0.43884892
      67.070  0.43427077
      67.680  0.42969261
      68.020  0.42511445
      68.440  0.42086331
      69.020  0.41661216
      69.430  0.41236102
      69.740  0.40810988
      70.190  0.40385873
      70.650  0.39960759
      71.010  0.39535644
      71.480  0.39110530
      71.740  0.38718116
      71.940  0.38325703
      72.290  0.37933290
      72.490  0.37540876
      72.910  0.37148463
      73.390  0.36756050
      73.820  0.36363636
      74.350  0.35971223
      74.700  0.35578810
      74.900  0.35219097
      75.160  0.34859385
      75.280  0.34499673
      75.660  0.34139961
      76.090  0.33780249
      76.410  0.33420536
      76.610  0.33060824
      76.960  0.32701112
      77.340  0.32374101
      77.600  0.32047090
      77.920  0.31720078
      78.210  0.31393067
      78.480  0.31066056
      78.880  0.30739045
      79.040  0.30412034
      79.220  0.30085023
      79.550  0.29758012
      79.960  0.29431001
      80.680  0.29103990
      81.040  0.28809680
      81.330  0.28515370
      81.630  0.28221060
      81.770  0.27926750
      81.920  0.27632440
      82.280  0.27338129
      82.440  0.27043819
      82.790  0.26749509
      83.000  0.26455199
      83.320  0.26160889
      83.500  0.25866579
      83.840  0.25604971
      84.090  0.25343362
      84.730  0.25081753
      84.930  0.24820144
      85.160  0.24558535
      85.450  0.24296926
      85.730  0.24035317
      86.080  0.23773708
      86.320  0.23512099
      86.590  0.23250491
      87.030  0.22988882
      87.340  0.22727273
      87.760  0.22498365
      88.020  0.22269457
      88.100  0.22040549
      88.260  0.21811642
      88.700  0.21582734
      89.020  0.21353826
      89.370  0.21124918
      89.890  0.20896010
      90.240  0.20667103
      90.410  0.20438195
      90.680  0.20209287
      90.960  0.19980379
      91.170  0.19751472
      91.380  0.19522564
      91.930  0.19326357
      92.170  0.19130150
      92.540  0.18933944
      92.830  0.18737737
      93.000  0.18541530
      93.160  0.18345324
      93.560  0.18149117
      93.900  0.17952910
      94.150  0.17756704
      94.700  0.17560497
      95.040  0.17364290
      95.400  0.17168084
      95.880  0.16971877
      96.470  0.16775670
      96.700  0.16579464
      97.050  0.16383257
      97.710  0.16187050
      97.950  0.16023545
      98.370  0.15860039
      98.690  0.15696534
      98.950  0.15533028
      99.220  0.15369523
      99.310  0.15206017
      99.570  0.15042511
      99.870  0.14879006
     100.070  0.14715500
     100.230  0.14551995
     100.500  0.14388489
     100.850  0.14224984
     101.250  0.14061478
     101.560  0.13897973
     101.790  0.13734467
     102.030  0.13570961
     102.160  0.13407456
     102.530  0.13243950
     103.170  0.13080445
     103.530  0.12916939
     103.710  0.12786135
     103.870  0.12655330
     104.080  0.12524526
     104.350  0.12393721
     104.700  0.12262917
     104.970  0.12132112
     105.480  0.12001308
     105.840  0.11870504
     106.100  0.11739699
     106.510  0.11608895
     106.640  0.11478090
     107.020  0.11347286
     107.440  0.11216481
     107.710  0.11085677
     107.960  0.10954872
     108.470  0.10824068
     108.850  0.10693264
     109.050  0.10562459
     109.810  0.10431655
     110.270  0.10300850
     110.500  0.10170046
     110.660  0.10039241
     110.850  0.09908437
     111.280  0.09777632
     111.560  0.09679529
     111.710  0.09581426
     111.960  0.09483322
     112.160  0.09385219
     112.720  0.09287116
     112.820  0.09189012
     112.990  0.09090909
     113.310  0.08992806
     113.400  0.08894702
     113.660  0.08796599
     113.860  0.08698496
     114.000  0.08600392
     114.170  0.08502289
     114.540  0.08404186
     114.830  0.08306082
     115.820  0.08207979
     116.100  0.08109876
     117.020  0.08011772
     117.340  0.07913669
     117.520  0.07815566
     118.020  0.07717462
     118.380  0.07619359
     118.800  0.07521256
     119.530  0.07423152
     119.720  0.07325049
     120.200  0.07226946
     120.800  0.07128842
     121.070  0.07030739
     121.490  0.06932636
     121.760  0.06834532
     122.200  0.06736429
     122.450  0.06638326
     122.650  0.06540222
     122.990  0.06442119
     123.280  0.06376717
     123.410  0.06311315
     123.470  0.06245912
     123.530  0.06180510
     123.580  0.06115108
     123.820  0.06049706
     123.870  0.05984303
     124.010  0.05918901
     124.240  0.05853499
     124.570  0.05788097
     125.410  0.05722695
     126.310  0.05657292
     127.020  0.05591890
     127.610  0.05526488
     127.890  0.05461086
     128.140  0.05395683
     128.690  0.05330281
     129.040  0.05264879
     129.680  0.05199477
     129.740  0.05134075
     130.080  0.05068672
     130.510  0.05003270
     130.570  0.04937868
     131.210  0.04872466
     131.520  0.04807063
     131.610  0.04741661
     131.730  0.04676259
     132.120  0.04610857
     132.190  0.04545455
     132.980  0.04480052
     133.130  0.04414650
     133.270  0.04349248
     133.420  0.04283846
     133.480  0.04218443
     133.890  0.04153041
     134.520  0.04087639
     134.740  0.04022237
     135.320  0.03956835
     135.450  0.03891432
     135.980  0.03826030
     136.280  0.03760628
     136.410  0.03695226
     136.580  0.03629823
     137.030  0.03564421
     138.440  0.03499019
     139.290  0.03433617
     139.580  0.03368215
     139.800  0.03302812
     141.170  0.03237410
     142.510  0.03204709
     144.050  0.03172008
     144.670  0.03139307
     144.870  0.03106606
     145.490  0.03073905
     145.570  0.03041203
     145.900  0.03008502
     146.910  0.02975801
     147.890  0.02943100
     147.970  0.02910399
     148.520  0.02877698
     149.210  0.02844997
     149.570  0.02812296
     149.620  0.02779595
     150.000  0.02746893
     150.390  0.02714192
     150.450  0.02681491
     150.590  0.02648790
     151.110  0.02616089
     151.530  0.02583388
     152.350  0.02550687
     152.970  0.02517986
     153.380  0.02485284
     153.920  0.02452583
     153.920  0.02419882
     155.920  0.02387181
     156.980  0.02354480
     159.350  0.02321779
     159.630  0.02289078
     159.850  0.02256377
     160.510  0.02223676
     162.060  0.02190974
     162.510  0.02158273
     162.960  0.02125572
     163.020  0.02092871
     163.560  0.02060170
     163.800  0.02027469
     164.550  0.01994768
     165.270  0.01962067
     165.370  0.01929366
     165.390  0.01896664
     166.050  0.01863963
     166.110  0.01831262
     166.220  0.01798561
     166.390  0.01765860
     168.220  0.01733159
     168.430  0.01700458
     168.600  0.01667757
     170.430  0.01635056
     173.040  0.01602354
     173.070  0.01569653
     174.790  0.01536952
     174.830  0.01504251
     175.030  0.01471550
     175.100  0.01438849
     175.660  0.01406148
     176.140  0.01373447
     176.900  0.01340746
     178.170  0.01308044
     179.600  0.01275343
     182.740  0.01242642
     184.050  0.01209941
     186.930  0.01177240
     188.240  0.01144539
     188.510  0.01111838
     189.560  0.01079137
     191.760  0.01046436
     192.090  0.01013734
     192.850  0.00981033
     194.690  0.00948332
     195.360  0.00915631
     195.490  0.00882930
     199.810  0.00850229
     203.100  0.00817528
     203.670  0.00784827
     204.740  0.00752126
     210.070  0.00719424
     211.220  0.00686723
     216.410  0.00654022
     230.400  0.00621321
     237.990  0.00588620
     250.480  0.00555919
     259.880  0.00523218
     268.260  0.00490517
     271.910  0.00457816
     284.970  0.00425114
     292.020  0.00392413
     296.690  0.00359712
 1210105.330  0.00327011
 1269369.730  0.00294310
 1407022.480  0.00261609
 1433892.180  0.00228908
 1456784.320  0.00196207
 1505887.420  0.00163506
 1513469.720  0.00130804
 1556253.630  0.00098103
 1567142.900  0.00065402
 1576832.130  0.00032701
 1743062.190  0.00000000
