# Digested data for unloaded_w4 experiment, run at 2026-04-20 23:41:54.510677
# Averaged across 1 repeated sample(s)
# length  cum_frac  samples     p50      p99     p999   s50    s99    s999
      60  0.006131      500    17.0     52.0  15478.9   1.0    3.1   910.5
      72  0.012263      500    16.8     40.6  15573.2   1.0    2.4   925.3
      92  0.018394      500    16.6     34.2     43.6   1.0    2.1     2.6
     119  0.024525      500    16.5     34.6  15103.5   1.0    2.1   913.2
     154  0.030657      500    16.3     34.5  14979.0   1.0    2.1   919.0
     199  0.036788      500    16.1     45.7  15403.7   1.0    2.8   959.1
     222  0.042920      500    15.9     33.2  15427.5   1.0    2.1   967.2
     227  0.049051      500    16.1     60.5  15313.7   1.0    3.8   952.3
     232  0.055182      500    16.0     34.4  15680.3   1.0    2.1   978.2
     237  0.061314      500    15.9     39.1  15342.7   1.0    2.5   961.9
     243  0.067445      500    15.8     45.4  14984.3   1.0    2.9   948.4
     248  0.073576      500    16.0     38.9  14607.9   1.0    2.4   914.7
     254  0.079708      500    15.6     32.9  15399.0   1.0    2.1   989.0
     259  0.085839      500    15.6  14796.2  15705.9   1.0  946.1  1004.2
     265  0.091970      500    16.1     65.3  15450.0   1.0    4.1   961.4
     271  0.098102      500    16.2     33.7  15107.6   1.0    2.1   932.0
     279  0.104233      500    16.4     57.0  15966.3   1.0    3.5   971.2
     288  0.110364      500    16.4     46.7  15287.0   1.0    2.8   930.4
     297  0.116496      500    16.2     42.8  15087.5   1.0    2.6   929.0
     303  0.122627      500    16.1     31.8     33.5   1.0    2.0     2.1
     305  0.128759      500    15.8     34.5  15143.1   1.0    2.2   956.6
     308  0.134890      500    15.8     32.7  15018.6   1.0    2.1   948.7
     310  0.141021      500    15.8     35.4  15541.5   1.0    2.2   984.9
     313  0.147153      500    15.8     32.5  14916.1   1.0    2.1   944.1
     315  0.153284      500    15.7     39.0  15098.5   1.0    2.5   959.9
     318  0.159415      500    15.7     34.7  15159.1   1.0    2.2   963.7
     321  0.165547      500    16.1  14867.2  15559.0   1.0  925.7   968.8
     323  0.171678      500    16.3     33.6     46.4   1.0    2.1     2.8
     326  0.177809      500    16.3     40.9  15031.7   1.0    2.5   924.5
     331  0.183941      500    16.4     43.4  15729.6   1.0    2.6   959.1
     335  0.190072      500    16.6     43.9  15620.1   1.0    2.6   939.8
     340  0.196203      500    16.9     90.6  15761.5   1.0    5.4   935.4
     345  0.202335      500    16.9     39.9  15729.2   1.0    2.4   932.9
     350  0.208466      500    16.9     37.5     48.5   1.0    2.2     2.9
     355  0.214598      500    16.8     34.7  15643.3   1.0    2.1   931.7
     360  0.220729      500    16.7     34.1  15004.2   1.0    2.0   899.0
     365  0.226860      500    16.4     37.2  15644.5   1.0    2.3   954.5
     371  0.232992      500    16.9     39.9  15344.0   1.0    2.4   906.3
     376  0.239123      500    16.2     37.5  15516.3   1.0    2.3   960.2
     385  0.245254      500    15.9     33.4     46.0   1.0    2.1     2.9
     395  0.251386      500    15.8     36.3  15384.1   1.0    2.3   974.9
     405  0.257517      500    15.6     32.7     38.3   1.0    2.1     2.5
     415  0.263648      500    15.6     32.6    229.4   1.0    2.1    14.7
     425  0.269780      500    15.5     32.4  15712.1   1.0    2.1  1011.1
     430  0.275911      500    15.6    101.4  15448.9   1.0    6.5   987.8
     435  0.282042      500    15.8     47.4  15466.8   1.0    3.0   979.5
     441  0.288174      500    15.8     41.2  15458.6   1.0    2.6   975.9
     446  0.294305      500    16.2     66.8  15825.9   1.0    4.1   976.9
     452  0.300437      500    16.4     67.2  15726.9   1.0    4.1   961.3
     457  0.306568      500    16.7     38.1  15254.2   1.0    2.3   915.6
     463  0.312699      500    16.6     47.4  15225.7   1.0    2.8   914.5
     468  0.318831      500    17.0     38.1  14987.3   1.0    2.2   882.6
     474  0.324962      500    17.3     50.5  15614.1   1.0    2.9   904.6
     480  0.331093      500    17.4     34.0  14953.9   1.0    2.0   857.9
     491  0.337225      500    17.2     46.0  15838.0   1.0    2.7   920.8
     502  0.343356      500    16.6     37.3  15175.8   1.0    2.3   915.9
     513  0.349487      500    16.8  15048.7  26039.8   1.0  896.8  1551.8
     525  0.355619      500    16.5     48.9  15506.0   1.0    3.0   937.5
     537  0.361750      500    16.4     34.9  15200.1   1.0    2.1   924.6
     549  0.367881      500    16.4     43.7  15640.8   1.0    2.7   952.5
     561  0.374013      500    16.5     34.2     45.2   1.0    2.1     2.7
     574  0.380144      500    16.4     40.4  15394.2   1.0    2.5   941.0
     587  0.386276      500    16.3     71.2  15873.8   1.0    4.4   975.6
     600  0.392407      500    15.8     33.0  15021.2   1.0    2.1   951.9
     607  0.398538      500    15.8    113.4  15161.3   1.0    7.2   961.4
     615  0.404670      500    16.1  14927.7  15702.2   1.0  927.2   975.3
     623  0.410801      500    16.3     33.7     40.6   1.0    2.1     2.5
     630  0.416932      500    16.2     34.8  15982.4   1.0    2.1   986.6
     638  0.423064      500    16.0     34.4  15547.6   1.0    2.1   969.9
     646  0.429195      500    16.1     33.6     38.2   1.0    2.1     2.4
     654  0.435326      500    16.0     55.0  15510.4   1.0    3.4   967.0
     662  0.441458      500    16.1     33.6     37.5   1.0    2.1     2.3
     671  0.447589      500    16.1     66.2  15468.1   1.0    4.1   963.7
     679  0.453721      500    16.1     33.0     47.4   1.0    2.1     2.9
     685  0.459852      500    16.0    113.8  15601.8   1.0    7.1   972.7
     690  0.465983      500    16.1     46.9  15244.0   1.0    2.9   944.5
     696  0.472115      500    16.1    232.9  15361.6   1.0   14.5   955.3
     702  0.478246      500    15.9     39.8  15494.5   1.0    2.5   977.0
     707  0.484377      500    16.0     37.6  15045.7   1.0    2.4   939.8
     713  0.490509      500    16.1     33.8  14985.5   1.0    2.1   930.2
     719  0.496640      500    15.9     35.7  15189.9   1.0    2.2   956.5
     725  0.502771      500    15.9     42.9  15697.7   1.0    2.7   987.9
     731  0.508903      500    15.9     33.8  15390.5   1.0    2.1   968.0
     737  0.515034      500    16.1     96.0  15667.7   1.0    6.0   973.8
     749  0.521165      500    15.9    226.5  15068.9   1.0   14.2   947.1
     762  0.527297      500    16.0     36.3  15208.0   1.0    2.3   952.3
     774  0.533428      500    16.1     47.5  15610.7   1.0    3.0   972.6
     787  0.539560      500    16.0     34.2  14753.9   1.0    2.1   923.8
     800  0.545691      500    16.1     65.5  15516.1   1.0    4.1   965.5
     816  0.551822      500    16.0     33.7  15084.7   1.0    2.1   945.2
     833  0.557954      500    16.1     40.1  15459.2   1.0    2.5   962.6
     850  0.564085      500    15.9     31.8     33.3   1.0    2.0     2.1
     867  0.570216      500    15.9     31.5     33.2   1.0    2.0     2.1
     885  0.576348      500    16.0     37.9  15597.9   1.0    2.4   977.3
     914  0.582479      500    16.2     40.4  15234.4   1.0    2.5   938.7
     945  0.588610      500    16.2     33.1  15406.6   1.0    2.0   948.1
     976  0.594742      500    16.3     32.8  15430.7   1.0    2.0   947.8
    1009  0.600873      500    16.4     33.1     36.6   1.0    2.0     2.2
    1042  0.607004      500    16.3     43.6  15359.0   1.0    2.7   944.0
    1085  0.613136      500    16.6  14886.0  15335.6   1.0  897.8   924.9
    1130  0.619267      500    16.7     85.9  15534.8   1.0    5.2   931.9
    1177  0.625399      500    16.7     46.1  15794.2   1.0    2.8   945.2
    1226  0.631530      500    16.8     40.6  15063.2   1.0    2.4   895.0
    1277  0.637661      500    17.0  14805.4  15792.2   1.0  869.9   927.9
    1316  0.643793      500    17.2     34.3     46.6   1.0    2.0     2.7
    1357  0.649924      500    17.3     44.5  15440.8   1.0    2.6   894.1
    1399  0.656055      500    17.3     34.5     36.1   1.0    2.0     2.1
    1484  0.665277      752    61.5    168.0  30859.9   1.0    5.9   585.4
    1534  0.671408      500    24.8    150.7  30374.9   1.0    6.1  1222.8
    1559  0.677540      500    63.7    170.0  30821.4   1.0    2.7   484.0
    1585  0.683671      500    24.8    148.1    302.4   1.0    6.0    12.2
    1611  0.689802      500    24.7    146.5  30656.4   1.0    5.9  1240.6
    1664  0.701771      976    55.3    164.4  41045.4   1.0    3.8   646.4
    1865  0.707902      500    25.1    142.8  30989.4   1.0    5.7  1235.6
    2091  0.714033      500    25.0    164.9  15728.3   1.0    6.6   628.9
    2742  0.722654      703    69.7  15268.5  31450.7   1.0  171.1  1147.4
    3118  0.728786      500    42.1    160.6  31236.2   1.0    3.8   741.2
    3544  0.734917      500    27.0    159.6  30358.8   1.0    5.9  1124.0
    4030  0.741048      500    26.8    145.9    165.7   1.0    5.4     6.2
    4582  0.747180      500    28.9    173.9  30989.8   1.0    6.0  1073.8
    5652  0.753691      531   102.3  15050.3  31065.6   1.0  144.8   310.8
    6132  0.759822      500    97.3    160.6  31073.2   1.0    1.7   319.4
    6653  0.765954      500    97.6    171.6  15927.6   1.0    1.8   163.2
    7830  0.777076      907   100.8    169.9  31011.3   1.0    1.7   311.6
   10373  0.783207      500    80.2    156.6    287.8   1.0    2.0     3.6
   18203  0.794967      959   107.6    201.9  31306.5   1.0    2.0   318.9
   31946  0.807218      999    66.2    235.4  30995.7   1.0    3.8   546.5
   34801  0.817862      868    75.5    305.0  15297.2   1.0    4.0   203.7
   37450  0.826066      669    81.9  15065.6  25665.7   1.0  135.6   326.0
   39327  0.835557      774    85.3  14852.2  15810.4   1.0  174.7   186.0
   41214  0.843148      619    90.0  15110.0  15933.4   1.0  115.8   178.2
   42928  0.850738      619   132.1  14793.8  15350.9   1.0  106.5   123.1
   44531  0.859984      754    91.5  14423.2  16006.0   1.0  159.7   174.3
   46195  0.868004      654   138.7  15391.4  15900.2   1.0  117.8   166.4
   47435  0.877998      815    96.1    316.3  15805.0   1.0    3.3   164.5
   48215  0.884179      504    99.7  15150.5  31231.4   1.0  107.8   216.8
   49007  0.891622      607   112.1  15302.2  15533.7   1.0   97.0   157.1
   50221  0.900758      745   141.8  15508.0  30560.1   1.0   95.1   303.1
   51046  0.910372      784   121.6  14561.6  15863.0   1.0  107.3   138.6
   60084  0.916797      524   170.4  15174.4  15694.2   1.0   89.3    92.4
   69014  0.924339      615   182.0  15545.5  16067.1   1.0   84.6    89.5
   72473  0.932874      696   176.1    391.0  15595.9   1.0    2.2    89.4
   76416  0.941629      714   216.3  15471.6  30739.5   1.0   71.0   135.4
   78948  0.948141      531   277.2  15867.9  30833.3   1.0   55.8   143.0
   80246  0.954702      535   223.4    687.8  16106.8   1.0    3.0    74.1
   85305  0.960931      508   236.0  15722.9  16201.2   1.0   68.9    75.9
  102058  0.968546      621   331.0  15588.5  15835.2   1.0   45.7    60.4
  123857  0.976689      664   394.5  15702.4  16145.2   1.0   39.6    61.4
  164410  0.983592      563   452.8  15869.9  30842.8   1.0   37.4    57.5
  206566  0.990656      576   511.9  15586.1  31685.0   1.0   30.5    59.3
  318166  0.997131      528   691.6  16220.1  31688.3   1.0   25.9    55.2
 1000000  1.000000      234  1203.8  31400.6  32301.3   1.0   21.8    30.6
