# Fraction of RTTS longer than a given time for unloaded_w4 experiment
# Includes messages <= 279 bytes; measured at 2026-04-20 23:41:54.510677
# Averaged across 1 repeated sample(s)
# Data collected at 2026-04-20 23:41:54.510677 
#       usec        frac
      14.820  0.99988235
      14.980  0.99917647
      15.130  0.99470588
      15.220  0.98470588
      15.300  0.97482353
      15.360  0.96505882
      15.400  0.95529412
      15.440  0.94564706
      15.470  0.93611765
      15.500  0.92670588
      15.520  0.91741176
      15.540  0.90823529
      15.560  0.89905882
      15.580  0.89000000
      15.600  0.88105882
      15.620  0.87223529
      15.640  0.86341176
      15.650  0.85470588
      15.670  0.84611765
      15.680  0.83764706
      15.700  0.82917647
      15.710  0.82082353
      15.730  0.81258824
      15.740  0.80435294
      15.750  0.79623529
      15.760  0.78823529
      15.780  0.78023529
      15.790  0.77235294
      15.800  0.76458824
      15.820  0.75694118
      15.830  0.74929412
      15.840  0.74176471
      15.850  0.73423529
      15.860  0.72682353
      15.880  0.71952941
      15.890  0.71223529
      15.900  0.70505882
      15.910  0.69800000
      15.920  0.69094118
      15.930  0.68400000
      15.940  0.67705882
      15.940  0.67023529
      15.950  0.66352941
      15.960  0.65682353
      15.970  0.65023529
      15.980  0.64364706
      15.990  0.63717647
      16.000  0.63070588
      16.010  0.62435294
      16.020  0.61800000
      16.030  0.61176471
      16.030  0.60564706
      16.040  0.59952941
      16.050  0.59352941
      16.060  0.58752941
      16.070  0.58164706
      16.080  0.57576471
      16.090  0.57000000
      16.100  0.56423529
      16.100  0.55858824
      16.110  0.55294118
      16.120  0.54741176
      16.130  0.54188235
      16.140  0.53635294
      16.150  0.53094118
      16.160  0.52552941
      16.160  0.52023529
      16.170  0.51494118
      16.180  0.50976471
      16.190  0.50458824
      16.200  0.49952941
      16.210  0.49447059
      16.210  0.48941176
      16.220  0.48447059
      16.230  0.47952941
      16.240  0.47470588
      16.240  0.46988235
      16.250  0.46517647
      16.260  0.46047059
      16.270  0.45576471
      16.270  0.45117647
      16.280  0.44658824
      16.290  0.44211765
      16.300  0.43764706
      16.310  0.43317647
      16.310  0.42882353
      16.320  0.42447059
      16.330  0.42011765
      16.340  0.41588235
      16.340  0.41164706
      16.350  0.40752941
      16.360  0.40341176
      16.370  0.39929412
      16.370  0.39529412
      16.380  0.39129412
      16.390  0.38729412
      16.400  0.38341176
      16.400  0.37952941
      16.410  0.37564706
      16.420  0.37188235
      16.430  0.36811765
      16.440  0.36435294
      16.450  0.36070588
      16.460  0.35705882
      16.460  0.35341176
      16.470  0.34976471
      16.480  0.34623529
      16.490  0.34270588
      16.500  0.33917647
      16.510  0.33576471
      16.510  0.33235294
      16.520  0.32894118
      16.530  0.32564706
      16.540  0.32235294
      16.550  0.31905882
      16.550  0.31576471
      16.560  0.31258824
      16.570  0.30941176
      16.580  0.30623529
      16.590  0.30305882
      16.590  0.30000000
      16.600  0.29694118
      16.610  0.29388235
      16.620  0.29094118
      16.620  0.28800000
      16.630  0.28505882
      16.640  0.28211765
      16.650  0.27929412
      16.650  0.27647059
      16.660  0.27364706
      16.670  0.27082353
      16.680  0.26800000
      16.690  0.26529412
      16.690  0.26258824
      16.700  0.25988235
      16.700  0.25717647
      16.710  0.25458824
      16.720  0.25200000
      16.730  0.24941176
      16.740  0.24682353
      16.750  0.24435294
      16.750  0.24188235
      16.760  0.23941176
      16.770  0.23694118
      16.780  0.23447059
      16.790  0.23211765
      16.800  0.22976471
      16.800  0.22741176
      16.810  0.22505882
      16.820  0.22270588
      16.820  0.22047059
      16.830  0.21823529
      16.840  0.21600000
      16.850  0.21376471
      16.850  0.21152941
      16.860  0.20941176
      16.870  0.20729412
      16.880  0.20517647
      16.890  0.20305882
      16.890  0.20094118
      16.910  0.19882353
      16.920  0.19682353
      16.930  0.19482353
      16.940  0.19282353
      16.950  0.19082353
      16.960  0.18882353
      16.970  0.18682353
      16.980  0.18494118
      16.990  0.18305882
      17.000  0.18117647
      17.000  0.17929412
      17.010  0.17741176
      17.030  0.17552941
      17.040  0.17376471
      17.050  0.17200000
      17.060  0.17023529
      17.080  0.16847059
      17.090  0.16670588
      17.100  0.16494118
      17.120  0.16317647
      17.130  0.16152941
      17.150  0.15988235
      17.170  0.15823529
      17.180  0.15658824
      17.200  0.15494118
      17.230  0.15329412
      17.250  0.15164706
      17.270  0.15011765
      17.300  0.14858824
      17.320  0.14705882
      17.350  0.14552941
      17.380  0.14400000
      17.410  0.14247059
      17.460  0.14094118
      17.530  0.13952941
      17.630  0.13811765
      17.820  0.13694118
      18.080  0.13600000
      18.350  0.13541176
      18.570  0.13494118
      18.900  0.13447059
      19.090  0.13400000
      19.540  0.13364706
      19.840  0.13352941
      20.230  0.13317647
      20.570  0.13282353
      20.780  0.13235294
      21.000  0.13152941
      21.210  0.13047059
      21.450  0.12976471
      21.670  0.12882353
      21.880  0.12752941
      22.100  0.12635294
      22.230  0.12505882
      22.320  0.12376471
      22.440  0.12247059
      22.640  0.12117647
      22.770  0.11988235
      22.920  0.11858824
      23.060  0.11729412
      23.200  0.11611765
      23.330  0.11494118
      23.480  0.11376471
      23.590  0.11258824
      23.690  0.11141176
      23.780  0.11023529
      23.900  0.10905882
      23.990  0.10788235
      24.180  0.10670588
      24.300  0.10552941
      24.440  0.10447059
      24.510  0.10341176
      24.700  0.10235294
      24.840  0.10129412
      25.010  0.10023529
      25.150  0.09917647
      25.310  0.09811765
      25.470  0.09705882
      25.650  0.09600000
      25.810  0.09494118
      25.890  0.09388235
      25.970  0.09294118
      26.090  0.09200000
      26.230  0.09105882
      26.390  0.09011765
      26.530  0.08917647
      26.660  0.08823529
      26.810  0.08729412
      26.930  0.08635294
      27.040  0.08541176
      27.240  0.08447059
      27.390  0.08352941
      27.520  0.08258824
      27.650  0.08164706
      27.720  0.08082353
      27.820  0.08000000
      27.920  0.07917647
      28.110  0.07835294
      28.220  0.07752941
      28.400  0.07670588
      28.470  0.07588235
      28.530  0.07505882
      28.580  0.07423529
      28.700  0.07341176
      28.840  0.07258824
      28.960  0.07176471
      29.120  0.07094118
      29.290  0.07011765
      29.420  0.06941176
      29.560  0.06870588
      29.680  0.06800000
      29.810  0.06729412
      29.840  0.06658824
      30.050  0.06588235
      30.170  0.06517647
      30.300  0.06447059
      30.410  0.06376471
      30.460  0.06305882
      30.520  0.06235294
      30.580  0.06164706
      30.660  0.06094118
      30.740  0.06023529
      30.830  0.05952941
      30.880  0.05882353
      30.960  0.05811765
      31.010  0.05752941
      31.040  0.05694118
      31.080  0.05635294
      31.120  0.05576471
      31.140  0.05517647
      31.170  0.05458824
      31.200  0.05400000
      31.250  0.05341176
      31.270  0.05282353
      31.320  0.05223529
      31.350  0.05164706
      31.380  0.05105882
      31.460  0.05047059
      31.500  0.04988235
      31.530  0.04929412
      31.560  0.04870588
      31.570  0.04811765
      31.590  0.04752941
      31.610  0.04694118
      31.640  0.04647059
      31.670  0.04600000
      31.710  0.04552941
      31.770  0.04505882
      31.800  0.04458824
      31.840  0.04411765
      31.870  0.04364706
      31.890  0.04317647
      31.910  0.04270588
      31.970  0.04223529
      31.990  0.04176471
      32.040  0.04129412
      32.060  0.04082353
      32.090  0.04035294
      32.120  0.03988235
      32.140  0.03941176
      32.170  0.03894118
      32.220  0.03847059
      32.240  0.03800000
      32.250  0.03752941
      32.290  0.03705882
      32.340  0.03658824
      32.360  0.03611765
      32.390  0.03564706
      32.440  0.03517647
      32.450  0.03482353
      32.470  0.03447059
      32.490  0.03411765
      32.530  0.03376471
      32.540  0.03341176
      32.560  0.03305882
      32.570  0.03270588
      32.580  0.03235294
      32.620  0.03200000
      32.620  0.03164706
      32.660  0.03129412
      32.680  0.03094118
      32.740  0.03058824
      32.740  0.03023529
      32.780  0.02988235
      32.790  0.02952941
      32.840  0.02917647
      32.870  0.02882353
      32.910  0.02847059
      32.920  0.02811765
      32.950  0.02776471
      32.980  0.02741176
      33.020  0.02705882
      33.050  0.02670588
      33.070  0.02635294
      33.090  0.02600000
      33.130  0.02564706
      33.180  0.02529412
      33.190  0.02494118
      33.230  0.02458824
      33.250  0.02423529
      33.260  0.02388235
      33.300  0.02352941
      33.320  0.02329412
      33.370  0.02305882
      33.380  0.02282353
      33.390  0.02258824
      33.400  0.02235294
      33.420  0.02211765
      33.460  0.02188235
      33.500  0.02164706
      33.530  0.02141176
      33.550  0.02117647
      33.560  0.02094118
      33.590  0.02070588
      33.620  0.02047059
      33.660  0.02023529
      33.680  0.02000000
      33.700  0.01976471
      33.730  0.01952941
      33.770  0.01929412
      33.800  0.01905882
      33.840  0.01882353
      33.910  0.01858824
      33.960  0.01835294
      33.970  0.01811765
      34.030  0.01788235
      34.060  0.01764706
      34.120  0.01741176
      34.150  0.01717647
      34.200  0.01694118
      34.230  0.01670588
      34.260  0.01647059
      34.310  0.01623529
      34.350  0.01600000
      34.390  0.01576471
      34.450  0.01552941
      34.480  0.01529412
      34.520  0.01505882
      34.570  0.01482353
      34.640  0.01458824
      34.660  0.01435294
      34.760  0.01411765
      34.890  0.01388235
      34.990  0.01364706
      35.050  0.01341176
      35.620  0.01317647
      35.880  0.01294118
      36.160  0.01270588
      36.190  0.01247059
      36.320  0.01223529
      36.430  0.01200000
      36.740  0.01176471
      36.780  0.01164706
      37.020  0.01152941
      37.170  0.01141176
      37.200  0.01129412
      37.400  0.01117647
      37.650  0.01105882
      38.260  0.01094118
      38.410  0.01082353
      38.510  0.01070588
      38.890  0.01058824
      39.120  0.01047059
      39.130  0.01035294
      39.170  0.01023529
      39.210  0.01011765
      39.970  0.01000000
      40.140  0.00988235
      40.570  0.00976471
      40.760  0.00964706
      40.920  0.00952941
      41.260  0.00941176
      41.560  0.00929412
      41.570  0.00917647
      41.810  0.00905882
      43.040  0.00894118
      43.600  0.00882353
      43.720  0.00870588
      43.810  0.00858824
      44.300  0.00847059
      44.810  0.00835294
      44.980  0.00823529
      45.390  0.00811765
      45.480  0.00800000
      45.520  0.00788235
      45.580  0.00776471
      45.740  0.00764706
      45.810  0.00752941
      45.830  0.00741176
      46.010  0.00729412
      46.480  0.00717647
      46.550  0.00705882
      46.630  0.00694118
      46.790  0.00682353
      47.260  0.00670588
      47.740  0.00658824
      47.970  0.00647059
      48.700  0.00635294
      48.870  0.00623529
      48.870  0.00611765
      49.230  0.00600000
      49.640  0.00588235
      50.650  0.00576471
      52.040  0.00564706
      54.460  0.00552941
      56.260  0.00541176
      56.540  0.00529412
      57.050  0.00517647
      60.490  0.00505882
      62.080  0.00494118
      65.330  0.00482353
      65.720  0.00470588
      67.470  0.00458824
      67.590  0.00447059
      67.650  0.00435294
      85.310  0.00423529
      86.130  0.00411765
      86.150  0.00400000
      87.390  0.00388235
      91.350  0.00376471
      99.390  0.00364706
     101.780  0.00352941
     109.110  0.00341176
     110.030  0.00329412
   14607.940  0.00317647
   14796.230  0.00305882
   14820.960  0.00294118
   14830.690  0.00282353
   14978.950  0.00270588
   14984.290  0.00258824
   15076.230  0.00247059
   15099.130  0.00235294
   15103.540  0.00223529
   15107.650  0.00211765
   15170.360  0.00200000
   15176.670  0.00188235
   15237.320  0.00176471
   15301.180  0.00164706
   15313.720  0.00152941
   15342.700  0.00141176
   15398.900  0.00129412
   15399.010  0.00117647
   15403.660  0.00105882
   15427.540  0.00094118
   15450.040  0.00082353
   15478.940  0.00070588
   15505.200  0.00058824
   15573.190  0.00047059
   15660.990  0.00035294
   15680.260  0.00023529
   15705.910  0.00011765
   15966.310  0.00000000
