# Digested data for dctcp_w4 experiment, run at 2026-04-21 06:11:05.628931
# Averaged across 1 repeated sample(s)
# length  cum_frac  samples     p50      p99     p999   s50    s99    s999
      60  0.002200      764   253.9  21219.1 122717.0  15.0 1251.1  7235.7
      72  0.004232      706   288.7  35726.7  68049.7  17.4 2152.2  4099.4
      92  0.007031      972   289.8  36475.0 168319.4  17.8 2237.7 10326.3
     119  0.009280      781   285.4  30584.6 205579.6  17.7 1897.3 12753.1
     154  0.011341      716   294.1  34262.3 204386.0  18.5 2152.2 12838.3
     199  0.013604      786   275.5  22376.7  82104.5  17.4 1413.6  5186.6
     222  0.016967     1168   276.7  18078.6 107795.2  17.3 1133.5  6758.3
     227  0.019809      987   302.4  32975.1 154492.6  19.3 2100.3  9840.3
     232  0.022550      952   276.2  34568.0  99530.9  17.9 2234.5  6433.8
     237  0.025063      873   282.8  43395.5 185429.0  18.3 2814.2 12025.2
     243  0.027563      868   277.2  42924.4 132708.6  18.1 2805.5  8673.8
     248  0.030269      940   315.7  24767.1 122117.3  20.8 1635.9  8065.9
     254  0.032682      838   277.2  28605.1 187543.3  18.4 1896.9 12436.6
     259  0.035374      935   290.0  41612.4 181989.8  19.2 2761.3 12076.3
     265  0.038031      923   293.2  31812.0 212778.7  19.5 2113.8 14138.1
     271  0.040712      931   294.7  41920.1 201375.9  19.6 2792.8 13416.1
     279  0.043948     1124   281.1  49258.6 187109.7  18.7 3277.3 12449.1
     288  0.047392     1196   294.9  25312.1 176513.8  19.6 1685.2 11751.9
     297  0.050734     1161   276.4  56578.3 150483.8  18.4 3769.4 10025.6
     303  0.060270     3312   296.4  21715.6 135966.2  19.7 1443.9  9040.3
     305  0.068796     2961   297.9  35007.5 180719.0  19.8 2329.2 12023.9
     308  0.076996     2848   290.5  34440.7 116263.6  19.3 2285.4  7714.9
     310  0.085458     2939   294.4  28419.2 134644.2  19.5 1880.8  8910.9
     313  0.093816     2903   292.9  23626.2 132830.3  19.4 1562.6  8785.1
     315  0.102393     2979   308.8  46246.0 177448.0  20.4 3052.5 11712.7
     318  0.110864     2942   282.3  40429.9 160889.8  18.7 2679.3 10662.0
     321  0.119470     2989   299.0  43919.0 180020.9  19.9 2916.3 11953.6
     323  0.128027     2972   295.6  36688.6 160786.8  19.6 2432.9 10662.3
     326  0.136480     2936   292.0  28322.7 148859.7  19.3 1874.4  9851.7
     331  0.143053     2283   291.4  27530.0  88394.3  19.3 1826.8  5865.6
     335  0.149563     2261   294.6  34632.0 142811.1  19.3 2270.9  9364.7
     340  0.156111     2274   300.9  35027.2  77167.6  19.9 2316.6  5103.7
     345  0.162790     2320   298.5  31762.6 106633.1  19.8 2106.3  7071.2
     350  0.169433     2307   294.7  29603.4 143953.0  19.5 1961.8  9539.6
     355  0.176230     2361   302.8  26111.6  81078.6  19.7 1700.0  5278.6
     360  0.183020     2358   297.1  37674.8 115566.7  19.2 2438.5  7480.0
     365  0.189434     2228   295.4  24067.9 123748.6  19.5 1584.5  8146.7
     371  0.195973     2271   284.1  21953.6 147478.0  18.7 1448.1  9728.1
     376  0.202578     2294   295.7  30371.3  65890.1  19.4 1994.2  4326.3
     385  0.206698     1431   296.8  43692.1 173540.0  19.5 2876.4 11424.6
     395  0.210715     1395   290.5  45297.4 119468.1  19.1 2978.1  7854.6
     405  0.214849     1436   296.4  30718.2  54478.5  19.6 2028.9  3598.3
     415  0.218895     1405   265.1  31067.2 137206.5  17.5 2049.3  9050.6
     425  0.222954     1410   313.9  46402.7 154929.5  20.7 3066.9 10239.9
     430  0.227109     1443   287.7  42896.3  89923.1  19.0 2837.1  5947.3
     435  0.231477     1517   296.8  34859.8  94523.5  19.6 2305.5  6251.6
     441  0.235456     1382   270.5  19856.3  80467.9  17.8 1305.5  5290.5
     446  0.239610     1443   291.1  26640.9 118155.3  19.2 1759.6  7804.2
     452  0.243693     1418   294.8  32687.5 118179.0  19.4 2146.3  7759.6
     457  0.247741     1406   286.9  24619.6  90313.5  18.9 1625.1  5961.3
     463  0.251856     1429   285.1  28448.3 139282.7  18.8 1875.3  9181.5
     468  0.256261     1530   282.1  32914.7 104556.7  18.7 2176.9  6915.1
     474  0.260280     1396   275.3  35666.0  92149.2  18.2 2357.3  6090.5
     480  0.264277     1388   314.3  28080.3 117370.4  20.7 1853.5  7747.2
     491  0.283179     6565   291.9  33930.7 131987.7  19.0 2213.4  8609.8
     502  0.302455     6695   291.4  29157.8 136555.5  19.1 1910.7  8948.6
     513  0.322120     6830   300.1  37090.5 140491.8  19.7 2435.4  9224.7
     525  0.341514     6736   287.4  35085.3 154749.3  18.9 2309.8 10187.6
     537  0.360834     6710   289.4  33570.3 118592.2  19.0 2204.2  7786.8
     549  0.380205     6728   286.1  35036.8 119858.5  18.8 2302.0  7875.1
     561  0.399804     6807   286.7  37398.1 135541.4  18.9 2460.4  8917.2
     574  0.419641     6890   284.3  26831.7 130663.7  18.7 1761.8  8579.4
     587  0.438762     6641   288.0  31045.9 121322.0  18.9 2033.1  7945.1
     600  0.458329     6796   291.1  41533.9 185435.7  19.1 2718.2 12135.8
     607  0.463852     1918   295.3  36267.6 124458.8  19.3 2373.5  8145.2
     615  0.469619     2003   292.9  25248.3 116189.3  19.1 1649.1  7589.1
     623  0.475089     1900   300.8  34895.8 186963.8  19.6 2276.3 12195.9
     630  0.480793     1981   286.5  31084.8 156230.4  18.7 2030.4 10204.5
     638  0.486514     1987   279.3  34459.7 165665.0  18.2 2244.9 10792.5
     646  0.492243     1990   301.2  38327.9 140152.1  19.5 2477.6  9059.6
     654  0.497921     1972   299.8  33300.2 116557.0  19.4 2155.4  7544.1
     662  0.503115     1804   294.3  34861.7 151352.0  19.0 2250.6  9771.0
     671  0.508664     1927   290.5  29013.1 206956.7  18.8 1876.7 13386.6
     679  0.514341     1972   300.2  29629.3  92220.1  19.4 1911.6  5949.7
     685  0.517840     1215   302.5  31615.2 104266.9  19.6 2047.6  6753.0
     690  0.521381     1230   292.6  27048.7  71294.0  18.9 1749.6  4611.5
     696  0.524822     1195   295.2  31340.6  82004.1  19.1 2025.9  5300.8
     702  0.528510     1281   278.9  31491.4  99718.1  18.0 2029.1  6425.1
     707  0.532152     1265   279.7  37685.3 205621.3  18.1 2436.0 13291.6
     713  0.535803     1268   289.7  42182.1 111202.7  18.7 2721.4  7174.4
     719  0.539382     1243   270.2  37010.1 114121.1  17.4 2384.7  7353.2
     725  0.543107     1294   264.9  31331.2 152154.9  17.1 2017.5  9797.5
     731  0.546692     1245   277.3  27318.9  71454.4  17.9 1759.1  4601.1
     737  0.550095     1182   279.0  28575.7  87860.8  18.0 1838.8  5653.9
     749  0.555263     1795   284.0  40760.2 163779.5  18.3 2619.5 10525.7
     762  0.559913     1615   284.3  38670.1 123301.4  18.2 2470.9  7878.7
     774  0.564526     1602   309.2  25330.1 150321.7  19.8 1619.6  9611.4
     787  0.569176     1615   292.3  48470.9 182406.5  18.7 3093.2 11640.5
     800  0.574151     1728   269.3  32973.4  89491.5  17.2 2111.0  5729.3
     816  0.577217     1065   295.9  39429.1 129177.4  18.8 2501.8  8196.5
     833  0.580307     1073   300.1  35208.9 114902.2  18.9 2213.0  7222.0
     850  0.583010      939   298.9  33249.2 161000.2  18.9 2105.7 10196.3
     867  0.585936     1016   311.0  32604.1  96941.4  19.6 2057.0  6116.2
     885  0.589028     1074   274.3  28330.2 106910.5  17.4 1796.5  6779.4
     914  0.592653     1259   296.5  33452.8 197096.8  18.9 2129.4 12545.9
     945  0.596580     1364   304.1  27830.1 108729.9  19.2 1761.4  6881.6
     976  0.600283     1286   289.1  42271.5  92495.6  18.2 2667.0  5835.7
    1009  0.604175     1352   292.3  38976.3 132185.3  17.9 2383.9  8084.7
    1042  0.607875     1285   279.1  24266.2  81654.9  17.5 1517.6  5106.6
    1085  0.611497     1258   297.7  39712.7 184024.6  18.6 2475.9 11472.9
    1130  0.615137     1264   295.3  29959.0  95315.2  18.3 1858.5  5912.9
    1177  0.618908     1310   300.0  35476.4  99692.0  18.5 2181.8  6131.1
    1226  0.622605     1284   293.2  44003.4 199288.1  18.0 2704.6 12248.8
    1277  0.626216     1254   294.4  55400.8 119202.5  18.0 3396.7  7308.6
    1316  0.629547     1157   295.0  40191.4 151170.9  18.0 2453.7  9229.0
    1357  0.633011     1203   308.4  29242.1 124407.8  18.7 1776.6  7558.2
    1399  0.636423     1185   283.8  37737.6  82965.1  17.2 2280.2  5013.0
    1436  0.638991      892   289.3  33462.6 150952.6  12.1 1396.0  6297.6
    1484  0.641994     1043   309.9  26738.1 117538.7  12.9 1113.6  4895.4
    1534  0.644933     1021   300.6  39783.0 176388.2  12.5 1654.2  7334.2
    1559  0.648913     1382   303.2  17894.8  87611.1  12.6  743.1  3638.3
    1585  0.652892     1382   290.0  19900.2  66174.5  12.0  824.7  2742.4
    1611  0.657055     1446   299.2  27745.2  90421.3  12.4 1146.0  3734.9
    1637  0.661086     1400   302.8  36078.5 157210.9  12.5 1492.7  6504.4
    1664  0.665004     1361   310.7  59882.8 161392.1  12.9 2485.8  6699.5
    1865  0.667915     1011   310.4  25037.6  64470.2  12.9 1040.6  2679.6
    2091  0.670783      996   298.3  29242.0 127967.0  12.4 1214.9  5316.5
    2412  0.674062     1139   318.6  43153.1  87231.1  13.2 1789.8  3618.0
    2742  0.676798      950   283.9  23688.9  71608.2  11.7  979.7  2961.5
    3118  0.679668      997   289.1  28807.7 124565.6  11.3 1124.4  4862.0
    3544  0.682467      972   292.3  20615.7 189214.3  11.4  801.9  7359.6
    4030  0.685147      931   300.2  39541.5 161161.7  11.5 1520.8  6198.5
    4582  0.688006      993   296.9  26845.2  72036.7  10.7  969.8  2602.5
    5210  0.690724      944   315.9  32183.7 180850.4  11.4 1162.7  6533.6
    5652  0.693874     1094   293.1  22252.1  82834.0  10.6  803.6  2991.5
    6132  0.696638      960   352.7  51056.6 177604.1  12.1 1747.9  6080.3
    6653  0.699762     1085   307.7  23095.3 106144.8  10.5  787.2  3617.8
    7217  0.702558      971   319.5  29336.5 196177.7  10.4  951.6  6363.2
    7830  0.705558     1042   301.6  33770.3  82918.3   9.8 1092.5  2682.6
   10373  0.708264      940   319.3  24057.0  70963.0   9.2  694.3  2048.0
   13741  0.710879      908   341.4  20937.6 104941.9   8.8  538.2  2697.7
   18203  0.713660      966   331.0  50670.5 220251.4   7.5 1153.4  5013.7
   24115  0.716200      882   373.1  51020.4 156471.5   6.7  915.5  2807.7
   31946  0.718886      933   397.0  34383.7 214687.9   6.0  517.8  3233.3
   33343  0.721627      952   407.1  44194.7 209230.7   5.9  641.2  3035.4
   34801  0.724290      925   398.5  33401.1 193874.1   5.7  481.1  2792.4
   36322  0.727178     1003   435.1  51695.1 131212.0   5.8  686.5  1742.5
   37450  0.730020      987   407.9  39907.3 138103.6   5.0  490.3  1696.8
   38377  0.732741      945   446.2  30490.8 206442.3   5.4  367.9  2491.2
   39327  0.735510      962   433.3  33104.7 213602.4   5.2  398.7  2572.6
   40382  0.739279     1309   433.5  27590.6 174037.5   5.1  326.2  2057.7
   41214  0.742838     1236   419.2  20345.0 142293.2   4.9  237.1  1658.4
   42062  0.746523     1280   447.5  29997.5  70233.7   5.2  348.4   815.8
   42928  0.750180     1270   437.4  30475.7 203520.5   5.0  346.0  2310.6
   43811  0.753788     1253   459.4  48235.1 198074.5   5.2  547.6  2248.5
   44531  0.757677     1351   460.2  27582.6 124290.4   5.1  308.2  1388.7
   45079  0.761749     1414   449.3  36447.7 113379.9   5.0  405.0  1259.8
   45634  0.765932     1453   455.3  51457.8 211404.2   5.0  560.7  2303.4
   46195  0.770095     1446   446.3  36775.1 136640.7   4.9  401.0  1489.9
   46763  0.774224     1434   450.9  21492.0 154698.9   4.9  233.4  1679.7
   47435  0.779680     1895   467.1  23955.3 199036.4   5.0  255.9  2125.8
   47823  0.783518     1333   474.1  30396.5  73519.7   5.1  324.3   784.5
   48215  0.787120     1251   459.2  22021.9 108331.1   4.9  235.2  1156.9
   48609  0.790748     1260   465.4  28901.3  74045.4   4.9  304.1   779.1
   49007  0.794433     1280   466.1  29638.8 196324.5   4.9  310.4  2056.0
   49408  0.798496     1411   490.5  38051.1 108135.0   5.1  397.7  1130.3
   49813  0.802593     1423   498.1  31718.1 122164.1   5.1  325.9  1255.4
   50221  0.806523     1365   482.4  39552.6 154000.8   5.0  406.5  1582.9
   50632  0.810286     1307   507.9  21263.6 127940.6   5.2  218.6  1315.3
   51046  0.814202     1360   513.2  36776.5 117089.2   5.2  376.2  1197.6
   55381  0.817260     1062   518.2  37859.4 221385.6   4.8  353.2  2065.5
   60084  0.820326     1065   553.6  36787.6 146939.4   4.9  326.2  1303.0
   64132  0.823790     1203   583.5  22937.2  67909.7   5.0  195.6   579.2
   66528  0.826430      917   634.2  30853.2  92484.5   5.3  259.4   777.6
   69014  0.829326     1006   659.3  28130.0  70469.9   5.4  230.1   576.3
   71156  0.832096      962   691.2  44920.5 215207.9   5.5  357.8  1714.3
   72473  0.835062     1030   655.8  30107.5 142836.7   5.2  238.2  1129.9
   73814  0.837947     1002   648.7  36719.4  87971.9   5.0  282.3   676.2
   75180  0.840791      988   672.8  25398.0 129502.7   4.8  180.9   922.4
   75795  0.843927     1089   696.8  41561.2 133694.6   4.8  288.4   927.6
   76416  0.846723      971   721.4  42305.4 230416.3   5.1  298.5  1625.5
   77041  0.849682     1028   676.0  46082.6 101831.6   4.6  314.4   694.9
   77672  0.852573     1004   692.8  32555.6  92078.8   4.6  216.7   612.9
   78307  0.855579     1044   732.4  30015.0  85582.6   4.8  196.0   558.7
   78948  0.858619     1056   684.5  36477.2 203359.6   4.4  234.4  1306.6
   79595  0.861620     1042   726.7  23521.2  56537.9   4.7  150.9   362.7
   80246  0.864703     1071   703.9  31773.3  90731.6   4.7  213.9   610.8
   80903  0.867531      982   700.5  26443.7 143218.8   4.5  169.5   918.0
   81565  0.870444     1012   741.9  47462.9 191944.4   4.9  311.1  1258.0
   85305  0.873773     1156   763.3  35119.3 177091.5   4.8  221.2  1115.2
   89216  0.877343     1240   763.6  49502.6 131040.5   4.6  300.4   795.2
   93306  0.880861     1222   801.1  50631.6 110463.6   4.8  300.6   655.9
   97584  0.883887     1051   805.4  47425.0  81407.8   4.5  264.8   454.6
  102058  0.887377     1212   868.1  41314.5 115658.7   4.7  224.3   627.9
  105871  0.890256     1000   915.0  42444.6 202036.1   4.7  218.2  1038.7
  109826  0.892971      943   930.7  27229.3 190657.2   4.5  131.4   920.0
  113929  0.895594      911   958.7  48243.1 129357.2   4.5  227.8   610.8
  118669  0.898476     1001  1001.6  24552.2  89901.0   4.7  114.6   419.6
  123857  0.901410     1019  1008.8  39985.2  93311.1   4.5  177.5   414.3
  129272  0.904361     1025  1068.7  57187.6 153571.1   4.3  231.7   622.2
  135199  0.907186      981  1123.6  42175.6 163594.8   4.7  175.1   679.1
  141975  0.910068     1001  1220.0  51364.0 142295.1   4.7  196.9   545.4
  149091  0.912869      973  1230.8  41559.7 152984.3   4.0  135.3   497.9
  156563  0.915510      917  1301.4  31860.8 191236.2   3.5   85.4   512.7
  164410  0.918242      949  1367.2  55840.8 217776.0   3.7  150.5   586.9
  172651  0.920885      918  1469.0  48521.2  62711.7   3.7  122.2   157.9
  181304  0.923692      975  1525.5  47353.4  80044.9   4.0  123.3   208.5
  189618  0.926281      899  1586.9  57368.4 162021.4   3.9  142.3   401.9
  197911  0.928950      927  1556.3  54988.4 203655.0   3.4  121.7   450.9
  206566  0.931841     1004  1708.6  50319.4  90994.1   3.5  103.3   186.9
  215160  0.934628      968  1654.5  60370.2 210005.0   3.3  122.0   424.3
  223195  0.937590     1029  1727.3  39523.7 153715.4   3.4   76.9   298.9
  231530  0.940516     1016  1920.9  53593.5  80279.8   3.6  100.5   150.6
  240177  0.943435     1014  1874.9  48571.5  88517.7   3.3   86.2   157.1
  253761  0.946409     1033  2037.8  60645.2 109221.0   3.5  103.6   186.6
  268113  0.949156      954  1980.0  53320.9 222187.8   3.3   88.3   367.8
  283277  0.951811      922  2162.9  50471.8 116412.5   3.5   81.8   188.7
  318166  0.954624      977  2347.2  53700.7 176178.5   3.4   77.6   254.7
  368444  0.957417      970  2904.0  74890.3 220251.9   3.8   97.1   285.7
  426666  0.960244      982  3224.9  72096.9 169447.8   3.6   80.4   189.0
  514641  0.963290     1058  3971.3  66833.4 121841.1   3.7   61.9   112.9
  643946  0.966204     1012  5174.0  76494.1 146841.6   3.6   53.7   103.1
  792711  0.969121     1013  5967.7 102708.8 159264.1   3.5   61.0    94.6
  940700  0.971726      905  6958.0 114199.8 225441.5   3.7   60.4   119.3
 1000000  1.000000     9820  7483.7 106921.4 190966.8   3.7   53.0    94.7
