# Fraction of RTTS longer than a given time for dctcp_w4 experiment
# Includes messages <= 315 bytes; measured at 2026-04-21 06:18:30.816128
# Averaged across 5 repeated sample(s)
# Data collected at 2026-04-21 06:18:30.816128 
#       usec        frac
      29.950  0.99999402
      30.490  0.99998791
      30.980  0.99996992
      31.360  0.99994568
      31.840  0.99991549
      32.220  0.99988525
      32.550  0.99983679
      32.880  0.99980010
      33.250  0.99974570
      33.590  0.99963087
      33.940  0.99953435
      34.280  0.99942507
      34.640  0.99922986
      34.990  0.99901031
      35.340  0.99883476
      35.700  0.99858557
      36.060  0.99834318
      36.430  0.99806460
      36.800  0.99762880
      37.180  0.99724049
      37.560  0.99685742
      37.940  0.99646355
      38.320  0.99588136
      38.710  0.99535469
      39.100  0.99479686
      39.500  0.99414200
      39.900  0.99366281
      40.300  0.99301271
      40.710  0.99236377
      41.120  0.99168794
      41.540  0.99106162
      41.960  0.99038027
      42.380  0.98963442
      42.810  0.98897226
      43.240  0.98816426
      43.680  0.98750830
      44.120  0.98668213
      44.570  0.98591661
      45.020  0.98529725
      45.480  0.98439484
      45.940  0.98336976
      46.400  0.98241095
      46.870  0.98134826
      47.340  0.98014754
      47.820  0.97886489
      48.300  0.97750353
      48.790  0.97600806
      49.280  0.97427595
      49.780  0.97236362
      50.280  0.97028337
      50.790  0.96826722
      51.300  0.96601230
      51.820  0.96358173
      52.340  0.96112414
      52.870  0.95864855
      53.400  0.95587827
      53.940  0.95309314
      54.480  0.95027386
      55.030  0.94749163
      55.590  0.94432126
      56.150  0.94158383
      56.720  0.93834269
      57.290  0.93544823
      57.870  0.93264385
      58.450  0.92982670
      59.040  0.92687852
      59.640  0.92420749
      60.240  0.92129791
      60.850  0.91876956
      61.460  0.91598306
      62.080  0.91336589
      62.710  0.91112179
      63.340  0.90845701
      63.980  0.90582402
      64.620  0.90343010
      65.270  0.90086633
      65.930  0.89853014
      66.590  0.89616809
      67.260  0.89391918
      67.940  0.89153882
      68.620  0.88899396
      69.310  0.88677364
      70.010  0.88452700
      70.720  0.88225767
      71.430  0.88018050
      72.150  0.87784202
      72.880  0.87537266
      73.610  0.87320579
      74.350  0.87114456
      75.100  0.86891560
      75.860  0.86661015
      76.620  0.86416421
      77.390  0.86187184
      78.170  0.85960012
      78.960  0.85747314
      79.750  0.85527589
      80.550  0.85279612
      81.360  0.85060231
      82.180  0.84836380
      83.010  0.84610059
      83.850  0.84411803
      84.690  0.84175226
      85.540  0.83957346
      86.400  0.83722924
      87.270  0.83499341
      88.150  0.83258864
      89.040  0.83025620
      89.940  0.82800214
      90.840  0.82543206
      91.750  0.82308883
      92.670  0.82084897
      93.600  0.81837550
      94.540  0.81613963
      95.490  0.81378061
      96.450  0.81164370
      97.420  0.80920961
      98.400  0.80679086
      99.390  0.80436095
     100.400  0.80187431
     101.410  0.79947490
     102.430  0.79690544
     103.460  0.79448378
     104.500  0.79202516
     105.550  0.78963768
     106.610  0.78707619
     107.680  0.78465072
     108.760  0.78228170
     109.850  0.77976738
     110.950  0.77722190
     112.070  0.77466287
     113.200  0.77222604
     114.340  0.76969593
     115.490  0.76692930
     116.650  0.76440719
     117.820  0.76178994
     119.010  0.75948072
     120.210  0.75708093
     121.420  0.75441551
     122.640  0.75188252
     123.870  0.74927002
     125.110  0.74675688
     126.370  0.74396541
     127.640  0.74129867
     128.920  0.73848564
     130.210  0.73577628
     131.520  0.73276993
     132.840  0.72999433
     134.170  0.72728897
     135.520  0.72453691
     136.880  0.72168439
     138.250  0.71887249
     139.640  0.71618255
     141.040  0.71328453
     142.460  0.71047262
     143.890  0.70727149
     145.330  0.70433648
     146.790  0.70148308
     148.260  0.69853249
     149.750  0.69552757
     151.250  0.69276113
     152.770  0.69006981
     154.300  0.68727938
     155.850  0.68386293
     157.410  0.68070517
     158.990  0.67778744
     160.580  0.67436216
     162.190  0.67121754
     163.820  0.66795563
     165.460  0.66486048
     167.120  0.66158697
     168.800  0.65819854
     170.490  0.65534502
     172.200  0.65196119
     173.930  0.64857310
     175.670  0.64524583
     177.430  0.64194671
     179.210  0.63867766
     181.010  0.63534673
     182.830  0.63194045
     184.660  0.62845822
     186.520  0.62506965
     188.390  0.62161581
     190.280  0.61824735
     192.190  0.61482925
     194.120  0.61104762
     196.070  0.60771004
     198.040  0.60390680
     200.030  0.60045244
     202.040  0.59682866
     204.070  0.59323519
     206.120  0.58958589
     208.190  0.58585938
     210.300  0.58242740
     212.410  0.57869962
     214.540  0.57508530
     216.690  0.57126482
     218.860  0.56739589
     221.050  0.56358091
     223.270  0.55962621
     225.510  0.55569665
     227.770  0.55201644
     230.050  0.54826452
     232.360  0.54408899
     234.690  0.53996024
     237.040  0.53625679
     239.420  0.53220510
     241.820  0.52801148
     244.240  0.52374789
     246.690  0.51949711
     249.160  0.51528037
     251.670  0.51134561
     254.190  0.50720601
     256.740  0.50321832
     259.310  0.49897279
     261.910  0.49463035
     264.530  0.49024603
     267.180  0.48597996
     269.860  0.48175444
     272.560  0.47723843
     275.290  0.47317660
     278.050  0.46891685
     280.840  0.46502858
     283.650  0.46081664
     286.490  0.45649143
     289.360  0.45234081
     292.260  0.44839298
     295.190  0.44417280
     298.150  0.43981332
     301.050  0.43539266
     303.990  0.43103721
     307.030  0.42688485
     310.110  0.42263541
     313.120  0.41840798
     316.140  0.41421861
     319.200  0.41007494
     322.230  0.40597084
     325.330  0.40190747
     328.370  0.39787692
     331.570  0.39389781
     334.570  0.38995511
     337.710  0.38602904
     340.750  0.38216523
     343.750  0.37833722
     346.740  0.37454997
     349.720  0.37079355
     352.700  0.36708219
     355.770  0.36340928
     359.060  0.35976526
     362.100  0.35616558
     365.150  0.35259089
     368.260  0.34905704
     371.080  0.34556208
     374.160  0.34209678
     377.150  0.33867183
     380.180  0.33527805
     383.490  0.33191979
     386.460  0.32859746
     389.560  0.32530568
     392.640  0.32204440
     395.680  0.31882234
     398.520  0.31562768
     401.650  0.31245935
     404.610  0.30931967
     407.670  0.30622490
     410.470  0.30315786
     413.390  0.30011878
     416.450  0.29710995
     419.420  0.29412867
     422.540  0.29116933
     425.680  0.28824297
     428.750  0.28535787
     432.000  0.28249387
     435.000  0.27965422
     437.900  0.27685394
     441.010  0.27408309
     444.210  0.27132494
     447.300  0.26861025
     450.530  0.26592037
     453.190  0.26325584
     456.260  0.26062169
     459.200  0.25801009
     462.330  0.25542315
     465.130  0.25286040
     468.160  0.25032381
     470.940  0.24781226
     473.910  0.24532822
     477.160  0.24287486
     480.360  0.24044353
     483.730  0.23803573
     486.750  0.23563478
     489.800  0.23327516
     492.590  0.23092429
     495.810  0.22861384
     499.130  0.22631920
     502.080  0.22404245
     505.190  0.22180132
     508.120  0.21957749
     511.150  0.21737341
     514.100  0.21519275
     517.130  0.21302162
     520.380  0.21088620
     523.130  0.20875958
     525.930  0.20666654
     529.210  0.20459421
     531.970  0.20254380
     534.920  0.20051237
     537.470  0.19850257
     540.590  0.19651699
     543.420  0.19454668
     546.620  0.19258993
     549.580  0.19065820
     552.810  0.18874683
     556.030  0.18684126
     559.080  0.18497032
     562.130  0.18311204
     565.530  0.18125905
     568.550  0.17944309
     571.680  0.17763783
     574.760  0.17585803
     578.070  0.17408430
     581.340  0.17233439
     584.430  0.17060791
     587.610  0.16890102
     590.550  0.16720625
     593.660  0.16553418
     596.700  0.16387253
     599.980  0.16222820
     603.080  0.16059483
     606.340  0.15898089
     609.390  0.15739021
     612.930  0.15581606
     615.830  0.15425355
     619.020  0.15270390
     622.330  0.15117421
     625.440  0.14965939
     629.140  0.14815645
     632.580  0.14667373
     636.080  0.14520161
     639.680  0.14374375
     642.850  0.14230494
     646.130  0.14087385
     649.900  0.13945947
     653.590  0.13805952
     657.210  0.13666901
     660.520  0.13529839
     664.020  0.13394485
     667.780  0.13260218
     671.150  0.13127538
     674.340  0.12995841
     677.600  0.12865848
     680.840  0.12736670
     684.110  0.12608611
     687.760  0.12482229
     691.220  0.12357124
     694.660  0.12232555
     697.940  0.12109917
     701.530  0.11988241
     705.000  0.11867746
     708.620  0.11748559
     712.820  0.11630790
     716.240  0.11514104
     719.650  0.11398900
     723.040  0.11284559
     726.670  0.11171436
     730.260  0.11059454
     733.830  0.10948820
     738.040  0.10838954
     741.750  0.10730380
     745.510  0.10622746
     749.230  0.10516325
     752.430  0.10410693
     756.550  0.10306199
     760.460  0.10202883
     764.590  0.10100368
     768.030  0.09998406
     772.080  0.09898107
     775.850  0.09798752
     779.980  0.09700436
     784.090  0.09603381
     787.970  0.09506844
     791.930  0.09411506
     796.050  0.09317041
     800.020  0.09223628
     803.880  0.09130704
     808.350  0.09039224
     812.450  0.08948701
     816.200  0.08859140
     820.770  0.08770368
     824.340  0.08682272
     828.360  0.08594828
     832.110  0.08507869
     836.580  0.08422444
     840.660  0.08338138
     844.910  0.08254365
     849.400  0.08171336
     853.290  0.08088829
     857.850  0.08007462
     863.280  0.07926240
     867.840  0.07846833
     872.890  0.07767926
     877.400  0.07690203
     882.610  0.07613022
     888.410  0.07536540
     892.600  0.07460706
     897.000  0.07385624
     902.060  0.07311466
     906.710  0.07237870
     912.060  0.07165190
     917.370  0.07093510
     922.100  0.07022445
     928.430  0.06952034
     934.810  0.06882124
     940.370  0.06812973
     945.600  0.06743852
     950.530  0.06675951
     956.400  0.06609184
     962.320  0.06542940
     968.110  0.06476912
     973.350  0.06411968
     979.550  0.06347014
     985.490  0.06283320
     990.510  0.06220288
     996.460  0.06157170
    1002.330  0.06095375
    1009.590  0.06034012
    1016.330  0.05973354
    1022.590  0.05913404
    1029.160  0.05853773
    1035.320  0.05795026
    1042.580  0.05736774
    1050.200  0.05679068
    1057.610  0.05621838
    1065.640  0.05565287
    1072.960  0.05509418
    1080.930  0.05453550
    1088.760  0.05398947
    1098.580  0.05344739
    1107.410  0.05290772
    1117.320  0.05237332
    1126.190  0.05184548
    1135.580  0.05132349
    1145.530  0.05080198
    1155.580  0.05029176
    1163.700  0.04978677
    1172.450  0.04928303
    1183.280  0.04878483
    1194.220  0.04829428
    1205.520  0.04781025
    1216.290  0.04733036
    1228.610  0.04687070
    1240.300  0.04639739
    1253.010  0.04593568
    1265.700  0.04547452
    1278.470  0.04510522
    1291.270  0.04468538
    1304.190  0.04427797
    1317.470  0.04394488
    1331.120  0.04359312
    1344.460  0.04320459
    1358.140  0.04286429
    1372.500  0.04263983
    1386.280  0.04230571
    1400.220  0.04202045
    1414.670  0.04176580
    1428.850  0.04156518
    1443.940  0.04127922
    1458.710  0.04097521
    1474.320  0.04072001
    1489.740  0.04048927
    1504.840  0.04027022
    1520.170  0.03990518
    1535.750  0.03967507
    1551.750  0.03946285
    1567.610  0.03924432
    1584.630  0.03897116
    1600.820  0.03872202
    1617.210  0.03852151
    1635.030  0.03832230
    1651.420  0.03815803
    1668.360  0.03795765
    1685.270  0.03771552
    1702.970  0.03755193
    1722.030  0.03738923
    1739.990  0.03720718
    1757.700  0.03711045
    1779.050  0.03687308
    1797.970  0.03664277
    1816.050  0.03651514
    1835.830  0.03632104
    1854.980  0.03614535
    1873.870  0.03596325
    1896.380  0.03578719
    1915.580  0.03562975
    1935.330  0.03540475
    1954.880  0.03527046
    1975.000  0.03508931
    1995.490  0.03491355
    2016.820  0.03474978
    2037.390  0.03456248
    2058.390  0.03433825
    2079.720  0.03418639
    2101.800  0.03407657
    2123.050  0.03387597
    2145.040  0.03373672
    2168.270  0.03360971
    2190.180  0.03344581
    2212.540  0.03328900
    2234.820  0.03315552
    2258.150  0.03301584
    2284.150  0.03290624
    2307.090  0.03274840
    2330.530  0.03254721
    2354.470  0.03242532
    2381.200  0.03229149
    2405.610  0.03214625
    2429.730  0.03198820
    2454.280  0.03184841
    2480.520  0.03175746
    2506.350  0.03162418
    2532.560  0.03148484
    2558.190  0.03135146
    2586.040  0.03116237
    2612.530  0.03099905
    2638.980  0.03079894
    2665.540  0.03065249
    2693.430  0.03053715
    2720.530  0.03037353
    2748.420  0.03025147
    2776.170  0.03008680
    2805.780  0.02993504
    2834.560  0.02979475
    2864.030  0.02964873
    2894.250  0.02948552
    2923.610  0.02938230
    2952.880  0.02928519
    2983.120  0.02918790
    3014.450  0.02906693
    3044.910  0.02893983
    3076.250  0.02878811
    3107.250  0.02861734
    3138.590  0.02840438
    3171.110  0.02830664
    3202.860  0.02814337
    3236.730  0.02800971
    3271.090  0.02782745
    3304.880  0.02772439
    3338.730  0.02759091
    3373.860  0.02739760
    3411.200  0.02719035
    3447.720  0.02704437
    3482.860  0.02686830
    3519.840  0.02675339
    3555.560  0.02664958
    3597.270  0.02648487
    3634.500  0.02629136
    3671.500  0.02618237
    3712.420  0.02601278
    3759.720  0.02585471
    3799.370  0.02572126
    3838.230  0.02552702
    3878.440  0.02538094
    3917.910  0.02525392
    3957.590  0.02509614
    3999.050  0.02491417
    4039.320  0.02479831
    4081.910  0.02463408
    4124.670  0.02447658
    4169.390  0.02432506
    4212.020  0.02418520
    4254.850  0.02404537
    4298.640  0.02391817
    4343.870  0.02377256
    4387.810  0.02363900
    4433.800  0.02351774
    4481.180  0.02333547
    4528.550  0.02320799
    4581.890  0.02306213
    4628.120  0.02292831
    4675.130  0.02280094
    4723.300  0.02264340
    4771.020  0.02246717
    4820.030  0.02232184
    4869.800  0.02220024
    4919.350  0.02207304
    4968.550  0.02192063
    5019.810  0.02171472
    5077.360  0.02154470
    5128.400  0.02138628
    5182.830  0.02124743
    5238.890  0.02113194
    5291.690  0.02101065
    5345.880  0.02087092
    5400.140  0.02074942
    5455.970  0.02058581
    5513.170  0.02041562
    5571.350  0.02026965
    5629.550  0.02011730
    5688.720  0.01999609
    5746.930  0.01985025
    5804.510  0.01965019
    5863.180  0.01945512
    5926.820  0.01931522
    5996.290  0.01918125
    6056.490  0.01904800
    6118.390  0.01890871
    6180.960  0.01880481
    6245.030  0.01866410
    6309.850  0.01850689
    6374.720  0.01836740
    6440.240  0.01825162
    6505.180  0.01808751
    6572.150  0.01795446
    6641.750  0.01780390
    6708.200  0.01763482
    6782.290  0.01749559
    6850.730  0.01740996
    6924.150  0.01729492
    6998.520  0.01716220
    7069.810  0.01703476
    7129.650  0.01686436
    7203.450  0.01676116
    7264.110  0.01659139
    7340.200  0.01645846
    7414.540  0.01630629
    7493.770  0.01619698
    7570.590  0.01606321
    7652.140  0.01599557
    7725.600  0.01583134
    7803.050  0.01569807
    7880.950  0.01553981
    7960.640  0.01540624
    8043.930  0.01530339
    8105.010  0.01514547
    8164.380  0.01499340
    8246.100  0.01485378
    8331.330  0.01474424
    8419.190  0.01461098
    8504.440  0.01449017
    8606.710  0.01436839
    8690.620  0.01422335
    8771.090  0.01407783
    8859.080  0.01393891
    8954.250  0.01381186
    9040.610  0.01367259
    9137.870  0.01356323
    9239.430  0.01344792
    9320.110  0.01330831
    9412.410  0.01317489
    9499.350  0.01304140
    9594.580  0.01293211
    9689.590  0.01279804
    9788.440  0.01267065
    9886.600  0.01256124
    9969.350  0.01243371
   10060.050  0.01230690
   10141.440  0.01217899
   10233.680  0.01205715
   10335.670  0.01193559
   10445.060  0.01183190
   10552.230  0.01175955
   10699.180  0.01164988
   10799.450  0.01152785
   10909.310  0.01141932
   11019.460  0.01131555
   11137.950  0.01121897
   11250.220  0.01112159
   11351.980  0.01100629
   11437.440  0.01089096
   11553.190  0.01077644
   11663.310  0.01066750
   11738.710  0.01055833
   11862.300  0.01047962
   11977.130  0.01036994
   12079.860  0.01026600
   12155.520  0.01016305
   12279.750  0.01007739
   12410.970  0.00998047
   12520.790  0.00987779
   12593.950  0.00977412
   12709.970  0.00967054
   12843.750  0.00957337
   12993.810  0.00948787
   13117.360  0.00939087
   13228.310  0.00929400
   13335.710  0.00919682
   13472.510  0.00910584
   13561.850  0.00900914
   13724.720  0.00894858
   13809.660  0.00885798
   13913.600  0.00876632
   13996.730  0.00867541
   14085.020  0.00858468
   14228.240  0.00852416
   14371.270  0.00845731
   14515.600  0.00838506
   14604.130  0.00830018
   14724.360  0.00821527
   14815.050  0.00813057
   14917.170  0.00804523
   14991.860  0.00795992
   15152.500  0.00792357
   15264.670  0.00783907
   15463.040  0.00776613
   15590.680  0.00768705
   15769.800  0.00761461
   15960.250  0.00753543
   16131.360  0.00748676
   16287.180  0.00740812
   16476.810  0.00733494
   16664.380  0.00727423
   16865.250  0.00720712
   17067.960  0.00714014
   17229.420  0.00706744
   17433.170  0.00701870
   17576.840  0.00694500
   17755.450  0.00687819
   17934.840  0.00680540
   18078.460  0.00673222
   18283.960  0.00666552
   18493.810  0.00660441
   18705.660  0.00656140
   18973.360  0.00650708
   19095.170  0.00644042
   19288.040  0.00637342
   19445.480  0.00630610
   19661.810  0.00624568
   19897.640  0.00620312
   20072.310  0.00613664
   20296.790  0.00609402
   20490.690  0.00602755
   20621.270  0.00596678
   20833.040  0.00593062
   21053.900  0.00586997
   21222.800  0.00580936
   21444.260  0.00575464
   21695.840  0.00569417
   21913.890  0.00565196
   22145.290  0.00559731
   22409.110  0.00557921
   22642.880  0.00552479
   22809.320  0.00546394
   23037.890  0.00543351
   23291.180  0.00539118
   23594.510  0.00534232
   23771.790  0.00528775
   24002.810  0.00523280
   24323.930  0.00517776
   24591.670  0.00512310
   24867.080  0.00507493
   25115.960  0.00502632
   25367.380  0.00497770
   25628.130  0.00492845
   25898.430  0.00488620
   26189.760  0.00483149
   26423.590  0.00478297
   26743.890  0.00473461
   27019.010  0.00468549
   27292.450  0.00464879
   27570.540  0.00461223
   27925.060  0.00458824
   28131.620  0.00453984
   28420.390  0.00450953
   28595.220  0.00446069
   28828.020  0.00441233
   29129.720  0.00437633
   29361.900  0.00432790
   29685.760  0.00429759
   30010.990  0.00426733
   30176.660  0.00422445
   30397.140  0.00418205
   30753.670  0.00415782
   30928.420  0.00411533
   31214.540  0.00407272
   31532.900  0.00403006
   31718.300  0.00398720
   32075.470  0.00396266
   32432.280  0.00393816
   32877.910  0.00390199
   33299.470  0.00385933
   33566.280  0.00381669
   33964.930  0.00378640
   34220.550  0.00374431
   34575.490  0.00370813
   34867.870  0.00366547
   35254.160  0.00364148
   35498.480  0.00359916
   35749.000  0.00356244
   35931.040  0.00352613
   36263.230  0.00348938
   36634.470  0.00345941
   36810.020  0.00342310
   36978.720  0.00338692
   37377.730  0.00335074
   37605.210  0.00331447
   38026.210  0.00328448
   38456.060  0.00326042
   38857.320  0.00323020
   39350.090  0.00320005
   39652.200  0.00316372
   40013.280  0.00312750
   40654.970  0.00309724
   40843.870  0.00306071
   41226.570  0.00302412
   41566.380  0.00299356
   42004.050  0.00296928
   42400.990  0.00293882
   42450.940  0.00290861
   42986.110  0.00288411
   43526.040  0.00285979
   43867.660  0.00282975
   44337.040  0.00281136
   44801.590  0.00278113
   45128.230  0.00275052
   45445.390  0.00272050
   45817.600  0.00269030
   46525.780  0.00266629
   46981.020  0.00263587
   47433.030  0.00260529
   47782.190  0.00257499
   48145.690  0.00254451
   48387.740  0.00251405
   48666.970  0.00248355
   48941.730  0.00245295
   49293.090  0.00242258
   49652.380  0.00239247
   50113.630  0.00236830
   50980.770  0.00235631
   51521.830  0.00233223
   51644.470  0.00230822
   51812.320  0.00228403
   52034.720  0.00226001
   52295.740  0.00223578
   52561.890  0.00221150
   53352.990  0.00219927
   53896.590  0.00218118
   54185.340  0.00215668
   54500.590  0.00213197
   55046.830  0.00210773
   55492.980  0.00208348
   55884.960  0.00205914
   56818.530  0.00204702
   57784.330  0.00203496
   58361.390  0.00201045
   58824.760  0.00198595
   59300.350  0.00196174
   60095.610  0.00193690
   61454.150  0.00191838
   62360.650  0.00189402
   63141.570  0.00188166
   63871.830  0.00185749
   64728.820  0.00185138
   66102.980  0.00184535
   66780.910  0.00182710
   67761.850  0.00180273
   69266.090  0.00179662
   70193.450  0.00178437
   71387.660  0.00177834
   72363.750  0.00176022
   73336.220  0.00174208
   73570.060  0.00172395
   74414.110  0.00170583
   75312.960  0.00169361
   75598.950  0.00167540
   75939.180  0.00165715
   76935.670  0.00163889
   77708.250  0.00162689
   78397.680  0.00160866
   80238.100  0.00159017
   81056.980  0.00157816
   81909.390  0.00156615
   83057.700  0.00154801
   83632.090  0.00153002
   84833.470  0.00152403
   84998.330  0.00150578
   86193.180  0.00148740
   86706.520  0.00146928
   87387.980  0.00145068
   88149.550  0.00143216
   89456.720  0.00141415
   90301.830  0.00139581
   91276.520  0.00138359
   93100.880  0.00137734
   95074.100  0.00136531
   96342.710  0.00134721
   97768.690  0.00132892
  100258.650  0.00131066
  100798.100  0.00129217
  102293.890  0.00127403
  103234.270  0.00125582
  104288.090  0.00123757
  105519.510  0.00122532
  106790.000  0.00120728
  107366.370  0.00119480
  107726.090  0.00118257
  109137.420  0.00117043
  110239.840  0.00115829
  111446.480  0.00115231
  113207.670  0.00114030
  114560.470  0.00112834
  115527.560  0.00111628
  116346.810  0.00110429
  117521.070  0.00109215
  118573.410  0.00107991
  120144.480  0.00106781
  120823.880  0.00105570
  121919.960  0.00104347
  123021.170  0.00103151
  123537.180  0.00101950
  124859.370  0.00100738
  125521.860  0.00099524
  126823.710  0.00098299
  128145.000  0.00097085
  129578.800  0.00095861
  131739.030  0.00095258
  132583.230  0.00094057
  133391.250  0.00092821
  135602.300  0.00092219
  136489.360  0.00090996
  137818.920  0.00089774
  139252.050  0.00088570
  139975.980  0.00087356
  140093.650  0.00086142
  140718.180  0.00084931
  142852.430  0.00084333
  145396.160  0.00083118
  146178.720  0.00081907
  147693.110  0.00080706
  149053.640  0.00079483
  149574.090  0.00078259
  150234.190  0.00077034
  152006.600  0.00075807
  153853.720  0.00075196
  155518.560  0.00074597
  157047.330  0.00073370
  160121.660  0.00072143
  161343.440  0.00070916
  161691.510  0.00069720
  162032.510  0.00068521
  162419.930  0.00067310
  163644.350  0.00066109
  164145.830  0.00064886
  164836.760  0.00063688
  166098.720  0.00062463
  166260.140  0.00061262
  166408.130  0.00060638
  167084.240  0.00060013
  167095.040  0.00059389
  167888.020  0.00058791
  168045.330  0.00058188
  168835.390  0.00057590
  169314.050  0.00056987
  169757.710  0.00056384
  170561.560  0.00055786
  170570.880  0.00055162
  171357.320  0.00054562
  172240.780  0.00053950
  172693.970  0.00053352
  172772.620  0.00052741
  172950.770  0.00052143
  173891.180  0.00051544
  174238.390  0.00050933
  174608.740  0.00050322
  175985.150  0.00049719
  176545.110  0.00049095
  177820.100  0.00048484
  178408.290  0.00047885
  178612.860  0.00047287
  178716.580  0.00046687
  178734.820  0.00046084
  178957.080  0.00045486
  179027.880  0.00044883
  179244.380  0.00044272
  179545.810  0.00043674
  179546.250  0.00043049
  180330.390  0.00042451
  180560.700  0.00041827
  180784.130  0.00041224
  180853.890  0.00040600
  181939.660  0.00039988
  181986.750  0.00039390
  183941.970  0.00038766
  184574.530  0.00038155
  184858.640  0.00037543
  185586.930  0.00036945
  185832.770  0.00036345
  186765.560  0.00035744
  187501.290  0.00035142
  188268.150  0.00034530
  188697.910  0.00033930
  190406.160  0.00033330
  190961.050  0.00032727
  191220.530  0.00032116
  191578.940  0.00031491
  192793.350  0.00030880
  193617.720  0.00030269
  193959.550  0.00029668
  194074.140  0.00029066
  194230.800  0.00028467
  194587.370  0.00027869
  195511.160  0.00027271
  195759.880  0.00026671
  195948.900  0.00026073
  196339.120  0.00025461
  197108.730  0.00024837
  197722.390  0.00024234
  198678.770  0.00023631
  198774.640  0.00023031
  199321.760  0.00022431
  199674.440  0.00021832
  200357.910  0.00021208
  200393.840  0.00020584
  200499.250  0.00019986
  202187.220  0.00019361
  202468.070  0.00018737
  203288.140  0.00018137
  203376.240  0.00017538
  203410.070  0.00016914
  204547.310  0.00016311
  204829.290  0.00015711
  204855.550  0.00015113
  204963.200  0.00014510
  205059.570  0.00013912
  205092.840  0.00013314
  205701.010  0.00012711
  207153.040  0.00012110
  207940.420  0.00011499
  208092.970  0.00010888
  208204.740  0.00010264
  209092.150  0.00009652
  209170.090  0.00009052
  209397.880  0.00008454
  209844.210  0.00007856
  211533.680  0.00007253
  212117.940  0.00006642
  212128.790  0.00006043
  212708.770  0.00005441
  213630.310  0.00004838
  216705.840  0.00004240
  217286.690  0.00003628
  221986.750  0.00003030
  223713.190  0.00002419
  267462.750  0.00001821
  291870.240  0.00001196
  412731.950  0.00000598
  572285.780  0.00000000
