# Fraction of RTTS longer than a given time for homa_w4 experiment
# Includes messages <= 315 bytes; measured at 2026-04-21 06:18:30.816128
# Averaged across 1 repeated sample(s)
# Data collected at 2026-04-21 06:18:30.816128 
#       usec        frac
      21.780  0.99995552
      22.050  0.99982210
      22.310  0.99964419
      22.720  0.99955524
      23.150  0.99933286
      23.500  0.99897705
      23.740  0.99875467
      23.980  0.99866572
      24.230  0.99844334
      24.490  0.99817648
      24.800  0.99799858
      25.100  0.99759829
      25.400  0.99724248
      25.680  0.99657534
      25.940  0.99617506
      26.200  0.99541896
      26.480  0.99461840
      26.750  0.99355097
      27.040  0.99257250
      27.320  0.99159402
      27.600  0.99052660
      27.880  0.98923679
      28.170  0.98808041
      28.460  0.98679061
      28.750  0.98487814
      29.060  0.98332147
      29.370  0.98118662
      29.670  0.97936310
      29.970  0.97753958
      30.280  0.97607187
      30.590  0.97433731
      30.900  0.97193560
      31.210  0.97002313
      31.530  0.96779932
      31.850  0.96521971
      32.170  0.96317381
      32.500  0.96081658
      32.830  0.95823697
      33.160  0.95610212
      33.500  0.95370041
      33.840  0.95054261
      34.180  0.94765166
      34.530  0.94489415
      34.890  0.94204768
      35.240  0.93933464
      35.600  0.93586550
      35.960  0.93306351
      36.320  0.93008362
      36.690  0.92781534
      37.060  0.92425725
      37.440  0.92087707
      37.820  0.91829746
      38.200  0.91460594
      38.590  0.91113681
      39.000  0.90806796
      39.400  0.90504359
      39.810  0.90224159
      40.210  0.89935065
      40.620  0.89628180
      41.030  0.89343533
      41.470  0.89067782
      41.890  0.88836506
      42.310  0.88569650
      42.740  0.88253869
      43.180  0.88018146
      43.620  0.87737947
      44.070  0.87417719
      44.520  0.87128625
      44.970  0.86835083
      45.420  0.86497065
      45.880  0.86194627
      46.340  0.85905533
      46.810  0.85545277
      47.300  0.85238392
      47.790  0.84900374
      48.270  0.84553460
      48.760  0.84153176
      49.250  0.83850738
      49.750  0.83512720
      50.260  0.83196940
      50.770  0.82885608
      51.280  0.82520904
      51.800  0.82200676
      52.320  0.81818182
      52.850  0.81475716
      53.380  0.81093222
      53.920  0.80768547
      54.470  0.80408290
      55.020  0.80021349
      55.580  0.79665540
      56.140  0.79243017
      56.710  0.78851628
      57.290  0.78469134
      57.870  0.78104430
      58.450  0.77704145
      59.040  0.77299413
      59.640  0.76819071
      60.240  0.76392101
      60.850  0.75889521
      61.470  0.75462551
      62.090  0.74964419
      62.720  0.74519658
      63.350  0.74048212
      63.990  0.73554528
      64.630  0.73105319
      65.290  0.72611635
      65.950  0.72149084
      66.630  0.71655399
      67.300  0.71192848
      67.980  0.70592421
      68.670  0.69929728
      69.370  0.69440491
      70.070  0.68840064
      70.780  0.68235189
      71.490  0.67719267
      72.220  0.67158869
      72.950  0.66660737
      73.680  0.66082548
      74.420  0.65513254
      75.170  0.64872798
      75.860  0.64223448
      76.610  0.63578545
      77.380  0.63035937
      78.160  0.62568938
      78.950  0.62004092
      79.740  0.61412560
      80.470  0.60794343
      81.250  0.60185020
      82.030  0.59580146
      82.690  0.58984167
      83.440  0.58392635
      84.180  0.57805551
      85.000  0.57227362
      85.660  0.56653620
      86.420  0.56084327
      87.200  0.55519481
      87.900  0.54963530
      88.640  0.54412026
      89.400  0.53864971
      90.160  0.53322363
      90.810  0.52788650
      91.570  0.52259384
      92.230  0.51734567
      93.000  0.51214197
      93.720  0.50698274
      94.410  0.50191247
      95.120  0.49688667
      95.820  0.49190535
      96.530  0.48696851
      97.160  0.48207614
      97.750  0.47722825
      98.360  0.47242484
      99.090  0.46766590
      99.870  0.46295143
     100.420  0.45828144
     101.030  0.45365593
     101.740  0.44911937
     102.360  0.44462729
     102.910  0.44017968
     103.680  0.43577655
     104.200  0.43141790
     104.790  0.42705924
     105.390  0.42274506
     106.070  0.41847536
     106.760  0.41425013
     107.440  0.41006938
     108.090  0.40593311
     108.600  0.40184131
     109.240  0.39779399
     109.830  0.39379114
     110.480  0.38983277
     111.130  0.38591888
     111.750  0.38204946
     112.230  0.37822452
     112.840  0.37439957
     113.510  0.37061911
     114.180  0.36688312
     114.770  0.36319160
     115.470  0.35954457
     116.040  0.35594200
     116.530  0.35233944
     117.100  0.34878136
     117.700  0.34526775
     118.300  0.34179861
     118.810  0.33837395
     119.410  0.33494930
     120.050  0.33156912
     120.460  0.32823341
     120.970  0.32494218
     121.580  0.32165095
     122.080  0.31840420
     122.640  0.31520192
     123.310  0.31204412
     123.910  0.30888632
     124.340  0.30577299
     124.870  0.30270415
     125.420  0.29963530
     126.100  0.29661092
     126.640  0.29363103
     127.130  0.29065113
     127.720  0.28771571
     128.200  0.28482476
     128.670  0.28193382
     129.150  0.27908735
     129.800  0.27628536
     130.490  0.27348337
     131.090  0.27072585
     131.710  0.26801281
     132.190  0.26529977
     132.640  0.26263120
     133.180  0.25996264
     133.620  0.25733855
     134.150  0.25475894
     134.680  0.25217933
     135.200  0.24964419
     135.660  0.24710906
     136.190  0.24461840
     136.560  0.24212774
     137.130  0.23968155
     137.580  0.23727984
     138.240  0.23487814
     138.770  0.23252090
     139.250  0.23016367
     139.740  0.22785092
     140.220  0.22553816
     140.690  0.22326988
     141.400  0.22100160
     141.900  0.21877780
     142.620  0.21655399
     143.250  0.21437467
     143.850  0.21219534
     144.300  0.21006049
     144.720  0.20792564
     145.320  0.20583526
     145.880  0.20374489
     146.380  0.20169899
     146.910  0.19965309
     147.340  0.19765166
     147.840  0.19565024
     148.330  0.19369329
     148.770  0.19173635
     149.350  0.18977940
     149.790  0.18786693
     150.270  0.18595446
     150.830  0.18408646
     151.360  0.18221847
     151.890  0.18039495
     152.290  0.17857143
     152.750  0.17674791
     153.500  0.17496887
     153.960  0.17318982
     154.460  0.17145526
     155.130  0.16972069
     155.620  0.16798612
     156.150  0.16629603
     156.610  0.16460594
     157.290  0.16291585
     157.890  0.16127024
     158.430  0.15962462
     159.100  0.15802348
     159.660  0.15642234
     160.150  0.15482121
     160.450  0.15326454
     161.070  0.15170788
     161.570  0.15015122
     162.150  0.14863903
     162.530  0.14712685
     163.130  0.14561466
     163.660  0.14414695
     164.050  0.14267924
     164.400  0.14121153
     164.930  0.13978829
     165.550  0.13836506
     166.160  0.13694183
     166.790  0.13556307
     167.490  0.13418431
     168.040  0.13280555
     168.500  0.13147127
     169.010  0.13013699
     169.590  0.12880270
     170.100  0.12751290
     170.720  0.12622309
     171.100  0.12493329
     171.740  0.12364348
     172.230  0.12239815
     172.760  0.12115282
     173.370  0.11990749
     173.980  0.11870664
     174.590  0.11750578
     175.100  0.11630493
     175.570  0.11510407
     175.990  0.11394770
     176.330  0.11279132
     176.680  0.11163494
     177.230  0.11047856
     177.660  0.10936666
     178.300  0.10825476
     178.870  0.10714286
     179.410  0.10603096
     179.910  0.10496353
     180.330  0.10389610
     180.820  0.10282868
     181.420  0.10176125
     182.310  0.10073830
     182.770  0.09971535
     183.100  0.09869240
     183.640  0.09766945
     184.160  0.09669098
     184.830  0.09571251
     185.480  0.09473403
     186.230  0.09375556
     186.850  0.09277709
     187.240  0.09184309
     188.010  0.09090909
     188.480  0.08997509
     189.020  0.08904110
     189.660  0.08810710
     190.450  0.08721758
     191.220  0.08632806
     191.800  0.08543853
     192.250  0.08454901
     192.650  0.08365949
     193.220  0.08281445
     193.970  0.08196940
     194.570  0.08112436
     195.300  0.08027931
     195.820  0.07943426
     196.280  0.07863370
     196.840  0.07783313
     197.370  0.07703256
     197.910  0.07623199
     198.450  0.07543142
     198.930  0.07467532
     199.450  0.07391923
     200.100  0.07316314
     200.440  0.07240705
     200.970  0.07165095
     201.790  0.07089486
     202.340  0.07018324
     202.970  0.06947162
     203.580  0.06876001
     204.140  0.06804839
     204.630  0.06733677
     205.240  0.06662516
     206.280  0.06595801
     206.930  0.06529087
     207.540  0.06462373
     208.120  0.06395659
     208.680  0.06328945
     209.350  0.06262231
     209.860  0.06195517
     210.990  0.06133250
     211.490  0.06070984
     212.080  0.06008717
     212.530  0.05946451
     212.990  0.05884184
     213.700  0.05821918
     214.260  0.05759651
     215.050  0.05701832
     215.770  0.05644014
     216.120  0.05586195
     216.740  0.05528376
     217.520  0.05470557
     218.330  0.05412738
     218.660  0.05354919
     219.160  0.05297100
     220.200  0.05243729
     220.530  0.05190358
     221.380  0.05136986
     222.060  0.05083615
     222.750  0.05030244
     223.280  0.04976872
     223.940  0.04923501
     224.360  0.04870130
     224.640  0.04821206
     225.180  0.04772283
     225.670  0.04723359
     226.670  0.04674435
     227.370  0.04625511
     227.870  0.04576588
     228.430  0.04527664
     229.100  0.04478740
     229.710  0.04429817
     230.360  0.04385341
     231.170  0.04340865
     231.640  0.04296389
     232.190  0.04251912
     232.890  0.04207436
     233.540  0.04162960
     234.550  0.04118484
     235.250  0.04074008
     235.750  0.04029532
     236.400  0.03985056
     236.730  0.03945028
     237.300  0.03904999
     237.980  0.03864971
     238.780  0.03824942
     239.380  0.03784914
     240.100  0.03744885
     240.670  0.03704857
     241.260  0.03664828
     241.820  0.03624800
     242.350  0.03584771
     243.090  0.03544743
     244.150  0.03509162
     244.480  0.03473581
     245.060  0.03438000
     245.870  0.03402419
     246.810  0.03366839
     248.040  0.03331258
     248.370  0.03295677
     248.740  0.03260096
     249.280  0.03224515
     250.910  0.03188934
     251.460  0.03153353
     252.490  0.03117773
     252.940  0.03082192
     254.230  0.03051059
     255.070  0.03019925
     256.040  0.02988792
     256.820  0.02957659
     257.180  0.02926526
     257.800  0.02895392
     258.810  0.02864259
     259.810  0.02833126
     260.830  0.02801993
     261.980  0.02770859
     263.100  0.02739726
     264.180  0.02708593
     264.500  0.02677460
     265.350  0.02646326
     266.160  0.02619641
     267.510  0.02592955
     268.280  0.02566269
     268.740  0.02539584
     269.480  0.02512898
     271.470  0.02486212
     272.310  0.02459527
     272.810  0.02432841
     274.060  0.02406155
     275.950  0.02379470
     276.560  0.02352784
     278.620  0.02326099
     279.690  0.02299413
     280.370  0.02272727
     280.970  0.02246042
     281.410  0.02219356
     283.170  0.02197118
     284.310  0.02174880
     284.640  0.02152642
     285.140  0.02130404
     285.530  0.02108166
     286.290  0.02085928
     287.660  0.02063690
     288.520  0.02041452
     288.890  0.02019214
     289.510  0.01996976
     290.530  0.01974738
     291.600  0.01952500
     292.470  0.01930262
     293.380  0.01908023
     294.080  0.01885785
     295.220  0.01863547
     296.380  0.01841309
     296.810  0.01819071
     297.900  0.01796833
     299.120  0.01774595
     299.690  0.01756805
     300.270  0.01739014
     300.890  0.01721224
     301.750  0.01703434
     302.160  0.01685643
     303.770  0.01667853
     304.400  0.01650062
     305.100  0.01632272
     305.640  0.01614481
     306.090  0.01596691
     308.530  0.01578901
     309.300  0.01561110
     310.520  0.01543320
     311.650  0.01525529
     312.670  0.01507739
     313.910  0.01489948
     314.960  0.01472158
     315.770  0.01454368
     316.500  0.01436577
     317.600  0.01418787
     318.330  0.01400996
     319.960  0.01383206
     320.580  0.01365415
     321.920  0.01347625
     324.270  0.01329835
     324.690  0.01316492
     325.760  0.01303149
     327.210  0.01289806
     328.650  0.01276463
     329.400  0.01263120
     330.650  0.01249778
     331.450  0.01236435
     332.390  0.01223092
     332.640  0.01209749
     333.180  0.01196406
     333.650  0.01183064
     334.440  0.01169721
     336.420  0.01156378
     339.690  0.01143035
     340.520  0.01129692
     341.030  0.01116349
     341.560  0.01103007
     343.600  0.01089664
     344.610  0.01076321
     345.860  0.01062978
     348.740  0.01049635
     349.170  0.01036292
     349.690  0.01022950
     351.140  0.01009607
     351.790  0.00996264
     353.390  0.00982921
     355.880  0.00969578
     356.720  0.00956236
     357.650  0.00942893
     359.690  0.00929550
     360.710  0.00916207
     361.520  0.00902864
     364.200  0.00889521
     367.470  0.00880626
     368.470  0.00871731
     368.720  0.00862836
     369.630  0.00853941
     370.800  0.00845045
     371.330  0.00836150
     372.670  0.00827255
     372.830  0.00818360
     373.020  0.00809465
     375.730  0.00800569
     375.990  0.00791674
     377.070  0.00782779
     379.190  0.00773884
     379.550  0.00764988
     381.180  0.00756093
     381.520  0.00747198
     382.790  0.00738303
     383.970  0.00729408
     385.170  0.00720512
     386.490  0.00711617
     388.070  0.00702722
     389.530  0.00693827
     392.320  0.00684932
     394.550  0.00676036
     394.730  0.00667141
     395.690  0.00658246
     396.050  0.00649351
     396.790  0.00640455
     400.440  0.00631560
     402.460  0.00622665
     402.860  0.00613770
     403.490  0.00604875
     406.910  0.00595979
     408.150  0.00587084
     410.310  0.00578189
     411.580  0.00569294
     412.650  0.00560399
     413.750  0.00551503
     414.580  0.00542608
     419.780  0.00533713
     421.200  0.00524818
     422.690  0.00515922
     423.640  0.00507027
     428.090  0.00498132
     429.320  0.00489237
     430.130  0.00480342
     433.040  0.00471446
     434.290  0.00462551
     437.170  0.00453656
     437.600  0.00444761
     440.120  0.00440313
     441.290  0.00435866
     441.330  0.00431418
     441.380  0.00426970
     442.250  0.00422523
     442.740  0.00418075
     444.100  0.00413627
     444.750  0.00409180
     445.070  0.00404732
     450.070  0.00400285
     452.960  0.00395837
     453.300  0.00391389
     456.810  0.00386942
     457.710  0.00382494
     460.840  0.00378047
     461.030  0.00373599
     461.350  0.00369151
     462.980  0.00364704
     464.560  0.00360256
     464.740  0.00355809
     464.790  0.00351361
     465.100  0.00346913
     466.900  0.00342466
     469.230  0.00338018
     470.840  0.00333571
     475.350  0.00329123
     476.180  0.00324675
     480.440  0.00320228
     483.180  0.00315780
     484.580  0.00311333
     491.830  0.00306885
     492.890  0.00302437
     493.680  0.00297990
     496.400  0.00293542
     497.260  0.00289094
     499.090  0.00284647
     500.470  0.00280199
     500.830  0.00275752
     500.980  0.00271304
     500.990  0.00266856
     501.730  0.00262409
     503.950  0.00257961
     505.670  0.00253514
     508.960  0.00249066
     515.720  0.00244618
     515.800  0.00240171
     518.610  0.00235723
     521.430  0.00231276
     532.910  0.00226828
     541.060  0.00222380
     541.750  0.00217933
     553.350  0.00213485
     563.410  0.00209038
     563.720  0.00204590
     566.410  0.00200142
     567.320  0.00195695
     569.030  0.00191247
     569.060  0.00186800
     571.830  0.00182352
     572.480  0.00177904
     576.640  0.00173457
     596.990  0.00169009
     597.070  0.00164561
     597.730  0.00160114
     607.550  0.00155666
     610.260  0.00151219
     636.980  0.00146771
     649.440  0.00142323
     649.580  0.00137876
     661.510  0.00133428
     685.780  0.00128981
     685.930  0.00124533
     713.990  0.00120085
     727.600  0.00115638
     744.500  0.00111190
     763.710  0.00106743
     774.750  0.00102295
     802.880  0.00097847
     840.970  0.00093400
     842.030  0.00088952
     876.980  0.00084505
     885.310  0.00080057
     943.000  0.00075609
     978.140  0.00071162
    1036.940  0.00066714
    1086.090  0.00062267
    1107.750  0.00057819
    1122.040  0.00053371
    1180.980  0.00048924
    1210.800  0.00044476
    1279.810  0.00040028
    1302.510  0.00035581
    1403.280  0.00031133
    1413.190  0.00026686
    1459.550  0.00022238
    1821.020  0.00017790
    1979.380  0.00013343
    2174.170  0.00008895
    2773.290  0.00004448
    2796.710  0.00000000
