# Digested data for dctcp_pool_w4 experiment, run at 2026-04-21 04:41:27.695299
# Averaged across 1 repeated sample(s)
# length  cum_frac  samples     p50      p99     p999   s50    s99    s999
      60  0.002311      725   401.5   3318.4  58283.1  22.3  184.3  3236.2
      72  0.004634      729   413.2   2888.2   4870.9  23.9  166.9   281.6
      92  0.007707      964   403.2   3215.6  23020.5  23.8  189.5  1356.5
     119  0.009919      694   412.0   3402.1   5241.5  25.0  206.2   317.7
     154  0.012131      694   429.7   3269.4   9055.5  26.3  200.1   554.2
     199  0.014537      755   408.9   3640.5  92346.9  25.2  224.4  5693.4
     222  0.017900     1055   403.8   3216.7   4266.4  25.0  199.1   264.0
     227  0.020641      860   391.8   3119.2  24559.7  24.3  193.7  1525.4
     232  0.023296      833   395.7   3058.1   4826.2  24.7  190.9   301.3
     237  0.025935      828   421.2   3189.8  12294.8  26.5  200.6   773.3
     243  0.028517      810   382.0   3103.7   4204.3  24.1  195.6   264.9
     248  0.031111      814   395.5   3162.6  25719.3  25.0  199.8  1624.7
     254  0.033769      834   361.9   2813.0   3556.7  23.0  178.5   225.7
     259  0.036431      835   421.1   2878.2 147326.6  26.8  183.1  9371.9
     265  0.039025      814   393.8   3117.4   5693.2  25.0  197.7   361.0
     271  0.041514      781   427.5   2996.6  63848.1  27.1  189.9  4046.1
     279  0.044925     1070   391.3   3085.1   4168.7  24.8  195.6   264.3
     288  0.048313     1063   380.9   3238.2   4184.6  24.2  205.3   265.4
     297  0.051580     1025   446.9   3078.4   4243.8  28.3  195.2   269.1
     303  0.061390     3078   387.8   3269.9   6099.5  24.6  207.2   386.5
     305  0.069852     2655   393.8   3213.2  47901.2  24.9  203.2  3029.8
     308  0.078420     2688   386.6   3035.8   8732.8  24.5  192.1   552.7
     310  0.086381     2498   418.2   3308.5   8765.8  26.5  209.7   555.5
     313  0.095025     2712   384.4   2977.9   4338.7  24.3  188.1   274.1
     315  0.103599     2690   387.5   3243.1   4437.5  24.5  205.4   281.0
     318  0.111899     2604   380.7   3376.6  54749.8  24.1  213.3  3458.6
     321  0.120061     2561   411.2   3282.0  51587.2  26.1  208.0  3269.2
     323  0.128543     2661   417.5   3181.5   4168.7  26.0  198.2   259.7
     326  0.136919     2628   414.2   3181.0  26202.8  26.2  201.3  1658.4
     331  0.143367     2023   425.2   3289.7   4480.2  26.9  207.8   283.0
     335  0.149878     2043   405.9   3213.9   4835.0  25.7  203.2   305.6
     340  0.156626     2117   396.1   3105.9   4618.7  25.0  196.1   291.6
     345  0.163080     2025   398.7   3168.0   3882.0  25.3  200.6   245.9
     350  0.169633     2056   380.2   3065.9   4935.2  24.1  194.0   312.4
     355  0.176202     2061   416.7   3246.2  40428.2  26.2  203.8  2537.9
     360  0.182937     2113   393.4   3067.4   8035.7  24.8  193.3   506.3
     365  0.189553     2076   394.1   3236.7  44723.7  24.9  204.7  2828.8
     371  0.195985     2018   429.0   3263.3   7481.9  27.2  206.5   473.5
     376  0.202573     2067   409.0   3121.8   5907.8  25.9  197.3   373.4
     385  0.206624     1271   377.2   3399.2   4859.1  23.8  214.7   307.0
     395  0.210542     1229   378.5   3087.3   4402.9  24.0  195.4   278.7
     405  0.214605     1275   393.9   3213.1   4366.8  24.9  203.5   276.6
     415  0.218660     1272   377.9   3163.5   4333.8  23.9  200.2   274.3
     425  0.222832     1309   382.3   3109.7   7132.2  24.1  196.3   450.3
     430  0.227071     1330   410.3   3429.6   7631.6  25.9  216.1   480.9
     435  0.231186     1291   412.3   3655.3  24781.2  25.9  229.8  1557.6
     441  0.235004     1198   435.2   3714.5   4602.3  27.2  232.2   287.6
     446  0.239096     1284   405.0   3522.7   5269.8  25.5  221.7   331.6
     452  0.243122     1263   388.6   3330.3  13303.7  24.5  210.0   838.8
     457  0.247450     1358   417.4   3214.8   4156.8  26.3  202.6   261.9
     463  0.251476     1263   436.5   3503.8  41903.4  27.5  220.6  2638.8
     468  0.255619     1300   399.8   3019.9   3956.4  25.1  189.9   248.8
     474  0.259779     1305   429.5   3260.7  68885.8  27.1  205.6  4343.4
     480  0.263699     1230   387.6   3112.6   4522.6  24.4  196.0   284.8
     491  0.282848     6008   402.6   3137.3   6776.7  25.3  196.8   425.1
     502  0.302450     6150   400.5   3195.4   5111.4  25.1  200.6   320.9
     513  0.322319     6234   391.8   3461.2  33157.4  24.5  216.9  2077.5
     525  0.341551     6034   397.9   3076.5   7928.4  25.0  193.1   497.7
     537  0.361102     6134   405.7   3168.1   5420.1  25.5  199.1   340.7
     549  0.380398     6054   409.4   3292.6   5511.9  25.7  206.6   345.8
     561  0.399591     6022   408.6   3295.1  11945.4  25.5  205.3   744.3
     574  0.418741     6008   397.2   3202.7   4861.0  24.8  199.8   303.2
     587  0.438250     6121   402.8   3139.1   9410.4  25.1  195.8   587.0
     600  0.457829     6143   396.9   3041.5   4620.9  24.8  189.9   288.4
     607  0.463589     1807   389.5   3155.2   6032.9  24.3  196.7   376.1
     615  0.469533     1865   418.5   3278.2  46936.9  25.8  201.9  2890.2
     623  0.475107     1749   418.7   3507.4   6120.1  25.6  214.5   374.3
     630  0.481109     1883   420.9   3073.8   7513.1  25.9  189.2   462.3
     638  0.486747     1769   398.7   3376.0  57378.0  24.7  209.0  3552.8
     646  0.492564     1825   405.4   3228.9   9050.8  24.8  197.2   552.9
     654  0.498164     1757   403.1   3401.8  36159.6  25.0  210.6  2239.0
     662  0.503796     1767   407.9   3272.0   4600.3  25.3  202.6   284.8
     671  0.509438     1770   393.9   3200.3   4046.4  24.4  198.2   250.5
     679  0.515366     1860   425.9   3161.0   4575.5  26.3  195.2   282.6
     685  0.519114     1176   432.5   2815.2   9132.0  26.6  173.5   562.7
     690  0.522556     1080   375.5   3119.5   4785.7  23.1  192.1   294.7
     696  0.526097     1111   408.3   3060.8  11051.8  25.1  188.4   680.1
     702  0.529661     1118   379.1   3449.6  26907.0  22.7  206.8  1613.1
     707  0.533125     1087   423.1   3361.0   4202.8  25.5  202.8   253.6
     713  0.536631     1100   384.9   3438.2   5051.2  23.4  208.8   306.7
     719  0.540233     1130   446.1   3610.3  45878.1  27.1  219.6  2790.6
     725  0.543701     1088   404.4   3122.1  14802.8  24.9  192.5   912.6
     731  0.547382     1155   436.9   3245.4   4097.1  26.9  200.1   252.6
     737  0.550949     1119   425.5   3162.1   4018.0  26.2  194.7   247.4
     749  0.555634     1470   409.4   3039.7   5243.1  25.2  187.2   322.8
     762  0.560284     1459   455.3   3268.1   5243.3  28.0  201.0   322.5
     774  0.564893     1446   387.3   3095.1   4408.4  23.7  189.8   270.3
     787  0.569747     1523   418.0   3196.1   4372.1  25.7  196.7   269.1
     800  0.574617     1528   387.4   3298.9  20304.2  23.8  202.5  1246.4
     816  0.577645      950   375.6   3337.2   5078.0  23.0  204.5   311.2
     833  0.580944     1035   365.2   3093.6   4740.8  22.3  188.9   289.4
     850  0.584131     1000   379.9   3145.2   5603.5  23.2  192.0   342.1
     867  0.587013      904   394.0   3277.4  58141.6  23.9  198.9  3528.0
     885  0.589986      933   380.3   3240.6  45393.6  23.1  196.8  2756.1
     914  0.593770     1187   407.2   3238.9   5516.0  24.7  196.3   334.3
     945  0.597342     1121   417.8   3595.5  47586.2  25.0  215.3  2849.5
     976  0.600909     1119   409.2   2981.5   4625.2  24.4  177.8   275.8
    1009  0.604746     1204   402.1   3129.5  22400.7  24.2  188.3  1347.8
    1042  0.608412     1150   379.4   3091.3   4208.3  22.6  183.9   250.3
    1085  0.611975     1118   374.1   3138.1   4334.9  22.2  186.2   257.3
    1130  0.615539     1118   396.3   3369.2   5369.1  23.6  200.5   319.6
    1177  0.619156     1135   430.2   3244.4   6612.3  25.4  191.8   390.8
    1226  0.622997     1205   399.0   3159.1  26513.1  23.5  185.9  1560.5
    1277  0.626627     1139   420.7   3149.1   3996.8  24.6  184.5   234.1
    1316  0.629891     1024   378.6   3115.0   4055.2  22.1  181.7   236.6
    1357  0.633269     1060   405.4   3413.2   4062.0  23.4  197.1   234.5
    1399  0.636626     1053   368.0   3280.0   5285.7  21.3  190.3   306.6
    1436  0.639287      835   427.0   3474.3  25377.5   5.0   40.5   296.1
    1484  0.642162      902   435.3   3168.8   7558.6  17.4  126.9   302.6
    1534  0.645078      915   371.4   3680.5  11067.3  14.9  147.4   443.2
    1559  0.649199     1293   427.7   2996.8   5938.2  17.1  120.1   238.0
    1585  0.653158     1242   383.5   3364.1   5664.6  15.4  134.8   227.0
    1611  0.657295     1298   426.6   3534.6   6628.3  16.9  140.4   263.2
    1637  0.661282     1251   409.6   3484.1   4324.5  16.5  140.6   174.5
    1664  0.665531     1333   434.8   3379.1   6104.8  17.5  136.2   246.1
    1865  0.668368      890   384.8   3613.1  23971.3  15.5  145.5   965.0
    2091  0.671411      955   415.3   3067.6   6977.6  16.7  123.4   280.7
    2412  0.674761     1051   392.1   3457.0  10090.3  15.7  138.2   403.3
    2742  0.677827      962   428.7   3406.0  10292.7   5.0   39.5   119.2
    3118  0.680521      845   437.4   2859.7   4922.6  16.3  106.5   183.3
    3544  0.683517      940   440.8   3366.5  68108.5  16.4  125.5  2539.5
    4030  0.686318      879   454.4   3395.0  39675.9  16.9  126.0  1472.7
    4582  0.689193      902   431.9   3272.6   8381.1  15.1  114.5   293.4
    5210  0.691985      876   441.7   3557.4  13594.9  15.4  124.1   474.4
    5652  0.695061      965   414.6   3131.2   4700.5  14.5  109.4   164.2
    6132  0.698089      950   416.5   3166.2   4392.9  13.7  104.2   144.6
    6653  0.701018      919   416.1   3792.6  17715.4  13.6  124.0   579.3
    7217  0.704224     1006   424.1   3524.1   4829.5  13.2  109.8   150.4
    7830  0.706985      866   426.6   3460.2   7439.1  13.2  106.8   229.6
   10373  0.709687      848   445.9   3495.6   6524.6  12.5   97.7   182.3
   13741  0.712237      800   395.7   3482.9   4498.8   9.9   87.5   113.0
   18203  0.714988      863   486.6   3540.5  13035.3  10.7   77.7   286.0
   24115  0.717675      843   513.4   3174.1  11164.5   8.8   54.7   192.4
   31946  0.720193      790   493.8   3182.8  26392.6   5.0   32.2   266.7
   33343  0.723090      909   481.5   3603.8  11065.8   4.9   36.4   111.7
   34801  0.726054      930   482.4   3105.3  12309.2   4.6   29.8   118.2
   36322  0.728967      914   515.0   3008.7   8325.0   5.0   29.1    80.6
   37450  0.731864      909   533.3   3397.0   5403.2   5.0   32.1    51.1
   38377  0.734663      878   566.5   3833.1   4851.1   5.3   35.6    45.0
   39327  0.737579      915   541.4   3305.8  10791.1   5.1   30.9   100.8
   40382  0.741270     1158   507.9   3150.9   5579.2   4.6   28.7    50.8
   41214  0.744967     1160   531.1   3156.4   8139.6   4.4   26.4    68.2
   42062  0.748381     1071   532.6   3607.8   8285.6   4.3   28.9    66.4
   42928  0.751976     1128   529.9   3695.8   7715.8   4.4   30.5    63.7
   43811  0.755342     1056   507.4   3890.1   7209.8   5.8   44.7    82.8
   44531  0.759224     1218   497.6   3523.0   9655.1   5.6   39.9   109.3
   45079  0.763543     1355   524.0   3962.2  16786.0   5.9   44.8   189.8
   45634  0.767667     1294   526.0   3825.9   9663.9   5.8   42.0   106.1
   46195  0.771638     1246   534.7   3321.6   8510.9   5.9   36.4    93.2
   46763  0.776040     1381   550.1   3974.3  10284.1   6.0   43.3   112.0
   47435  0.782070     1892   536.5   3409.9   9365.2   5.7   36.4   100.0
   47823  0.785790     1167   508.2   3115.5   4562.3   5.4   33.3    48.8
   48215  0.789573     1187   551.6   3809.8  10450.2   5.9   40.7   111.6
   48609  0.793270     1160   541.4   3758.6  13735.8   4.8   33.2   121.2
   49007  0.797188     1229   552.5   3658.9   7609.6   5.8   38.5    80.1
   49408  0.800885     1160   517.4   3205.2   4998.7   5.4   33.6    52.4
   49813  0.804531     1144   524.9   3294.9   4562.6   5.4   33.6    46.5
   50221  0.808142     1133   563.9   3412.1   7909.8   5.8   35.2    81.7
   50632  0.811779     1141   585.9   4236.9   6206.1   5.4   39.2    57.4
   51046  0.815467     1157   522.9   3322.9   4161.6   5.4   34.1    42.7
   55381  0.818431      930   548.9   3276.9   5640.0   3.7   22.2    38.3
   60084  0.821424      939   585.8   3917.0   8625.3   3.7   24.8    54.7
   64132  0.824515      970   617.1   3895.9  10661.0   3.9   24.3    66.6
   66528  0.827406      907   618.0   3724.3   5905.4   3.9   23.2    36.8
   69014  0.830278      901   616.9   3941.8   8725.0   3.8   24.3    53.8
   71156  0.833204      918   675.7   3720.6  11663.2   4.2   22.9    71.7
   72473  0.836053      894   666.9   4269.1   8535.4   4.0   25.7    51.4
   73814  0.839027      933   707.3   4544.6  11978.9   4.2   26.9    70.8
   75180  0.841835      881   653.0   4649.2  10571.2   3.5   24.6    55.9
   75795  0.844723      906   663.0   4672.4  38338.3   3.5   25.0   204.8
   76416  0.847655      920   753.0   4929.6  48106.6   4.0   25.9   252.4
   77041  0.850565      913   624.7   4651.9   8772.7   3.0   22.5    42.4
   77672  0.853669      974   662.5   4678.6 210680.5   3.1   22.2   997.7
   78307  0.856455      874   704.2   4207.8  57138.6   3.5   20.8   282.9
   78948  0.859371      915   720.7   4110.7  33745.2   3.5   19.9   163.4
   79595  0.862447      965   697.5   4507.6  27843.2   3.4   21.8   134.5
   80246  0.865542      971   711.7   4708.9   7107.7   4.3   28.6    43.1
   80903  0.868691      988   645.9   4692.0  26113.8   3.9   28.3   157.4
   81565  0.871684      939   694.3   3996.3  18337.8   4.2   24.4   112.1
   85305  0.874957     1027   701.2   4055.9   5948.3   4.2   24.3    35.6
   89216  0.878492     1109   697.9   5352.1  11001.5   4.0   31.0    63.8
   93306  0.881701     1007   684.7   4493.2   8926.3   3.7   24.3    48.3
   97584  0.885041     1048   718.0   4857.1   8635.2   3.7   25.1    44.7
  102058  0.888337     1034   761.9   4602.6   7069.2   3.7   22.5    34.6
  105871  0.891034      846   746.6   4366.6  52688.2   3.7   21.8   262.7
  109826  0.894179      987   792.2   5532.7  63667.6   3.6   25.5   293.3
  113929  0.896866      843   826.0   4914.5   8698.0   3.8   22.7    40.1
  118669  0.899595      856   802.8   4622.6  16062.1   3.6   21.0    72.9
  123857  0.902543      925   810.7   4924.8  14435.8   3.3   20.0    58.8
  129272  0.905290      862   836.2   5115.8  14612.8   2.4   14.7    41.9
  135199  0.908085      877   839.5   5840.7  18359.5   2.3   16.0    50.1
  141975  0.910925      891   868.2   5938.9  31900.9   2.3   15.7    84.6
  149091  0.913730      880   914.9   5217.2  61781.3   2.4   13.5   160.4
  156563  0.916685      927   941.9   6364.5  18275.4   2.2   15.2    43.5
  164410  0.919518      889   893.9   6224.7  33254.2   2.0   14.0    75.0
  172651  0.922180      835   966.6   5714.0   9515.9   2.1   12.4    20.6
  181304  0.925163      936   979.5   5979.9  15649.3   2.1   12.8    33.5
  189618  0.927668      786   971.0   7512.1  26685.5   2.0   15.7    55.8
  197911  0.930460      876  1002.1   7064.3  11579.2   2.0   14.3    23.5
  206566  0.933096      827  1041.8   6780.8  33718.3   2.1   13.8    68.4
  215160  0.935821      855  1060.8   6890.1  10175.4   2.1   13.7    20.3
  223195  0.938435      820  1089.1   6810.9   8976.9   2.0   12.6    16.6
  231530  0.941300      899  1132.8   7326.1  17680.0   2.0   13.1    31.5
  240177  0.944025      855  1170.4   6812.9  13156.2   2.0   11.5    22.1
  253761  0.946967      923  1251.6   9255.5  20292.5   2.0   15.1    33.1
  268113  0.950011      955  1200.9   9650.7 108914.6   1.9   15.2   171.4
  283277  0.952972      929  1285.8   7457.5  21920.7   1.9   11.3    33.1
  318166  0.955840      900  1427.9   9706.7  13626.7   2.0   13.7    19.2
  368444  0.958623      873  1612.8  11985.5  30409.8   2.1   15.5    39.3
  426666  0.961504      904  1717.2  12301.4  26621.4   2.0   14.2    30.6
  514641  0.964503      941  1970.3  15085.1  30737.5   1.8   13.8    28.1
  643946  0.967101      815  2317.7  18917.0  35526.7   1.6   13.1    24.6
  792711  0.969794      845  2869.6  23821.0  40301.2   1.7   14.0    23.7
  940700  0.972446      832  3018.1  30204.6  46528.7   1.5   15.1    23.3
 1000000  1.000000     8645  3396.9  29036.0  49858.8   1.6   13.8    23.6
