# Fraction of RTTS longer than a given time for dctcp_pool_w4 experiment
# Includes messages <= 315 bytes; measured at 2026-04-21 04:41:27.695299
# Averaged across 1 repeated sample(s)
# Data collected at 2026-04-21 04:41:27.695299 
#       usec        frac
      33.320  0.99996923
      34.550  0.99993847
      34.910  0.99981541
      35.260  0.99950775
      35.620  0.99935393
      36.020  0.99910780
      36.390  0.99867709
      36.770  0.99796948
      37.140  0.99741570
      37.520  0.99686192
      37.900  0.99618508
      38.290  0.99572360
      38.680  0.99504676
      39.070  0.99403150
      39.470  0.99320084
      39.870  0.99215481
      40.280  0.99123185
      40.690  0.98981664
      41.110  0.98843219
      41.530  0.98726311
      41.950  0.98624785
      42.410  0.98541718
      42.870  0.98427886
      43.300  0.98332513
      43.750  0.98200222
      44.200  0.98114078
      44.660  0.98034088
      45.110  0.97932562
      45.570  0.97849495
      46.040  0.97763352
      46.530  0.97624908
      47.010  0.97526458
      47.490  0.97400320
      47.970  0.97286488
      48.450  0.97138814
      48.940  0.96969604
      49.430  0.96803470
      49.930  0.96578883
      50.430  0.96354295
      50.940  0.95988186
      51.450  0.95708221
      51.970  0.95329806
      52.490  0.94976003
      53.020  0.94668349
      53.560  0.94256092
      54.100  0.93896136
      54.650  0.93520797
      55.200  0.93080852
      55.760  0.92683977
      56.320  0.92327098
      56.890  0.91985602
      57.460  0.91597957
      58.040  0.91342604
      58.630  0.91053409
      59.220  0.90705759
      59.840  0.90391952
      60.450  0.90118139
      61.070  0.89853556
      61.690  0.89588974
      62.310  0.89281319
      62.940  0.89013660
      63.570  0.88770613
      64.210  0.88515260
      64.880  0.88299902
      65.530  0.88096850
      66.190  0.87927640
      66.870  0.87739970
      67.540  0.87487694
      68.220  0.87263106
      68.930  0.87072360
      69.640  0.86890844
      70.340  0.86663180
      71.060  0.86460128
      71.780  0.86303224
      72.500  0.86118632
      73.280  0.85930962
      74.040  0.85718681
      74.810  0.85549471
      75.560  0.85352572
      76.330  0.85183362
      77.130  0.85001846
      77.920  0.84795717
      78.700  0.84604972
      79.490  0.84426532
      80.300  0.84241939
      81.130  0.84066576
      81.950  0.83860448
      82.770  0.83675855
      83.620  0.83512798
      84.480  0.83328206
      85.330  0.83174379
      86.210  0.82989786
      87.080  0.82799040
      87.960  0.82639060
      88.850  0.82460620
      89.740  0.82306793
      90.640  0.82165272
      91.550  0.81943761
      92.470  0.81725326
      93.430  0.81543810
      94.420  0.81405365
      95.380  0.81239232
      96.360  0.81014644
      97.330  0.80833128
      98.350  0.80697760
      99.350  0.80525474
     100.350  0.80380876
     101.380  0.80239355
     102.400  0.80039380
     103.480  0.79888629
     104.530  0.79691730
     105.600  0.79531750
     106.670  0.79356387
     107.770  0.79208713
     108.880  0.79008737
     109.980  0.78864140
     111.080  0.78722619
     112.200  0.78553409
     113.360  0.78381122
     114.510  0.78199606
     115.670  0.78036549
     116.840  0.77864263
     118.040  0.77704283
     119.250  0.77513537
     120.460  0.77350480
     121.670  0.77196653
     122.920  0.77015137
     124.180  0.76821314
     125.440  0.76649028
     126.700  0.76489048
     128.000  0.76307531
     129.290  0.76110633
     130.590  0.75938346
     131.910  0.75769136
     133.240  0.75581467
     134.580  0.75443022
     135.940  0.75289195
     137.320  0.75107679
     138.710  0.74910780
     140.110  0.74720034
     141.520  0.74560054
     142.980  0.74375461
     144.430  0.74187792
     145.890  0.74037042
     147.360  0.73849372
     148.860  0.73655550
     150.360  0.73492493
     151.870  0.73310977
     153.390  0.73126384
     155.000  0.72932562
     156.550  0.72735663
     158.150  0.72551071
     159.740  0.72348019
     161.360  0.72160349
     162.990  0.71923456
     164.620  0.71720404
     166.320  0.71517352
     167.990  0.71345065
     169.700  0.71166626
     171.400  0.70938961
     173.120  0.70738986
     174.890  0.70502092
     176.640  0.70311346
     178.420  0.70089835
     180.250  0.69911396
     182.070  0.69739109
     183.910  0.69569899
     185.800  0.69400689
     187.690  0.69176101
     189.570  0.68939207
     191.490  0.68720773
     193.540  0.68514644
     195.520  0.68280827
     197.480  0.68071622
     199.460  0.67880876
     201.510  0.67650135
     203.560  0.67425548
     205.600  0.67151735
     207.670  0.66930224
     209.750  0.66668718
     211.860  0.66428747
     213.980  0.66204159
     216.120  0.65951883
     218.290  0.65758061
     220.480  0.65582698
     222.700  0.65388875
     224.930  0.65195053
     227.210  0.64958159
     229.490  0.64721265
     231.790  0.64478218
     234.110  0.64213635
     236.480  0.63958282
     238.860  0.63690623
     241.270  0.63481418
     243.760  0.63259906
     246.210  0.62995324
     248.690  0.62776889
     251.190  0.62475388
     253.750  0.62204652
     256.300  0.61995447
     258.880  0.61783165
     261.480  0.61497047
     264.130  0.61220158
     266.780  0.60915580
     269.450  0.60684839
     272.250  0.60497170
     275.040  0.60281811
     277.810  0.60047994
     280.600  0.59795717
     283.410  0.59506522
     286.250  0.59208097
     289.120  0.58943515
     292.020  0.58700468
     294.950  0.58411272
     297.900  0.58143613
     300.890  0.57860571
     303.900  0.57642136
     306.950  0.57389860
     310.040  0.57119124
     313.180  0.56823776
     316.380  0.56556116
     319.560  0.56322299
     322.790  0.56057716
     326.030  0.55750062
     329.300  0.55470096
     332.600  0.55183977
     335.980  0.54928624
     339.360  0.54697883
     342.780  0.54396382
     346.250  0.54101034
     349.790  0.53799532
     353.320  0.53525720
     356.920  0.53227295
     360.530  0.52901181
     364.140  0.52559685
     367.790  0.52270490
     371.470  0.52008984
     375.200  0.51716712
     378.980  0.51415210
     382.770  0.51104479
     386.620  0.50812208
     390.540  0.50535319
     394.500  0.50187669
     398.490  0.49901551
     402.540  0.49615432
     406.600  0.49332390
     410.750  0.49018582
     414.860  0.48680162
     419.010  0.48418656
     423.240  0.48095619
     427.490  0.47751046
     431.810  0.47446468
     436.170  0.47160349
     440.580  0.46868078
     445.000  0.46600418
     449.480  0.46286611
     453.980  0.45985110
     458.560  0.45732833
     463.240  0.45434408
     467.900  0.45080605
     472.580  0.44732956
     477.350  0.44379153
     482.280  0.44068422
     487.150  0.43702314
     492.030  0.43314669
     496.960  0.42982402
     501.940  0.42677824
     507.080  0.42354787
     512.200  0.42019444
     517.340  0.41705636
     522.520  0.41413365
     527.810  0.41031873
     533.090  0.40699606
     538.450  0.40358110
     543.860  0.40068915
     549.360  0.39733571
     554.890  0.39428993
     560.510  0.39127492
     566.150  0.38785996
     571.740  0.38395274
     577.550  0.38038395
     583.350  0.37696899
     589.240  0.37426163
     595.180  0.37072360
     601.150  0.36764706
     607.180  0.36484740
     613.350  0.36174009
     619.560  0.35863278
     625.770  0.35515629
     632.070  0.35223357
     637.850  0.34869555
     644.100  0.34518828
     650.110  0.34171179
     656.550  0.33826606
     663.140  0.33506645
     669.780  0.33174379
     676.010  0.32842112
     682.800  0.32519075
     689.260  0.32192961
     696.170  0.31869924
     702.780  0.31549963
     709.830  0.31245385
     716.980  0.30956190
     722.680  0.30645459
     729.650  0.30337805
     736.610  0.30033227
     742.860  0.29731725
     749.640  0.29433301
     755.780  0.29137952
     762.820  0.28845681
     769.530  0.28556485
     777.370  0.28273443
     784.110  0.27990401
     791.270  0.27710436
     797.210  0.27430470
     803.570  0.27153581
     809.900  0.26879769
     816.450  0.26609033
     823.840  0.26341373
     831.300  0.26076791
     839.760  0.25818361
     847.060  0.25559931
     854.040  0.25301501
     860.440  0.25046148
     866.720  0.24793872
     872.360  0.24544671
     880.050  0.24298548
     887.430  0.24055501
     893.890  0.23812454
     901.630  0.23572483
     908.290  0.23335589
     914.650  0.23101772
     921.410  0.22867955
     930.010  0.22637214
     935.680  0.22409550
     941.600  0.22184962
     948.300  0.21960374
     954.200  0.21738863
     959.670  0.21520428
     966.620  0.21305070
     973.730  0.21089712
     980.940  0.20877430
     988.520  0.20668225
     997.080  0.20459020
    1003.960  0.20252892
    1010.930  0.20049840
    1018.540  0.19846788
    1026.570  0.19646813
    1034.500  0.19449914
    1040.550  0.19253015
    1046.380  0.19059193
    1052.730  0.18868447
    1060.170  0.18677701
    1065.890  0.18490032
    1072.770  0.18302363
    1079.440  0.18117770
    1085.680  0.17936254
    1093.130  0.17754738
    1101.510  0.17576298
    1109.360  0.17397859
    1115.940  0.17222496
    1121.420  0.17050209
    1127.440  0.16877923
    1134.000  0.16708713
    1141.080  0.16539503
    1146.250  0.16373369
    1153.160  0.16207236
    1159.100  0.16044179
    1165.670  0.15881122
    1171.930  0.15721142
    1179.150  0.15561162
    1185.500  0.15404258
    1193.420  0.15247354
    1199.540  0.15093527
    1206.750  0.14939700
    1214.660  0.14788949
    1222.020  0.14638198
    1229.200  0.14490524
    1236.810  0.14342850
    1243.680  0.14198253
    1252.910  0.14053655
    1261.040  0.13912134
    1267.940  0.13770613
    1275.600  0.13632168
    1283.170  0.13493724
    1291.510  0.13358356
    1298.640  0.13222988
    1305.970  0.13090697
    1315.470  0.12958405
    1322.530  0.12826114
    1330.760  0.12696899
    1338.550  0.12567684
    1345.160  0.12441546
    1353.910  0.12315407
    1360.400  0.12189269
    1368.890  0.12066207
    1377.550  0.11943145
    1383.700  0.11823160
    1392.700  0.11703175
    1402.120  0.11583190
    1410.200  0.11466281
    1416.850  0.11349372
    1423.270  0.11235540
    1430.020  0.11121708
    1439.580  0.11007876
    1447.110  0.10897120
    1456.710  0.10786365
    1463.910  0.10675609
    1475.340  0.10567930
    1484.000  0.10460251
    1492.240  0.10352572
    1499.530  0.10247969
    1505.490  0.10143367
    1513.650  0.10041841
    1521.380  0.09940315
    1529.080  0.09838789
    1537.460  0.09740340
    1547.240  0.09641890
    1553.340  0.09543441
    1560.200  0.09444991
    1566.340  0.09349619
    1573.890  0.09254246
    1580.840  0.09158873
    1586.740  0.09066576
    1594.600  0.08974280
    1601.970  0.08881984
    1608.690  0.08792764
    1613.560  0.08703544
    1621.710  0.08614324
    1628.920  0.08525105
    1637.610  0.08438961
    1645.340  0.08352818
    1652.530  0.08266675
    1662.330  0.08183608
    1670.230  0.08100541
    1679.900  0.08017475
    1687.810  0.07934408
    1693.740  0.07854418
    1700.660  0.07774428
    1708.490  0.07694438
    1712.990  0.07614447
    1724.000  0.07537534
    1729.670  0.07460620
    1737.340  0.07383707
    1745.650  0.07306793
    1753.790  0.07232956
    1764.160  0.07159119
    1770.570  0.07085282
    1777.930  0.07011445
    1783.060  0.06940684
    1793.210  0.06869924
    1801.350  0.06799163
    1808.420  0.06728403
    1816.050  0.06660719
    1825.270  0.06593035
    1832.610  0.06525351
    1839.070  0.06457667
    1847.170  0.06393059
    1857.390  0.06328452
    1866.640  0.06263844
    1874.060  0.06199237
    1883.780  0.06134630
    1891.970  0.06073099
    1900.260  0.06011568
    1907.180  0.05950037
    1913.990  0.05888506
    1920.300  0.05826975
    1928.070  0.05768521
    1938.900  0.05710066
    1944.050  0.05651612
    1951.950  0.05593158
    1960.590  0.05534703
    1967.700  0.05479326
    1974.380  0.05423948
    1983.540  0.05368570
    1993.250  0.05313192
    2004.150  0.05257814
    2011.480  0.05202437
    2015.340  0.05150135
    2022.490  0.05097834
    2033.470  0.05045533
    2040.800  0.04993232
    2051.200  0.04940930
    2059.040  0.04888629
    2065.430  0.04839404
    2076.820  0.04790180
    2088.010  0.04740955
    2094.880  0.04691730
    2105.410  0.04642506
    2114.090  0.04593281
    2122.000  0.04547133
    2126.750  0.04500984
    2131.900  0.04454836
    2139.180  0.04408688
    2151.660  0.04362540
    2159.470  0.04316392
    2166.390  0.04270244
    2171.940  0.04227172
    2179.100  0.04184100
    2191.270  0.04141029
    2197.600  0.04097957
    2203.620  0.04054886
    2209.900  0.04011814
    2219.200  0.03968742
    2226.290  0.03928747
    2233.140  0.03888752
    2239.000  0.03848757
    2244.280  0.03808762
    2251.360  0.03768767
    2259.600  0.03728772
    2264.350  0.03688777
    2269.410  0.03651858
    2275.660  0.03614940
    2282.580  0.03578021
    2288.250  0.03541103
    2295.900  0.03504184
    2302.110  0.03467266
    2307.320  0.03430347
    2311.460  0.03393429
    2320.480  0.03356510
    2324.190  0.03322668
    2331.740  0.03288826
    2339.120  0.03254984
    2346.060  0.03221142
    2354.580  0.03187300
    2357.930  0.03153458
    2366.230  0.03119616
    2372.160  0.03085774
    2377.520  0.03051932
    2386.910  0.03021167
    2392.550  0.02990401
    2395.760  0.02959636
    2399.460  0.02928870
    2410.870  0.02898105
    2416.890  0.02867339
    2424.890  0.02836574
    2431.300  0.02805809
    2437.150  0.02775043
    2441.800  0.02744278
    2448.700  0.02716589
    2459.520  0.02688900
    2465.190  0.02661211
    2479.200  0.02633522
    2485.560  0.02605833
    2495.680  0.02578144
    2499.530  0.02550455
    2505.950  0.02522766
    2511.970  0.02495078
    2523.460  0.02467389
    2529.750  0.02439700
    2534.190  0.02415087
    2540.440  0.02390475
    2552.480  0.02365863
    2558.980  0.02341250
    2565.410  0.02316638
    2576.090  0.02292026
    2585.990  0.02267413
    2599.850  0.02242801
    2603.660  0.02218189
    2610.120  0.02193576
    2618.160  0.02168964
    2630.970  0.02144351
    2635.680  0.02122816
    2640.750  0.02101280
    2645.530  0.02079744
    2649.650  0.02058208
    2651.150  0.02036672
    2655.310  0.02015137
    2662.860  0.01993601
    2667.950  0.01972065
    2674.240  0.01950529
    2679.900  0.01928993
    2688.230  0.01907458
    2692.550  0.01885922
    2702.310  0.01864386
    2707.070  0.01842850
    2711.900  0.01824391
    2719.460  0.01805932
    2726.430  0.01787472
    2734.390  0.01769013
    2741.550  0.01750554
    2749.130  0.01732095
    2755.490  0.01713635
    2759.930  0.01695176
    2768.330  0.01676717
    2776.170  0.01658257
    2779.480  0.01639798
    2787.670  0.01621339
    2797.370  0.01602880
    2812.890  0.01584420
    2820.240  0.01565961
    2834.670  0.01547502
    2846.510  0.01529043
    2851.290  0.01513660
    2858.540  0.01498277
    2863.980  0.01482894
    2870.900  0.01467512
    2882.390  0.01452129
    2888.180  0.01436746
    2892.030  0.01421364
    2895.120  0.01405981
    2900.770  0.01390598
    2918.410  0.01375215
    2925.910  0.01359833
    2933.470  0.01344450
    2938.800  0.01329067
    2948.930  0.01313684
    2958.820  0.01298302
    2965.570  0.01282919
    2976.030  0.01267536
    2980.980  0.01252154
    2994.860  0.01236771
    3006.940  0.01221388
    3018.760  0.01209082
    3024.160  0.01196776
    3039.310  0.01184470
    3046.950  0.01172163
    3051.340  0.01159857
    3058.060  0.01147551
    3063.530  0.01135245
    3068.430  0.01122939
    3071.880  0.01110633
    3076.800  0.01098326
    3089.060  0.01086020
    3098.560  0.01073714
    3103.740  0.01061408
    3117.390  0.01049102
    3123.280  0.01036795
    3129.600  0.01024489
    3140.140  0.01012183
    3145.670  0.00999877
    3155.580  0.00987571
    3162.610  0.00975265
    3169.770  0.00962958
    3177.390  0.00950652
    3183.100  0.00938346
    3192.390  0.00926040
    3213.250  0.00913734
    3216.730  0.00904504
    3219.840  0.00895274
    3238.240  0.00886045
    3243.490  0.00876815
    3254.520  0.00867586
    3257.710  0.00858356
    3262.800  0.00849126
    3269.950  0.00839897
    3276.000  0.00830667
    3282.450  0.00821437
    3295.580  0.00812208
    3307.180  0.00802978
    3312.720  0.00793748
    3318.440  0.00784519
    3325.030  0.00775289
    3327.100  0.00766060
    3330.960  0.00756830
    3334.080  0.00747600
    3341.700  0.00738371
    3349.850  0.00729141
    3369.460  0.00719911
    3378.410  0.00710682
    3384.220  0.00701452
    3391.900  0.00692222
    3395.530  0.00682993
    3405.120  0.00673763
    3421.730  0.00664534
    3425.550  0.00655304
    3440.020  0.00646074
    3448.710  0.00636845
    3457.690  0.00627615
    3463.910  0.00618385
    3474.860  0.00609156
    3478.860  0.00603003
    3484.140  0.00596850
    3494.590  0.00590697
    3495.750  0.00584543
    3500.990  0.00578390
    3506.010  0.00572237
    3508.720  0.00566084
    3510.150  0.00559931
    3525.610  0.00553778
    3532.430  0.00547625
    3536.120  0.00541472
    3541.370  0.00535319
    3545.990  0.00529166
    3556.110  0.00523013
    3576.050  0.00516859
    3611.810  0.00510706
    3618.340  0.00504553
    3622.360  0.00498400
    3634.690  0.00492247
    3640.910  0.00486094
    3645.590  0.00479941
    3671.460  0.00473788
    3674.140  0.00467635
    3676.200  0.00461482
    3680.430  0.00455329
    3686.640  0.00449175
    3692.740  0.00443022
    3702.390  0.00436869
    3708.050  0.00430716
    3734.560  0.00424563
    3742.080  0.00418410
    3764.890  0.00412257
    3767.860  0.00406104
    3783.570  0.00399951
    3788.280  0.00393798
    3802.500  0.00387645
    3804.810  0.00381492
    3819.820  0.00375338
    3842.720  0.00369185
    3847.320  0.00363032
    3855.760  0.00356879
    3857.450  0.00350726
    3865.770  0.00344573
    3868.340  0.00338420
    3889.210  0.00332267
    3894.790  0.00326114
    3928.910  0.00319961
    3942.870  0.00313808
    3958.770  0.00307654
    3960.160  0.00304578
    3966.360  0.00301501
    3970.020  0.00298425
    3975.330  0.00295348
    3989.430  0.00292272
    4008.790  0.00289195
    4028.700  0.00286119
    4041.420  0.00283042
    4047.340  0.00279966
    4047.820  0.00276889
    4079.480  0.00273812
    4101.910  0.00270736
    4106.120  0.00267659
    4106.290  0.00264583
    4115.620  0.00261506
    4124.890  0.00258430
    4142.160  0.00255353
    4148.530  0.00252277
    4168.670  0.00249200
    4174.430  0.00246124
    4184.620  0.00243047
    4188.620  0.00239970
    4196.640  0.00236894
    4202.150  0.00233817
    4204.300  0.00230741
    4205.300  0.00227664
    4236.700  0.00224588
    4237.360  0.00221511
    4238.400  0.00218435
    4243.780  0.00215358
    4266.380  0.00212282
    4281.270  0.00209205
    4325.050  0.00206128
    4328.620  0.00203052
    4338.730  0.00199975
    4370.770  0.00196899
    4385.870  0.00193822
    4396.830  0.00190746
    4402.810  0.00187669
    4437.500  0.00184593
    4442.910  0.00181516
    4450.360  0.00178440
    4485.030  0.00175363
    4489.500  0.00172286
    4491.370  0.00169210
    4536.240  0.00166133
    4561.640  0.00163057
    4623.630  0.00159980
    4695.610  0.00156904
    4699.280  0.00153827
    4710.470  0.00150751
    4716.730  0.00147674
    4746.600  0.00144598
    4771.450  0.00141521
    4826.230  0.00138444
    4829.540  0.00135368
    4852.960  0.00132291
    4854.840  0.00129215
    4870.930  0.00126138
    4895.370  0.00123062
    5012.850  0.00119985
    5071.650  0.00116909
    5079.210  0.00113832
    5154.780  0.00110756
    5233.390  0.00107679
    5241.540  0.00104603
    5265.220  0.00101526
    5554.790  0.00098449
    5586.580  0.00095373
    5669.650  0.00092296
    5693.200  0.00089220
    6099.490  0.00086143
    6677.140  0.00083067
    7196.490  0.00079990
    8621.660  0.00076914
    8732.830  0.00073837
    8765.800  0.00070761
    8959.480  0.00067684
    9055.510  0.00064607
    9712.530  0.00061531
   10228.020  0.00058454
   10535.490  0.00055378
   11924.650  0.00052301
   12294.830  0.00049225
   23020.540  0.00046148
   24559.660  0.00043072
   24884.360  0.00039995
   25719.340  0.00036919
   35165.020  0.00033842
   47901.170  0.00030765
   53238.920  0.00027689
   58283.090  0.00024612
   61188.020  0.00021536
   62352.900  0.00018459
   63848.070  0.00015383
   64470.050  0.00012306
   65462.810  0.00009230
   89674.390  0.00006153
   92346.850  0.00003077
  147326.560  0.00000000
