# Digested data for dctcp_w4 experiment, run at 2026-04-21 04:41:27.695299
# Averaged across 1 repeated sample(s)
# length  cum_frac  samples     p50      p99     p999   s50    s99    s999
      60  0.002188      674   400.2   4002.4   9279.9  22.2  222.2   515.3
      72  0.004236      631   365.3   3150.8   4574.8  21.1  182.1   264.4
      92  0.007358      962   341.8   2981.3  16762.6  20.1  175.7   987.8
     119  0.009455      646   320.1   2551.2  18635.0  19.4  154.6  1129.4
     154  0.011730      701   365.0   2849.9   8166.1  22.3  174.4   499.8
     199  0.013963      688   353.6   3441.7   8538.6  21.8  212.2   526.4
     222  0.017231     1007   391.5   3308.8   6317.2  24.2  204.8   390.9
     227  0.019798      791   378.3   3396.8  21942.5  23.5  211.0  1362.9
     232  0.022453      818   339.1   2809.4   4868.6  21.2  175.4   303.9
     237  0.025056      802   339.0   2658.0   4437.2  21.3  167.2   279.1
     243  0.027757      832   323.5   2647.8   7156.3  20.4  166.8   450.9
     248  0.030123      729   352.1   3391.8   5857.0  22.2  214.3   370.0
     254  0.032687      790   370.9   3038.2   9980.7  23.5  192.8   633.3
     259  0.035218      780   405.5   2976.1   7307.9  25.8  189.3   464.9
     265  0.037886      822   385.1   2967.8   6320.9  24.4  188.2   400.8
     271  0.040613      840   359.4   3458.9   6215.5  22.8  219.2   393.9
     279  0.044060     1062   339.8   3159.1  13473.9  21.5  200.3   854.4
     288  0.047568     1081   354.3   4195.6  14814.8  22.5  266.0   939.4
     297  0.050574      926   395.4   2948.4   5342.8  25.1  187.0   338.8
     303  0.060181     2960   380.2   3312.9  11335.7  24.1  209.9   718.4
     305  0.068694     2623   358.4   3070.2  10816.8  22.7  194.2   684.2
     308  0.077217     2626   347.8   3166.9   9831.7  22.0  200.4   622.3
     310  0.085880     2669   375.8   3081.8   8204.4  23.8  195.3   519.9
     313  0.094276     2587   350.7   3085.4   6792.4  22.2  194.9   429.1
     315  0.102854     2643   357.2   3556.8   8415.4  22.6  225.3   533.0
     318  0.111358     2620   362.0   2909.0   5144.7  22.9  183.8   325.0
     321  0.119917     2637   371.2   3356.6  10527.0  23.5  212.7   667.1
     323  0.128440     2626   370.5   3237.4   7060.1  23.1  201.7   439.9
     326  0.137213     2703   362.6   2891.5  11222.5  23.0  183.0   710.3
     331  0.143584     1963   352.2   3281.0   8165.6  22.2  207.3   515.8
     335  0.150068     1998   345.2   2962.2   4835.1  21.8  187.2   305.6
     340  0.156557     1999   361.6   3207.1   9714.6  22.8  202.5   613.3
     345  0.163252     2063   355.2   3570.1   5307.6  22.5  226.1   336.1
     350  0.169513     1929   366.7   3096.0   9217.5  23.2  196.0   583.4
     355  0.175553     1861   326.4   3279.2  19750.0  20.5  205.9  1239.8
     360  0.182372     2101   360.4   3361.7  12624.9  22.7  211.8   795.5
     365  0.189062     2061   374.6   3271.7   8834.4  23.7  206.9   558.8
     371  0.195709     2048   371.2   3058.8   7809.4  23.5  193.6   494.3
     376  0.201820     1883   369.5   3182.4  15064.4  23.4  201.2   952.2
     385  0.205809     1229   376.3   3593.8   8786.0  23.8  227.0   555.0
     395  0.209967     1281   365.0   3247.7   8261.1  23.1  205.6   522.9
     405  0.214085     1269   359.6   2963.9   4733.3  22.8  187.7   299.8
     415  0.218444     1343   357.5   3219.8   6256.5  22.6  203.8   396.0
     425  0.222466     1239   380.3   3164.3   9286.1  24.0  199.8   586.2
     430  0.226665     1294   363.4   3267.3  13422.5  22.9  205.9   845.8
     435  0.230771     1265   355.7   3078.2  11012.5  22.4  193.5   692.2
     441  0.234835     1252   364.1   3540.7   6474.8  22.8  221.3   404.7
     446  0.239187     1341   354.4   3107.0  11211.7  22.3  195.5   705.6
     452  0.243345     1281   362.2   3078.7   7393.9  22.8  194.1   466.2
     457  0.247460     1268   360.1   2829.7   4418.0  22.7  178.3   278.4
     463  0.251654     1292   364.0   3242.5   7512.9  22.9  204.2   473.1
     468  0.255899     1308   349.8   2871.6   8961.3  22.0  180.6   563.6
     474  0.260066     1284   360.8   3417.9   6478.7  22.8  215.5   408.5
     480  0.264062     1231   363.4   2791.8   5731.5  22.9  175.8   360.9
     491  0.283747     6065   370.6   3259.6  12574.6  23.2  204.5   788.9
     502  0.303652     6133   361.8   3056.8   8825.0  22.7  191.9   554.0
     513  0.322782     5894   366.8   3173.4   8658.3  23.0  198.8   542.5
     525  0.342574     6098   349.8   3325.8  10309.5  22.0  208.8   647.2
     537  0.361895     5953   363.4   2942.9   6103.8  22.8  185.0   383.6
     549  0.381012     5890   363.7   3036.6  10572.3  22.8  190.5   663.3
     561  0.400664     6055   366.0   3199.8   9624.6  22.8  199.4   599.7
     574  0.420404     6082   355.6   3065.4   9587.3  22.2  191.2   598.1
     587  0.439842     5989   355.1   3296.2   9547.0  22.1  205.6   595.6
     600  0.459410     6029   367.8   3313.9  11198.3  23.0  206.9   699.0
     607  0.465281     1809   347.4   3655.8  15414.5  21.7  227.9   961.0
     615  0.471192     1821   368.1   3289.8   9454.2  22.7  202.6   582.2
     623  0.477027     1798   351.6   3274.1  19158.7  21.5  200.2  1171.8
     630  0.482720     1754   345.2   3071.6  10729.7  21.2  189.0   660.3
     638  0.488631     1821   323.6   2923.6   6969.9  20.0  181.0   431.6
     646  0.494482     1803   366.4   3258.2  10189.8  22.4  199.0   622.5
     654  0.500240     1774   377.1   3549.1   7332.7  23.4  219.8   454.0
     662  0.505774     1705   347.6   2969.9  13284.8  21.5  183.9   822.6
     671  0.511616     1800   333.0   3272.8  14130.2  20.6  202.6   874.9
     679  0.517484     1808   390.9   3306.1  14944.1  24.1  204.2   923.0
     685  0.520882     1047   357.8   3293.8   9313.5  22.0  202.9   573.8
     690  0.524579     1139   374.3   3220.1   7346.7  23.0  198.3   452.4
     696  0.528042     1067   387.6   3162.3  13711.7  23.9  194.6   843.8
     702  0.531343     1017   399.8   2716.2   6886.6  24.0  162.8   412.9
     707  0.535186     1184   358.2   3183.1   9575.4  21.6  192.1   577.9
     713  0.538649     1067   367.8   3386.6   7967.5  22.3  205.6   483.8
     719  0.542060     1051   346.5   2996.4   8301.1  21.1  182.3   504.9
     725  0.545384     1024   333.3   3155.0  13476.8  20.5  194.5   830.9
     731  0.548860     1071   335.4   3803.6   8039.4  20.7  234.5   495.6
     737  0.552430     1100   369.9   3401.6   8739.8  22.8  209.5   538.2
     749  0.557230     1479   353.4   3206.1   7019.7  21.8  197.4   432.2
     762  0.561894     1437   354.6   3408.9   9132.4  21.8  209.7   561.7
     774  0.566594     1448   364.7   3236.5   8790.8  22.4  198.4   539.0
     787  0.571375     1473   364.9   3144.9  10525.3  22.5  193.5   647.7
     800  0.576087     1452   383.9   2965.0  11754.6  23.6  182.0   721.6
     816  0.579057      915   356.6   3675.2  22754.4  21.8  225.2  1394.3
     833  0.582033      917   386.0   3071.3  13467.1  23.6  187.5   822.2
     850  0.585253      992   356.4   2917.4   3944.3  21.8  178.1   240.8
     867  0.588129      886   368.1   2948.5  14226.0  22.3  178.9   863.2
     885  0.590959      872   359.6   3083.5  21993.1  21.8  187.2  1335.3
     914  0.594659     1140   375.9   2981.4   4332.0  22.8  180.7   262.5
     945  0.598476     1176   357.2   3114.8  12139.9  21.4  186.5   726.9
     976  0.602322     1185   351.0   4227.2  12303.7  20.9  252.1   733.7
    1009  0.606347     1240   346.5   3693.2   6748.3  20.8  222.2   406.0
    1042  0.610193     1185   382.4   3050.8   5101.9  22.7  181.5   303.5
    1085  0.613880     1136   361.3   3714.4   6921.4  21.4  220.4   410.8
    1130  0.617716     1182   381.8   2867.6   6086.1  22.7  170.7   362.3
    1177  0.621384     1130   332.1   2873.6   4772.2  19.6  169.8   282.0
    1226  0.625145     1159   357.5   2915.4   6566.4  21.0  171.6   386.5
    1277  0.628693     1093   395.7   3353.4   8493.4  23.2  196.4   497.6
    1316  0.632029     1028   353.0   3148.1   6829.6  20.6  183.7   398.5
    1357  0.635593     1098   373.7   4097.5  10283.4  21.6  236.6   593.7
    1399  0.639017     1055   362.9   2809.9   5430.3  21.0  163.0   315.0
    1436  0.641691      824   370.8   3083.4   9449.1   4.3   36.0   110.2
    1484  0.644505      867   361.5   3492.4  14339.1  14.5  139.8   574.0
    1534  0.647323      868   351.9   3492.0   9630.8  14.1  139.8   385.7
    1559  0.651435     1267   354.2   3069.3   5341.8  14.2  123.0   214.1
    1585  0.655596     1282   370.7   3036.9   5550.4  14.9  121.7   222.5
    1611  0.659575     1226   367.9   3250.2  15594.9  14.6  129.1   619.3
    1637  0.663830     1311   353.6   3117.9   8994.6  14.3  125.8   363.0
    1664  0.668111     1319   356.1   2830.5   8234.4  14.4  114.1   331.9
    1865  0.671198      951   375.2   3847.8  18592.9  15.1  154.9   748.5
    2091  0.674161      913   341.6   3402.7  15092.5  13.7  136.9   607.1
    2412  0.677374      990   374.6   2897.4   6978.6  15.0  115.8   278.9
    2742  0.680065      829   403.0   2817.7  10659.2   4.7   32.6   123.5
    3118  0.683080      929   364.6   3224.8  22780.2  13.6  120.1   848.4
    3544  0.685816      843   417.0   3196.0  14159.9  15.5  119.2   528.0
    4030  0.688588      854   370.4   3250.7  17261.5  13.7  120.7   640.7
    4582  0.691187      801   352.4   3380.1  13961.8  12.3  118.3   488.7
    5210  0.694044      880   379.4   3059.0  21726.7  13.2  106.7   758.1
    5652  0.697013      915   419.1   2991.4   9437.0  14.6  104.5   329.7
    6132  0.699960      908   383.1   2706.5   6673.5  12.6   89.1   219.6
    6653  0.702953      922   411.7   2986.6  15013.6  13.5   97.7   491.0
    7217  0.705829      886   371.3   3376.6  11860.1  11.6  105.2   369.4
    7830  0.708756      902   387.5   3348.6  13650.0  12.0  103.4   421.3
   10373  0.711538      857   396.3   3550.2  10295.0  11.1   99.2   287.6
   13741  0.714092      787   378.7   3309.3   4954.3   9.5   83.1   124.5
   18203  0.716783      829   421.1   3085.9   4993.3   9.2   67.7   109.5
   24115  0.719405      808   435.7   3401.2  13690.6   7.5   58.6   235.9
   31946  0.722248      876   482.1   3480.0  13379.7   4.9   35.2   135.2
   33343  0.724978      841   437.7   3104.0  12557.3   4.4   31.3   126.8
   34801  0.727792      867   497.4   3247.8   7560.5   4.8   31.2    72.6
   36322  0.730690      893   458.4   3119.0  11785.9   4.4   30.2   114.1
   37450  0.733462      854   451.3   3412.4   9780.1   4.3   32.3    92.5
   38377  0.736185      839   493.6   3277.5  18528.6   4.6   30.4   171.9
   39327  0.739031      877   461.0   4188.6   7315.2   4.3   39.1    68.3
   40382  0.742780     1155   491.9   3339.0   4986.2   4.5   30.4    45.4
   41214  0.746740     1220   455.4   3258.4  13448.4   3.8   27.3   112.7
   42062  0.750430     1137   491.0   3281.7   6618.6   3.9   26.3    53.0
   42928  0.754383     1218   512.5   3377.5   8109.3   4.2   27.9    66.9
   43811  0.758200     1176   516.7   3222.5   6653.8   5.9   37.0    76.4
   44531  0.762170     1223   454.9   3282.6  10586.2   5.2   37.2   119.9
   45079  0.766415     1308   520.9   3476.2   7671.8   5.9   39.3    86.7
   45634  0.770654     1306   479.8   3401.6  10278.7   5.3   37.3   112.8
   46195  0.774587     1212   498.7   3482.3  14615.4   5.5   38.1   160.1
   46763  0.778502     1206   480.8   3111.3   6070.8   5.2   33.9    66.1
   47435  0.784243     1769   463.3   3230.4  11812.2   4.9   34.5   126.2
   47823  0.787998     1157   485.2   3413.8   8992.7   5.2   36.5    96.3
   48215  0.791549     1094   479.6   3354.8   7061.8   5.1   35.8    75.4
   48609  0.795132     1104   529.0   3719.5   9154.3   4.7   32.8    80.8
   49007  0.798887     1157   532.2   3628.4   7299.7   5.6   38.2    76.8
   49408  0.802708     1177   513.5   3823.8  11845.8   5.4   40.1   124.1
   49813  0.806450     1153   498.9   3382.1   7678.8   5.1   34.5    78.3
   50221  0.809939     1075   501.9   3890.4  16144.3   5.2   40.2   166.8
   50632  0.813639     1140   494.0   3425.9   7989.6   4.6   31.7    73.9
   51046  0.817293     1126   514.5   4086.5   8388.3   5.3   41.9    86.1
   55381  0.820263      915   519.8   3429.6  19441.1   3.5   23.3   132.0
   60084  0.823038      855   545.7   3244.9   7556.6   3.5   20.6    47.9
   64132  0.826147      958   519.9   3681.5   6859.5   3.2   23.0    42.8
   66528  0.828987      875   600.1   4238.8   6222.3   3.7   26.4    38.8
   69014  0.831623      812   632.3   4553.6  12616.4   3.9   28.1    77.7
   71156  0.834417      861   604.4   4195.8   6508.8   3.7   25.8    40.0
   72473  0.837316      893   581.9   4399.7   8242.9   3.5   26.5    49.6
   73814  0.840065      847   621.5   3427.4   7697.0   3.7   20.3    45.5
   75180  0.842564      770   607.0   4130.2   7697.4   3.2   21.8    40.7
   75795  0.845608      938   595.7   3934.5  28480.7   3.2   21.0   152.1
   76416  0.848494      889   626.1   4435.1  15830.0   3.3   23.3    83.1
   77041  0.851717      993   612.7   3896.6   9709.2   3.0   18.8    46.9
   77672  0.854732      929   597.3   3902.2  24779.5   2.8   18.5   117.3
   78307  0.857783      940   617.1   4572.4  15109.8   3.1   22.6    74.8
   78948  0.860697      898   642.1   3936.6   9755.2   3.1   19.1    47.2
   79595  0.863605      896   631.3   3668.5   5725.0   3.0   17.7    27.7
   80246  0.866549      907   634.0   3806.8   7101.1   3.8   23.1    43.1
   80903  0.869607      942   622.9   4026.2  17673.0   3.8   24.3   106.5
   81565  0.872868     1005   661.7   5408.9   8021.7   4.0   33.1    49.0
   85305  0.875987      961   637.5   4511.4  12909.0   3.8   27.0    77.2
   89216  0.879311     1024   629.8   4245.2  10557.0   3.7   24.6    61.2
   93306  0.882297      920   699.5   4008.8   8408.7   3.8   21.7    45.5
   97584  0.885887     1106   660.6   4108.8   8511.6   3.4   21.3    44.1
  102058  0.889123      997   717.6   3863.5  16157.3   3.5   18.9    79.0
  105871  0.891842      838   733.6   5027.4  10537.9   3.7   25.1    52.5
  109826  0.894588      846   712.1   4656.9   9664.4   3.3   21.5    44.5
  113929  0.897331      845   688.5   3917.9   8805.3   3.2   18.1    40.6
  118669  0.900021      829   756.1   4381.6   6629.5   3.4   19.9    30.1
  123857  0.902780      850   787.5   4672.7  15886.2   3.2   19.0    64.7
  129272  0.905588      865   748.8   4519.3   7473.3   2.1   12.9    21.4
  135199  0.908321      842   789.0   5066.9  10421.0   2.2   13.8    28.5
  141975  0.911131      866   749.1   5399.8  47038.3   2.0   14.3   124.7
  149091  0.913776      815   763.8   5640.5   9582.4   2.0   14.6    24.9
  156563  0.916542      852   806.3   5347.3   8609.2   1.9   12.7    20.5
  164410  0.919317      855   783.2   5046.3   8810.5   1.8   11.4    19.9
  172651  0.922076      850   855.5   5065.8  15074.1   1.9   11.0    32.6
  181304  0.925045      915   890.6   5293.3  11115.9   1.9   11.3    23.8
  189618  0.927788      845   892.4   5371.1   8592.6   1.9   11.2    18.0
  197911  0.930465      825   915.0   5225.3  12722.0   1.9   10.6    25.8
  206566  0.933234      853   997.8   5497.1  11777.9   2.0   11.2    23.9
  215160  0.936058      870   966.3   5628.5   7871.0   1.9   11.2    15.7
  223195  0.938726      822  1042.5   5921.0  10345.4   1.9   11.0    19.1
  231530  0.941488      851  1064.3   5889.1   9288.4   1.9   10.5    16.6
  240177  0.944243      849  1059.7   6161.1  15088.5   1.8   10.4    25.4
  253761  0.947168      901  1123.7   6367.1  16135.0   1.8   10.4    26.3
  268113  0.950274      957  1120.0   6308.7  11200.4   1.8    9.9    17.6
  283277  0.953237      913  1139.7   6355.8  25730.7   1.7    9.6    38.9
  318166  0.955970      842  1224.2   6869.1  14110.6   1.7    9.7    19.9
  368444  0.958774      864  1434.3   7424.3  17935.2   1.9    9.6    23.2
  426666  0.961542      853  1636.6   8683.3  39290.2   1.9   10.0    45.2
  514641  0.964512      915  1919.0  11203.6  18452.3   1.8   10.2    16.9
  643946  0.967287      855  2280.6  11820.6  27261.5   1.6    8.2    18.9
  792711  0.969893      803  2775.7  15650.2  23667.5   1.6    9.2    13.9
  940700  0.972545      817  3013.2  16002.4  50458.0   1.5    8.0    25.3
 1000000  1.000000     8459  3161.9  18223.2  28974.4   1.5    8.6    13.7
