# Fraction of RTTS longer than a given time for dctcp_http2_s8_w4 experiment
# Includes messages <= 315 bytes; measured at 2026-04-20 22:06:50.283378
# Averaged across 1 repeated sample(s)
# Data collected at 2026-04-20 22:06:50.283378 
#       usec        frac
     100.720  0.99875312
     197.390  0.99750623
     235.170  0.99625935
     248.170  0.99501247
     270.410  0.99376559
     273.270  0.99251870
     288.870  0.99127182
     315.810  0.98877805
     323.570  0.98753117
     374.790  0.98628429
     385.750  0.98503741
     392.330  0.98379052
     442.420  0.98254364
     467.030  0.98129676
     494.750  0.97880299
     543.830  0.97755611
     560.840  0.97630923
     616.220  0.97506234
     624.030  0.97381546
     643.490  0.97256858
     652.140  0.97132170
     683.020  0.97007481
     697.540  0.96882793
     706.050  0.96508728
     713.500  0.96384040
     794.280  0.96259352
     824.620  0.96134663
     838.890  0.95885287
     854.590  0.95760599
     875.950  0.95511222
     970.550  0.95261845
     995.190  0.95012469
    1007.890  0.94887781
    1120.800  0.94763092
    1191.420  0.94513716
    1301.420  0.94139651
    1316.040  0.94014963
    1352.410  0.93890274
    1373.990  0.93516209
    1703.140  0.93266833
    1914.750  0.93142145
    2091.740  0.93017456
    2133.190  0.92892768
    2198.600  0.92768080
    2238.430  0.92643392
    2319.390  0.92518703
    2374.550  0.92394015
    2398.920  0.92144638
    2444.710  0.92019950
    2532.490  0.91521197
    2561.310  0.91271820
    2643.720  0.91147132
    2683.090  0.90773067
    2749.700  0.90648379
    2790.790  0.90149626
    2832.270  0.89650873
    2872.100  0.89152120
    2905.170  0.88902743
    2936.980  0.88653367
    2982.730  0.88279302
    3037.290  0.87780549
    3067.770  0.87531172
    3125.360  0.87157107
    3168.150  0.86658354
    3228.340  0.86034913
    3269.400  0.85660848
    3317.820  0.85536160
    3363.420  0.84663342
    3399.630  0.84413965
    3442.300  0.83915212
    3487.060  0.83665835
    3569.650  0.83541147
    3605.950  0.83167082
    3670.930  0.82418953
    3728.690  0.81795511
    3766.380  0.81670823
    3804.590  0.81172070
    3904.870  0.80922693
    3989.540  0.80798005
    4039.520  0.80548628
    4102.280  0.80423940
    4175.840  0.80174564
    4240.910  0.79551122
    4330.510  0.79301746
    4472.210  0.79177057
    5176.120  0.78927681
    5233.980  0.78553616
    5308.500  0.78304239
    5393.920  0.77930175
    5482.820  0.77556110
    5618.390  0.77182045
    5678.750  0.76932668
    5720.690  0.76059850
    5789.980  0.75561097
    5861.690  0.74688279
    5958.140  0.74189526
    6005.430  0.73441397
    6068.130  0.72693267
    6102.470  0.71945137
    6162.530  0.71197007
    6235.910  0.70698254
    6323.190  0.70448878
    6389.960  0.70074813
    6466.660  0.69451372
    6535.320  0.68952618
    6631.150  0.68453865
    6715.090  0.67705736
    6782.060  0.66957606
    6855.760  0.66708229
    6939.720  0.66458853
    7154.410  0.66334165
    7247.200  0.65960100
    7424.210  0.65835411
    7532.150  0.65710723
    7744.270  0.65336658
    8047.240  0.64837905
    8130.080  0.64463840
    8268.750  0.64214464
    8372.410  0.63591022
    8498.870  0.63216958
    8574.140  0.62468828
    8683.500  0.61970075
    8765.910  0.61346633
    8826.250  0.60723192
    8913.400  0.60099751
    9033.980  0.59850374
    9111.930  0.59226933
    9167.520  0.58603491
    9275.250  0.58104738
    9342.040  0.57481297
    9454.330  0.57107232
    9567.600  0.56483791
    9704.790  0.55860349
    9803.170  0.55361596
    9991.670  0.54987531
   10139.330  0.54862843
   10292.590  0.54488778
   10646.790  0.54239401
   10756.070  0.53990025
   10924.190  0.53615960
   11036.560  0.53241895
   11171.880  0.53117207
   11347.710  0.52618454
   11480.780  0.52244389
   11595.890  0.51745636
   11750.640  0.51371571
   11898.710  0.51122195
   12019.280  0.50498753
   12132.490  0.49875312
   12284.520  0.49501247
   12402.210  0.49002494
   12641.870  0.48753117
   12832.700  0.48503741
   13021.570  0.48254364
   13169.570  0.47755611
   13380.610  0.47381546
   13605.700  0.47132170
   13785.800  0.46758105
   13947.020  0.46508728
   14110.250  0.46009975
   14279.750  0.45511222
   14456.100  0.45012469
   14629.890  0.44763092
   14736.930  0.44264339
   15034.560  0.43765586
   15206.740  0.43391521
   15411.810  0.43142145
   15527.820  0.42643392
   15807.800  0.42144638
   16161.530  0.41770574
   16397.370  0.41271820
   16581.340  0.40897756
   16716.870  0.40399002
   16956.710  0.40024938
   17142.760  0.39526185
   17402.380  0.39276808
   17600.730  0.38902743
   17911.070  0.38528678
   18081.170  0.38029925
   18326.320  0.37655860
   18903.650  0.37531172
   19514.900  0.37281796
   19675.050  0.36907731
   19826.960  0.36533666
   20064.680  0.36159601
   20385.460  0.35910224
   20690.860  0.35536160
   20887.660  0.35162095
   21127.750  0.34912718
   21575.970  0.34663342
   21887.260  0.34413965
   22128.760  0.34289277
   22314.650  0.33915212
   22404.770  0.33541147
   22745.880  0.33416459
   22928.590  0.33042394
   22998.130  0.32668329
   23262.160  0.32294264
   23496.270  0.32044888
   23858.170  0.31795511
   24309.500  0.31546135
   24451.410  0.31172070
   24598.450  0.30798005
   24960.400  0.30548628
   25389.650  0.30423940
   25722.900  0.30174564
   25924.950  0.29800499
   26160.880  0.29426434
   26419.070  0.29052369
   26711.790  0.28802993
   27323.040  0.28553616
   27677.250  0.28304239
   28307.780  0.27930175
   28578.190  0.27556110
   29698.560  0.27182045
   30033.930  0.27057357
   30343.080  0.26683292
   30870.340  0.26433915
   31159.120  0.26059850
   31314.190  0.25685786
   31615.430  0.25311721
   32204.480  0.24937656
   32605.960  0.24688279
   32978.810  0.24438903
   33174.790  0.24189526
   33251.520  0.23940150
   34303.890  0.23690773
   34438.400  0.23441397
   35016.490  0.23316708
   35366.740  0.23067332
   35397.260  0.22817955
   35527.520  0.22568579
   35788.390  0.22319202
   36051.470  0.22069825
   36568.930  0.21820449
   36629.070  0.21571072
   36881.190  0.21321696
   37593.070  0.21197007
   38381.130  0.20947631
   38819.190  0.20822943
   39224.440  0.20573566
   40322.530  0.20448878
   40500.020  0.20199501
   41098.250  0.20074813
   41818.880  0.19950125
   42446.480  0.19700748
   42630.310  0.19451372
   43930.320  0.19326683
   44044.200  0.19077307
   44239.020  0.18827930
   45513.640  0.18703242
   46433.350  0.18453865
   46536.950  0.18204489
   46799.770  0.17955112
   47725.290  0.17705736
   48323.080  0.17581047
   49384.940  0.17331671
   50413.650  0.17206983
   51576.880  0.17082294
   52263.780  0.16957606
   52553.000  0.16708229
   53516.650  0.16458853
   54040.190  0.16209476
   54203.070  0.15960100
   54835.090  0.15835411
   54939.260  0.15586035
   56024.880  0.15461347
   56680.780  0.15211970
   57424.400  0.14962594
   57695.050  0.14713217
   59828.060  0.14588529
   60057.370  0.14339152
   60664.060  0.14089776
   60859.220  0.13840399
   61853.570  0.13591022
   63082.680  0.13341646
   65779.670  0.13216958
   74703.010  0.13092269
 1009830.700  0.12842893
 1014603.040  0.12593516
 1016232.530  0.12344140
 1016470.500  0.12219451
 1017320.340  0.12094763
 1017845.210  0.11970075
 1018196.100  0.11845387
 1018816.100  0.11720698
 1018987.520  0.11596010
 1021229.890  0.11471322
 1021388.780  0.11346633
 1021966.670  0.11221945
 1023799.930  0.11097257
 1025139.560  0.10972569
 1027889.910  0.10847880
 1028370.810  0.10723192
 1028371.600  0.10598504
 1031592.720  0.10473815
 1031736.630  0.10349127
 1032311.120  0.10224439
 1034795.270  0.10099751
 1034981.510  0.09975062
 1036102.240  0.09850374
 1036105.040  0.09725686
 1037052.930  0.09600998
 1037337.680  0.09476309
 1038461.130  0.09351621
 1038655.950  0.09226933
 1038729.440  0.09102244
 1038790.600  0.08977556
 1038964.590  0.08852868
 1039045.840  0.08728180
 1040553.370  0.08603491
 1041074.040  0.08478803
 1041247.350  0.08354115
 1041480.080  0.08229426
 1041536.840  0.08104738
 1041562.690  0.07980050
 1042188.430  0.07855362
 1042327.640  0.07730673
 1043833.640  0.07605985
 1044578.160  0.07481297
 1045679.980  0.07356608
 1047318.320  0.07231920
 1047352.960  0.07107232
 1049604.350  0.06982544
 1050126.830  0.06857855
 1050372.580  0.06733167
 1052224.420  0.06608479
 1052548.950  0.06483791
 1053941.260  0.06359102
 1055403.780  0.06234414
 1059199.770  0.06109726
 1059241.320  0.05985037
 1061082.400  0.05860349
 1061607.290  0.05735661
 1061860.250  0.05610973
 1064840.740  0.05486284
 1066442.190  0.05361596
 1066472.830  0.05236908
 1066554.450  0.05112219
 1066699.730  0.04987531
 1066790.450  0.04862843
 1066913.780  0.04738155
 1067046.290  0.04613466
 1067641.130  0.04488778
 1069724.250  0.04364090
 1071495.100  0.04239401
 1073929.920  0.04114713
 1074115.940  0.03990025
 1076672.920  0.03865337
 1078649.930  0.03740648
 1078875.320  0.03615960
 1080814.380  0.03491272
 1081348.980  0.03366584
 1082022.540  0.03241895
 1083842.490  0.03117207
 1084311.010  0.02992519
 1084424.790  0.02867830
 1084992.140  0.02743142
 1085369.980  0.02618454
 1085755.090  0.02493766
 1087523.440  0.02369077
 1094500.220  0.02244389
 1097069.780  0.02119701
 1106204.460  0.01995012
 1108916.090  0.01870324
 1122243.660  0.01745636
 1124494.690  0.01620948
 2107110.930  0.01496259
 2109146.860  0.01371571
 2109661.340  0.01246883
 2112194.270  0.01122195
 2114638.020  0.00997506
 2114754.130  0.00872818
 2116835.340  0.00748130
 2116889.760  0.00623441
 2117128.100  0.00498753
 2117251.680  0.00374065
 2119470.150  0.00249377
 2119763.260  0.00124688
 2142854.330  0.00000000
