# Digested data for unloaded_w4 experiment, run at 2026-04-20 23:35:25.768687
# Averaged across 1 repeated sample(s)
# length  cum_frac  samples     p50      p99     p999   s50    s99    s999
      60  0.006077      500    17.0     38.3  15824.2   1.0    2.3   930.3
      72  0.012155      500    16.4     33.5     48.5   1.0    2.0     3.0
      92  0.018232      500    16.2     46.6  15506.9   1.0    2.9   957.2
     119  0.024309      500    16.6     36.5  15098.4   1.0    2.2   906.8
     154  0.030387      500    16.7     45.5  15276.0   1.0    2.7   916.9
     199  0.036464      500    16.8     84.5  15428.4   1.0    5.0   917.3
     222  0.042541      500    16.5     33.9     36.2   1.0    2.1     2.2
     227  0.048619      500    16.3     41.5  15740.9   1.0    2.5   963.9
     232  0.054696      500    16.2     67.9  15653.4   1.0    4.2   964.5
     237  0.060773      500    16.4     46.9  15069.7   1.0    2.9   918.3
     243  0.066851      500    16.8     43.2  14868.6   1.0    2.6   886.1
     248  0.072928      500    17.3     94.1  15665.0   1.0    5.4   905.0
     254  0.079005      500    17.2     50.2  15297.7   1.0    2.9   889.4
     259  0.085083      500    17.3  14692.1  15350.3   1.0  850.2   888.3
     265  0.091160      500    17.3     92.9  15492.8   1.0    5.4   896.1
     271  0.097237      500    17.4     50.6  15014.2   1.0    2.9   865.4
     279  0.103315      500    17.3     43.9  15757.7   1.0    2.5   908.7
     288  0.109392      500    17.3     36.7  15004.4   1.0    2.1   868.8
     297  0.115469      500    17.3     36.2     46.8   1.0    2.1     2.7
     303  0.121547      500    17.1     34.5     38.1   1.0    2.0     2.2
     305  0.127624      500    16.8     34.1     38.1   1.0    2.0     2.3
     308  0.133701      500    16.7     36.7  15744.7   1.0    2.2   941.1
     310  0.139779      500    16.4     34.3  15248.9   1.0    2.1   928.1
     313  0.145856      500    16.0     34.1  15007.3   1.0    2.1   937.4
     315  0.151933      500    16.1     49.0  15146.2   1.0    3.0   941.3
     318  0.158011      500    16.1     36.7  14761.2   1.0    2.3   918.6
     321  0.164088      500    16.2     91.9  15601.2   1.0    5.7   962.4
     323  0.170165      500    16.1     39.7  14720.8   1.0    2.5   913.2
     326  0.176243      500    15.8    110.2  15363.5   1.0    7.0   974.2
     331  0.182320      500    15.8     38.3  16446.5   1.0    2.4  1042.2
     335  0.188397      500    16.0     48.3  15255.8   1.0    3.0   954.1
     340  0.194474      500    16.0     35.5   1122.8   1.0    2.2    70.0
     345  0.200552      500    15.9     79.1  15522.7   1.0    5.0   976.3
     350  0.206629      500    15.9     34.4  15747.5   1.0    2.2   992.3
     355  0.212706      500    15.7    127.0  15393.9   1.0    8.1   979.3
     360  0.218784      500    15.6    127.5  15284.9   1.0    8.2   979.2
     365  0.224861      500    15.9     32.6   1164.6   1.0    2.1    73.4
     371  0.230938      500    15.9    144.3  25993.0   1.0    9.0  1629.7
     376  0.237016      500    16.0     34.2  15580.5   1.0    2.1   974.4
     385  0.243093      500    16.3   1111.5  16800.9   1.0   68.4  1033.3
     395  0.249170      500    16.8   1142.8  15690.0   1.0   68.1   934.5
     405  0.255248      500    16.6     85.0  15566.1   1.0    5.1   934.9
     415  0.261325      500    16.6     33.5  15355.2   1.0    2.0   923.9
     425  0.267402      500    16.6     35.5  15639.7   1.0    2.1   941.0
     430  0.273480      500    16.7    102.8  16247.1   1.0    6.2   974.6
     435  0.279557      500    16.6    130.0  15736.5   1.0    7.8   948.6
     441  0.285634      500    16.6     35.4   1138.4   1.0    2.1    68.7
     446  0.291712      500    16.0     33.1  16514.3   1.0    2.1  1029.6
     452  0.297789      500    16.1     34.8  15579.2   1.0    2.2   967.7
     457  0.303866      500    16.2   1140.7  16234.9   1.0   70.5  1003.4
     463  0.309944      500    15.9    118.5  15348.7   1.0    7.5   964.7
     468  0.316021      500    15.6     84.0  15132.5   1.0    5.4   973.1
     474  0.322098      500    15.5     45.3   1130.0   1.0    2.9    73.0
     480  0.328176      500    15.6     47.7  15346.3   1.0    3.1   982.5
     491  0.334253      500    15.6    104.8  16326.9   1.0    6.7  1048.6
     502  0.340330      500    15.9     92.0  15333.2   1.0    5.8   966.8
     513  0.346408      500    15.9    229.1  15578.7   1.0   14.4   976.7
     525  0.352485      500    16.1     78.2  15349.8   1.0    4.9   951.6
     537  0.358562      500    15.9     54.4  15311.5   1.0    3.4   961.2
     549  0.364640      500    15.6     63.9  15313.6   1.0    4.1   984.2
     561  0.370717      500    15.4    124.8  15876.8   1.0    8.1  1027.6
     574  0.376794      500    15.6     40.3  14902.7   1.0    2.6   956.5
     587  0.382872      500    15.6     32.6     36.4   1.0    2.1     2.3
     607  0.394577      963    15.6    122.8  15643.0   1.0    7.9  1005.3
     615  0.400654      500    15.6     38.3  15292.0   1.0    2.5   982.1
     623  0.406731      500    15.7    221.1  16260.4   1.0   14.1  1036.4
     630  0.412809      500    15.8     40.0  15455.4   1.0    2.5   977.0
     638  0.418886      500    15.6     45.4  15647.1   1.0    2.9  1001.1
     646  0.424963      500    15.8    102.4  15250.1   1.0    6.5   963.4
     654  0.431041      500    16.0     42.8  15648.3   1.0    2.7   976.2
     662  0.437118      500    15.8     47.0  15456.2   1.0    3.0   978.2
     671  0.443195      500    16.0     40.0   1181.0   1.0    2.5    73.8
     679  0.449273      500    15.9   1142.3  15539.5   1.0   72.0   979.8
     685  0.455350      500    16.0   1188.7  15352.2   1.0   74.2   958.9
     690  0.461427      500    16.3  14740.3  15521.0   1.0  906.0   954.0
     696  0.467505      500    16.4    230.4  15475.2   1.0   14.1   945.3
     702  0.473582      500    16.1     65.5  15338.5   1.0    4.1   950.3
     707  0.479659      500    16.1   1141.2  15515.5   1.0   70.8   962.5
     713  0.485737      500    16.1     50.6  15469.9   1.0    3.1   960.3
     719  0.491814      500    16.2     88.0  15465.3   1.0    5.4   952.9
     725  0.497891      500    16.2     32.9     33.9   1.0    2.0     2.1
     731  0.503968      500    16.2    124.8  14981.9   1.0    7.7   922.5
     737  0.510046      500    16.2   1165.0  15253.6   1.0   71.9   941.0
     749  0.516123      500    16.3    120.4  15275.4   1.0    7.4   938.3
     762  0.522200      500    16.3     33.0     45.3   1.0    2.0     2.8
     774  0.528278      500    16.6     35.8  15270.8   1.0    2.2   922.1
     787  0.534355      500    16.8   1244.5  15608.0   1.0   73.9   926.8
     800  0.540432      500    16.8     89.5  14911.0   1.0    5.3   886.0
     816  0.546510      500    16.9    130.1  15188.3   1.0    7.7   896.6
     833  0.552587      500    17.0    131.7  15893.9   1.0    7.7   933.8
     850  0.558664      500    17.0     35.7  15336.1   1.0    2.1   902.7
     867  0.564742      500    16.8   1100.8  15247.4   1.0   65.4   906.5
     885  0.570819      500    17.0     83.9  15228.9   1.0    4.9   896.9
     914  0.576896      500    16.6     35.5  15562.0   1.0    2.1   934.7
     945  0.582974      500    16.7     96.0  15016.7   1.0    5.7   897.1
     976  0.589051      500    16.7     34.9   1105.1   1.0    2.1    66.2
    1009  0.595128      500    16.7     34.2  15196.5   1.0    2.1   911.6
    1042  0.601206      500    16.6    112.0  15457.0   1.0    6.7   929.5
    1085  0.607283      500    16.6     36.8  15212.6   1.0    2.2   915.9
    1130  0.613360      500    16.5    124.6  15206.6   1.0    7.5   919.4
    1177  0.619438      500    16.5    101.0  15288.5   1.0    6.1   928.3
    1226  0.625515      500    16.4   1097.7  15379.8   1.0   66.8   936.1
    1277  0.631592      500    16.5     42.5  14632.4   1.0    2.6   884.7
    1316  0.637670      500    16.6   1124.3  15280.4   1.0   67.6   918.8
    1357  0.643747      500    16.8     84.4  15127.3   1.0    5.0   898.8
    1399  0.649824      500    17.2  14811.3  15154.7   1.0  858.6   878.5
    1436  0.655902      500    25.9   1142.2  30838.0   1.0   44.1  1190.2
    1484  0.661979      500    25.1    135.8  15406.4   1.0    5.4   615.0
    1534  0.668056      500    24.9    123.3  14905.1   1.0    4.9   597.9
    1559  0.674134      500    25.4   1145.5  30822.8   1.0   45.1  1214.5
    1611  0.682472      686    25.2    236.1  31194.2   1.0    9.3  1225.2
    1637  0.688549      500    24.9     98.7  16013.7   1.0    4.0   644.4
    1664  0.694626      500    25.4   1145.7  30757.6   1.0   45.1  1210.9
    2091  0.704265      793    25.0    179.9  30778.5   1.0    7.2  1231.1
    2412  0.710342      500    24.8     97.9  14681.1   1.0    4.0   592.7
    2742  0.716420      500    25.0    131.2   1145.2   1.0    5.3    45.9
    3544  0.727104      879    26.8   1177.7  30917.3   1.0   43.2  1155.2
    4030  0.733181      500    27.0    138.4  14837.5   1.0    5.1   548.9
    4582  0.739258      500    28.4    224.5  14833.9   1.0    7.9   523.1
    5210  0.745336      500    30.5   1166.8  30091.2   1.0   38.2   986.0
    5652  0.751413      500    29.0   1151.3  30254.7   1.0   39.7  1042.5
    6132  0.757490      500    30.0    131.0   1163.9   1.0    4.4    38.8
    6653  0.763568      500    31.5   1152.6  30098.4   1.0   36.6   956.7
    7830  0.769827      515    73.5  14728.8  30994.1   1.0  169.4   440.3
   13741  0.779259      776    40.5   1181.7  31098.7   1.0   13.7   758.4
   18203  0.785337      500    45.9   1182.9  30511.1   1.0   25.8   665.3
   24115  0.791414      500    57.6   1179.7  15023.5   1.0   20.5   260.8
   33343  0.798184      557    71.2  15224.4  16610.2   1.0  210.6   242.0
   34801  0.804261      500    75.9   1267.2  15806.9   1.0   16.7   208.1
   36322  0.810339      500    77.1   1258.6  15794.6   1.0   16.3   204.8
   38377  0.820123      805    82.6   1307.6  30350.8   1.0   15.9   366.2
   40382  0.828802      714    84.3  14626.2  15885.6   1.0  170.3   185.0
   42062  0.838246      777    87.5  15266.6  15725.8   1.0  174.5   179.7
   43811  0.845745      617    89.2  15114.2  16024.4   1.0  169.3   178.8
   45079  0.853828      665    91.4  14830.2  15987.7   1.0  163.0   175.8
   46195  0.864038      840    93.3   1240.4  16637.0   1.0   13.3   178.1
   47435  0.871051      577    95.1  15115.6  16359.2   1.0  159.0   171.9
   48215  0.881626      870    95.2   1213.2  30413.9   1.0   12.8   319.1
   49408  0.892371      884    97.3  14912.1  26477.3   1.0  153.4   270.5
   50221  0.899712      604    99.1  15014.7  15710.3   1.0  151.5   158.5
   51046  0.909484      804    98.8   1212.0  16671.1   1.0   12.2   168.2
   60084  0.915635      506   112.6  15110.9  30630.5   1.0  136.8   269.1
   69014  0.923462      644   128.3  15418.3  30938.8   1.0  120.3   239.9
   73814  0.932031      705   156.1  15336.3  30437.1   1.0   97.4   192.1
   76416  0.939446      610   182.7  15572.9  15809.8   1.0   89.4    92.3
   77672  0.946908      614   168.6   1462.6  16552.4   1.0    8.5    99.8
   80246  0.954967      663   189.9  15454.2  15931.3   1.0   77.0    91.2
   85305  0.961591      545   189.4  15547.4  16067.6   1.0   74.3    86.3
  102058  0.968799      593   211.4  15718.9  15972.4   1.0   74.9    79.7
  123857  0.976432      628   317.3  15827.4  30878.9   1.0   56.3    97.9
  149091  0.983336      568   377.3  15830.5  16385.3   1.0   40.4    45.7
  197911  0.990264      570   464.8  15960.1  16516.7   1.0   34.7    38.6
  268113  0.996694      529   526.8  16364.3  31683.3   1.0   33.8    69.2
 1000000  1.000000      272  1074.4  32591.8  33884.8   1.0   24.7    47.2
