# Fraction of RTTS longer than a given time for dctcp_w4 experiment
# Includes messages <= 315 bytes; measured at 2026-04-21 04:12:50.250351
# Averaged across 1 repeated sample(s)
# Data collected at 2026-04-21 04:12:50.250351 
#       usec        frac
      28.570  0.99996866
      29.350  0.99993732
      30.010  0.99990597
      30.490  0.99984329
      30.890  0.99974926
      31.350  0.99952987
      31.700  0.99943584
      32.070  0.99937316
      32.400  0.99918511
      32.750  0.99899705
      33.110  0.99880900
      33.500  0.99840155
      33.850  0.99790008
      34.200  0.99739861
      34.550  0.99664640
      34.910  0.99601956
      35.260  0.99526735
      35.620  0.99435843
      35.990  0.99360622
      36.360  0.99275998
      36.730  0.99197643
      37.100  0.99072275
      37.480  0.98978249
      37.870  0.98871686
      38.250  0.98758854
      38.660  0.98636620
      39.050  0.98511252
      39.450  0.98385884
      39.850  0.98282455
      40.250  0.98172757
      40.670  0.98085000
      41.090  0.97969034
      41.510  0.97875008
      41.970  0.97824861
      42.430  0.97740237
      42.860  0.97599198
      43.290  0.97476964
      43.730  0.97370401
      44.190  0.97235630
      44.640  0.97088322
      45.090  0.96966088
      45.550  0.96796841
      46.010  0.96618191
      46.480  0.96376857
      46.950  0.96135523
      47.420  0.95837773
      47.900  0.95568232
      48.380  0.95220335
      48.870  0.94828559
      49.360  0.94446186
      49.860  0.94066947
      50.360  0.93672037
      50.870  0.93258321
      51.380  0.92904156
      51.900  0.92490441
      52.420  0.92064189
      52.950  0.91710023
      53.480  0.91343321
      54.020  0.90967216
      54.570  0.90575440
      55.120  0.90246349
      55.680  0.89901586
      56.240  0.89588165
      56.810  0.89302952
      57.380  0.89027142
      57.960  0.88760735
      58.540  0.88484924
      59.130  0.88227920
      59.730  0.87955244
      60.330  0.87760923
      60.960  0.87516455
      61.570  0.87325268
      62.220  0.87124679
      62.850  0.86914687
      63.480  0.86692158
      64.120  0.86494703
      64.780  0.86347395
      65.430  0.86159343
      66.090  0.85927412
      66.770  0.85773836
      67.440  0.85557575
      68.120  0.85356986
      68.810  0.85150129
      69.500  0.84952673
      70.200  0.84808500
      70.910  0.84645521
      71.620  0.84491945
      72.340  0.84347772
      73.070  0.84140914
      73.810  0.83890177
      74.560  0.83673917
      75.320  0.83473328
      76.080  0.83269604
      76.870  0.83097223
      77.640  0.82887231
      78.420  0.82689776
      79.220  0.82517395
      80.040  0.82351282
      80.850  0.82185169
      81.680  0.82022190
      82.500  0.81831004
      83.350  0.81639817
      84.200  0.81458033
      85.050  0.81273115
      85.920  0.81110136
      86.780  0.80922084
      87.670  0.80743434
      88.550  0.80561650
      89.450  0.80392403
      90.360  0.80235692
      91.280  0.80091519
      92.220  0.79912869
      93.210  0.79724817
      94.210  0.79571241
      95.160  0.79411396
      96.160  0.79276625
      97.130  0.79132452
      98.120  0.78991412
      99.110  0.78844105
     100.120  0.78684260
     101.130  0.78511879
     102.150  0.78311289
     103.180  0.78157713
     104.220  0.77966527
     105.290  0.77769072
     106.370  0.77606093
     107.480  0.77439980
     108.590  0.77277001
     109.680  0.77117157
     110.780  0.76963581
     111.910  0.76838212
     113.030  0.76665831
     114.190  0.76521657
     115.340  0.76358679
     116.510  0.76236445
     117.710  0.76064063
     118.920  0.75944963
     120.130  0.75788253
     121.340  0.75593932
     122.560  0.75393343
     123.830  0.75239767
     125.080  0.75098728
     126.390  0.74923212
     127.660  0.74753965
     128.950  0.74565912
     130.250  0.74384128
     131.580  0.74221150
     132.900  0.74067573
     134.230  0.73898326
     135.580  0.73760421
     136.990  0.73588040
     138.360  0.73415658
     139.800  0.73218203
     141.210  0.73048956
     142.670  0.72879709
     144.110  0.72716730
     145.620  0.72522410
     147.170  0.72343760
     148.760  0.72161976
     150.280  0.71970789
     151.790  0.71798408
     153.330  0.71569611
     154.870  0.71353350
     156.430  0.71177835
     158.010  0.70996051
     159.610  0.70760985
     161.270  0.70557262
     162.930  0.70353539
     164.560  0.70149815
     166.210  0.69949226
     168.010  0.69795650
     169.720  0.69651476
     171.440  0.69488497
     173.170  0.69328653
     174.910  0.69134332
     176.710  0.68911803
     178.520  0.68692409
     180.330  0.68473014
     182.140  0.68278694
     183.990  0.68074970
     185.870  0.67833636
     187.780  0.67629913
     189.660  0.67401116
     191.620  0.67178587
     193.540  0.66968595
     195.490  0.66730396
     197.460  0.66542343
     199.450  0.66326083
     201.460  0.66134896
     203.490  0.65890428
     205.550  0.65677302
     207.620  0.65470444
     209.720  0.65272989
     211.820  0.65050461
     213.940  0.64865543
     216.080  0.64596001
     218.250  0.64367204
     220.460  0.64100796
     222.690  0.63906475
     224.970  0.63715289
     227.240  0.63426942
     229.590  0.63201279
     231.890  0.62963079
     234.210  0.62693537
     236.610  0.62477277
     239.000  0.62223406
     241.400  0.61960133
     243.840  0.61687457
     246.280  0.61411647
     248.780  0.61179715
     251.270  0.60872563
     253.810  0.60599887
     256.360  0.60358553
     258.990  0.60114085
     261.590  0.59866483
     264.210  0.59546794
     266.890  0.59289789
     269.560  0.59004576
     272.260  0.58778913
     274.990  0.58512505
     277.760  0.58286843
     280.630  0.58020435
     283.470  0.57738356
     286.330  0.57468815
     289.210  0.57199273
     292.130  0.56939134
     295.060  0.56691531
     298.030  0.56431392
     301.050  0.56186924
     304.070  0.55882906
     307.120  0.55607096
     310.220  0.55328151
     313.370  0.55049207
     316.520  0.54738921
     319.710  0.54428634
     322.940  0.54206105
     326.220  0.53974174
     329.500  0.53729706
     332.810  0.53441359
     336.310  0.53109133
     339.720  0.52823920
     343.120  0.52551244
     346.560  0.52244092
     350.050  0.51940074
     353.560  0.51610982
     357.130  0.51300696
     360.740  0.51009215
     364.400  0.50702062
     368.080  0.50438789
     371.770  0.50103429
     375.620  0.49796277
     379.420  0.49520466
     383.220  0.49263461
     387.090  0.48962578
     390.970  0.48661694
     394.890  0.48401555
     398.850  0.48097537
     402.860  0.47824861
     406.900  0.47498903
     411.030  0.47226227
     415.220  0.46931612
     419.430  0.46568044
     423.640  0.46213878
     427.950  0.45897323
     432.240  0.45527487
     436.570  0.45157651
     441.060  0.44765875
     445.540  0.44424246
     450.040  0.44167241
     454.610  0.43825613
     459.220  0.43505924
     463.820  0.43189369
     468.580  0.42869680
     473.300  0.42562527
     478.060  0.42230302
     482.850  0.41888673
     487.770  0.41543910
     492.660  0.41142732
     497.590  0.40807372
     502.580  0.40481414
     507.660  0.40124115
     512.870  0.39785620
     518.000  0.39390710
     523.200  0.39042813
     528.490  0.38676111
     533.940  0.38368959
     539.290  0.38011659
     544.740  0.37685702
     549.850  0.37306463
     555.320  0.36930358
     560.960  0.36645145
     566.660  0.36303517
     572.380  0.35993230
     578.110  0.35642199
     582.500  0.35284899
     587.810  0.34930734
     593.750  0.34636119
     599.510  0.34288222
     605.430  0.33943459
     610.740  0.33601830
     616.630  0.33263336
     621.520  0.32927976
     627.070  0.32595750
     631.890  0.32266658
     638.000  0.31943835
     643.450  0.31624146
     648.510  0.31307591
     654.780  0.30994170
     660.900  0.30683884
     667.240  0.30376732
     673.420  0.30072714
     680.180  0.29787501
     686.640  0.29486617
     692.530  0.29188867
     698.320  0.28894252
     703.840  0.28602771
     709.670  0.28314424
     716.170  0.28029211
     722.570  0.27747132
     729.550  0.27468188
     735.380  0.27192378
     741.890  0.26919702
     747.780  0.26650160
     754.240  0.26380618
     760.640  0.26114210
     766.030  0.25850937
     772.520  0.25590798
     778.600  0.25333793
     784.820  0.25079922
     790.380  0.24826052
     796.830  0.24575315
     803.730  0.24327713
     810.670  0.24083245
     816.370  0.23841911
     823.390  0.23600577
     829.290  0.23362377
     835.520  0.23127311
     842.450  0.22895380
     848.340  0.22663449
     855.830  0.22434652
     861.390  0.22208989
     869.170  0.21986460
     876.320  0.21763932
     882.910  0.21544537
     888.440  0.21328277
     895.340  0.21112017
     900.260  0.20898890
     905.670  0.20688899
     911.700  0.20478907
     917.320  0.20272049
     923.870  0.20068326
     930.330  0.19864602
     936.190  0.19664013
     942.830  0.19466558
     949.830  0.19269103
     958.340  0.19074782
     965.340  0.18883596
     972.630  0.18692409
     978.370  0.18504357
     986.310  0.18316304
     992.530  0.18131386
     998.310  0.17949602
    1004.150  0.17767818
    1012.110  0.17589168
    1018.180  0.17410518
    1023.360  0.17235003
    1030.160  0.17062621
    1038.580  0.16890240
    1043.690  0.16720993
    1050.130  0.16551746
    1059.000  0.16385633
    1066.640  0.16219520
    1072.110  0.16056541
    1078.540  0.15893562
    1084.620  0.15733718
    1092.050  0.15573873
    1099.510  0.15417163
    1106.880  0.15260453
    1112.880  0.15106876
    1119.770  0.14953300
    1127.230  0.14802858
    1134.420  0.14652416
    1141.150  0.14505109
    1147.420  0.14357801
    1153.760  0.14213628
    1161.540  0.14069454
    1167.360  0.13928415
    1174.070  0.13787375
    1179.440  0.13649470
    1186.990  0.13511565
    1193.210  0.13373660
    1199.460  0.13238889
    1207.610  0.13104118
    1213.370  0.12972482
    1219.010  0.12840845
    1224.890  0.12712343
    1232.050  0.12583840
    1238.490  0.12455338
    1245.230  0.12329969
    1251.400  0.12204601
    1257.630  0.12082367
    1263.480  0.11960133
    1269.940  0.11837899
    1276.060  0.11718799
    1282.570  0.11599699
    1289.010  0.11480599
    1295.280  0.11364634
    1301.610  0.11248668
    1306.780  0.11135837
    1315.350  0.11023005
    1321.200  0.10910174
    1329.830  0.10800476
    1335.070  0.10690779
    1340.940  0.10581082
    1346.460  0.10474519
    1356.140  0.10367956
    1364.930  0.10261393
    1370.650  0.10157964
    1377.390  0.10054535
    1384.440  0.09951106
    1389.920  0.09850812
    1394.420  0.09750517
    1398.540  0.09650223
    1404.090  0.09553062
    1410.250  0.09455902
    1416.850  0.09358741
    1424.480  0.09264715
    1431.450  0.09170689
    1437.760  0.09076663
    1443.690  0.08985771
    1451.100  0.08894879
    1457.220  0.08803987
    1466.500  0.08713095
    1470.900  0.08625337
    1478.090  0.08537579
    1485.990  0.08449821
    1492.580  0.08365198
    1498.340  0.08280574
    1505.240  0.08195951
    1511.550  0.08111327
    1518.490  0.08029838
    1526.800  0.07948348
    1537.950  0.07866859
    1543.420  0.07785370
    1549.850  0.07707014
    1554.910  0.07628659
    1561.660  0.07550304
    1567.080  0.07471949
    1571.470  0.07396728
    1579.040  0.07321507
    1583.880  0.07246286
    1592.080  0.07171065
    1598.640  0.07098978
    1604.020  0.07026891
    1611.780  0.06954805
    1619.250  0.06882718
    1625.850  0.06813765
    1631.990  0.06744813
    1638.760  0.06675860
    1646.380  0.06606908
    1654.380  0.06537955
    1660.140  0.06472137
    1669.860  0.06406319
    1675.480  0.06340500
    1681.740  0.06274682
    1689.380  0.06208864
    1699.750  0.06146179
    1706.610  0.06083495
    1711.800  0.06020811
    1716.470  0.05958127
    1724.030  0.05895443
    1732.640  0.05835893
    1738.510  0.05776343
    1744.980  0.05716793
    1751.310  0.05657243
    1756.820  0.05597693
    1763.730  0.05541278
    1770.160  0.05484862
    1777.630  0.05428446
    1783.760  0.05372030
    1790.160  0.05315615
    1793.490  0.05262333
    1799.310  0.05209052
    1805.960  0.05155770
    1811.410  0.05102489
    1815.480  0.05049207
    1821.160  0.04995926
    1827.350  0.04945778
    1835.480  0.04895631
    1843.070  0.04845484
    1847.290  0.04795336
    1855.760  0.04745189
    1861.210  0.04695042
    1868.550  0.04648029
    1876.590  0.04601015
    1883.450  0.04554002
    1888.460  0.04506989
    1893.600  0.04459976
    1899.740  0.04412963
    1909.380  0.04365950
    1913.750  0.04322071
    1919.930  0.04278192
    1925.820  0.04234313
    1932.900  0.04190434
    1938.210  0.04146556
    1942.970  0.04102677
    1948.770  0.04058798
    1953.430  0.04018053
    1962.640  0.03977308
    1967.080  0.03936564
    1973.450  0.03895819
    1979.100  0.03855074
    1986.850  0.03814330
    1993.980  0.03773585
    2002.190  0.03732840
    2010.510  0.03695230
    2024.560  0.03657619
    2032.050  0.03620009
    2035.620  0.03582398
    2042.750  0.03544788
    2051.050  0.03507177
    2054.200  0.03469567
    2061.520  0.03431956
    2067.580  0.03397480
    2075.700  0.03363004
    2079.140  0.03328528
    2086.300  0.03294051
    2090.200  0.03259575
    2104.910  0.03225099
    2112.630  0.03190622
    2119.540  0.03156146
    2124.760  0.03121670
    2128.990  0.03090328
    2133.640  0.03058986
    2141.420  0.03027644
    2149.570  0.02996302
    2153.240  0.02964960
    2160.870  0.02933618
    2166.790  0.02902275
    2175.250  0.02870933
    2181.520  0.02839591
    2186.200  0.02808249
    2192.040  0.02780041
    2196.300  0.02751834
    2204.330  0.02723626
    2209.510  0.02695418
    2221.240  0.02667210
    2230.150  0.02639002
    2235.010  0.02610794
    2242.900  0.02582586
    2249.800  0.02554378
    2253.430  0.02526171
    2259.330  0.02497963
    2264.630  0.02472889
    2273.260  0.02447815
    2280.900  0.02422742
    2290.930  0.02397668
    2299.630  0.02372594
    2304.130  0.02347521
    2312.060  0.02322447
    2316.740  0.02297374
    2321.030  0.02272300
    2327.870  0.02247226
    2338.440  0.02222153
    2350.270  0.02197079
    2360.940  0.02172005
    2377.930  0.02150066
    2382.110  0.02128126
    2388.760  0.02106187
    2398.520  0.02084247
    2406.900  0.02062308
    2416.030  0.02040369
    2422.980  0.02018429
    2428.920  0.01996490
    2433.330  0.01974550
    2442.640  0.01952611
    2445.500  0.01930671
    2453.950  0.01908732
    2459.870  0.01886792
    2468.250  0.01864853
    2474.390  0.01846048
    2481.070  0.01827243
    2486.300  0.01808437
    2491.530  0.01789632
    2501.950  0.01770827
    2510.170  0.01752022
    2525.290  0.01733216
    2527.250  0.01714411
    2531.810  0.01695606
    2537.150  0.01676801
    2545.480  0.01657995
    2550.700  0.01639190
    2555.480  0.01620385
    2558.100  0.01601580
    2563.860  0.01582774
    2568.980  0.01563969
    2577.360  0.01548298
    2585.640  0.01532627
    2595.010  0.01516956
    2606.140  0.01501285
    2615.000  0.01485614
    2625.100  0.01469943
    2630.550  0.01454272
    2640.550  0.01438601
    2642.150  0.01422930
    2646.930  0.01407259
    2654.000  0.01391588
    2663.890  0.01375917
    2679.710  0.01360246
    2685.250  0.01344575
    2690.360  0.01328904
    2697.000  0.01313233
    2705.740  0.01297562
    2715.960  0.01281891
    2732.620  0.01266220
    2746.060  0.01250548
    2755.110  0.01238012
    2769.380  0.01225475
    2772.190  0.01212938
    2780.700  0.01200401
    2794.110  0.01187864
    2812.120  0.01175328
    2827.960  0.01162791
    2835.320  0.01150254
    2850.510  0.01137717
    2861.110  0.01125180
    2873.270  0.01112643
    2884.160  0.01100107
    2906.320  0.01087570
    2916.910  0.01075033
    2923.670  0.01062496
    2938.300  0.01049959
    2956.640  0.01037422
    2967.710  0.01024886
    2979.020  0.01012349
    2995.270  0.00999812
    3010.870  0.00987275
    3012.180  0.00974738
    3038.840  0.00962201
    3052.630  0.00949665
    3065.170  0.00937128
    3087.170  0.00927725
    3091.100  0.00918323
    3106.540  0.00908920
    3119.750  0.00899517
    3147.740  0.00890115
    3160.530  0.00880712
    3176.380  0.00871309
    3182.610  0.00861907
    3202.600  0.00852504
    3219.250  0.00843102
    3239.560  0.00833699
    3258.430  0.00824296
    3278.690  0.00814894
    3294.160  0.00805491
    3329.480  0.00796089
    3362.090  0.00786686
    3374.480  0.00777283
    3384.630  0.00767881
    3390.480  0.00758478
    3412.600  0.00749075
    3431.060  0.00739673
    3451.130  0.00730270
    3511.300  0.00724002
    3553.690  0.00714599
    3579.940  0.00705197
    3619.490  0.00695794
    3631.740  0.00686391
    3702.510  0.00683257
    3755.510  0.00673854
    3762.210  0.00664452
    3779.650  0.00655049
    3814.250  0.00645647
    3852.420  0.00636244
    3872.060  0.00626841
    3881.730  0.00620573
    3890.640  0.00614305
    3931.590  0.00611170
    3933.110  0.00604902
    3949.060  0.00598633
    4033.590  0.00592365
    4057.490  0.00586097
    4070.460  0.00579828
    4112.480  0.00573560
    4124.820  0.00567291
    4151.850  0.00561023
    4156.460  0.00554755
    4174.460  0.00548486
    4217.860  0.00542218
    4232.790  0.00535949
    4242.130  0.00529681
    4294.410  0.00523413
    4308.710  0.00517144
    4331.680  0.00510876
    4361.400  0.00504607
    4387.840  0.00498339
    4494.250  0.00495205
    4527.850  0.00488936
    4560.160  0.00482668
    4582.880  0.00476399
    4602.300  0.00470131
    4631.140  0.00463863
    4652.010  0.00457594
    4802.060  0.00451326
    4818.780  0.00445057
    4856.780  0.00438789
    4946.590  0.00432521
    4958.330  0.00426252
    5042.840  0.00419984
    5087.520  0.00413715
    5147.150  0.00407447
    5185.720  0.00401178
    5209.180  0.00394910
    5273.170  0.00391776
    5312.540  0.00385507
    5370.290  0.00379239
    5461.580  0.00376105
    5505.730  0.00369836
    5552.680  0.00363568
    5616.950  0.00357300
    5698.650  0.00351031
    5762.320  0.00344763
    5779.450  0.00338494
    5786.170  0.00332226
    5833.970  0.00325958
    5897.630  0.00319689
    5958.170  0.00316555
    6026.520  0.00310286
    6040.830  0.00307152
    6041.400  0.00304018
    6053.050  0.00300884
    6081.310  0.00297750
    6091.980  0.00294615
    6094.600  0.00291481
    6136.540  0.00288347
    6202.400  0.00285213
    6254.260  0.00282079
    6311.040  0.00278944
    6312.250  0.00275810
    6315.170  0.00272676
    6317.240  0.00269542
    6365.950  0.00266408
    6444.720  0.00263273
    6487.830  0.00260139
    6518.860  0.00257005
    6520.450  0.00253871
    6529.710  0.00250737
    6560.950  0.00247602
    6566.760  0.00244468
    6716.810  0.00241334
    6723.570  0.00238200
    6726.970  0.00235066
    6746.340  0.00231931
    6758.100  0.00228797
    6797.380  0.00225663
    6835.040  0.00222529
    6883.620  0.00219394
    6889.500  0.00216260
    6958.850  0.00213126
    6973.210  0.00209992
    7000.880  0.00206858
    7074.850  0.00203723
    7075.190  0.00200589
    7076.510  0.00197455
    7144.170  0.00194321
    7315.460  0.00191187
    7389.390  0.00188052
    7477.870  0.00184918
    7484.620  0.00181784
    7516.960  0.00178650
    7652.590  0.00175516
    7721.750  0.00172381
    7797.310  0.00169247
    7855.840  0.00166113
    7905.420  0.00162979
    7981.020  0.00159845
    8125.310  0.00156710
    8176.560  0.00153576
    8404.940  0.00150442
    8426.800  0.00147308
    8743.700  0.00144174
    8777.150  0.00141039
    8796.200  0.00137905
    8868.220  0.00134771
    8893.520  0.00131637
    9108.700  0.00128502
    9346.540  0.00125368
    9614.850  0.00122234
    9625.110  0.00119100
    9739.940  0.00115966
    9809.250  0.00112831
   10070.930  0.00109697
   10176.640  0.00106563
   10261.010  0.00103429
   10390.400  0.00100295
   10504.820  0.00097160
   10591.550  0.00094026
   11017.910  0.00090892
   11274.500  0.00087758
   11311.520  0.00084624
   11312.120  0.00081489
   11926.440  0.00078355
   11931.640  0.00075221
   12056.370  0.00072087
   12076.060  0.00068953
   12211.610  0.00065818
   12221.720  0.00062684
   12410.650  0.00059550
   12716.820  0.00056416
   12978.920  0.00053282
   13020.110  0.00050147
   13205.540  0.00047013
   13588.810  0.00043879
   13889.720  0.00040745
   13980.100  0.00037610
   14038.230  0.00034476
   14082.900  0.00031342
   14356.340  0.00028208
   14372.220  0.00025074
   14432.350  0.00021939
   14573.700  0.00018805
   16109.080  0.00015671
   16591.820  0.00012537
   17846.780  0.00009403
   18011.840  0.00006268
   22299.620  0.00003134
   23495.010  0.00000000
