# Fraction of RTTS longer than a given time for dctcp_pool_p16_w4 experiment
# Includes messages <= 315 bytes; measured at 2026-04-21 01:42:07.100829
# Averaged across 1 repeated sample(s)
# Data collected at 2026-04-21 01:42:07.100829 
#       usec        frac
      73.190  0.99924414
     109.440  0.99848828
     126.290  0.99773243
     167.350  0.99697657
     177.650  0.99622071
     200.250  0.99546485
     207.760  0.99470899
     227.440  0.99319728
     252.690  0.99168556
     272.400  0.99092971
     290.970  0.99017385
     335.980  0.98941799
     364.880  0.98866213
     392.990  0.98715042
     398.790  0.98563870
     441.020  0.98488284
     464.500  0.98412698
     478.980  0.98261527
     491.500  0.98185941
     497.460  0.98034769
     519.540  0.97883598
     528.140  0.97808012
     539.170  0.97732426
     544.680  0.97656841
     558.420  0.97581255
     595.930  0.97430083
     607.080  0.97278912
     628.070  0.97203326
     661.900  0.97052154
     697.480  0.96976568
     720.260  0.96900983
     744.810  0.96749811
     771.820  0.96598639
     785.870  0.96523054
     852.500  0.96371882
     863.210  0.96296296
     889.540  0.96069539
     906.390  0.95993953
     944.660  0.95918367
    1220.320  0.95767196
    1240.000  0.95691610
    1273.950  0.95616024
    1370.640  0.95540438
    1394.610  0.95389267
    1481.820  0.95238095
    1523.290  0.95162509
    1573.250  0.95086924
    1609.240  0.94935752
    1643.030  0.94860166
    1661.390  0.94784580
    1704.650  0.94708995
    1734.030  0.94633409
    2025.940  0.94482237
    2051.070  0.94406652
    2089.050  0.94331066
    2153.880  0.94255480
    2273.540  0.94179894
    2430.510  0.94104308
    2474.380  0.94028723
    2589.570  0.93877551
    2968.100  0.93801965
    3046.570  0.93726379
    3119.950  0.93650794
    3238.080  0.93499622
    3755.140  0.93348450
    4225.600  0.93272865
    4336.420  0.93121693
    4746.650  0.93046107
    4998.380  0.92970522
    5165.460  0.92743764
    5231.210  0.92517007
    5366.730  0.92365835
    5540.790  0.92290249
    5612.540  0.91987906
    5676.120  0.91761149
    5733.160  0.91534392
    5799.040  0.91156463
    5871.230  0.91080877
    5952.660  0.90854119
    6079.320  0.90627362
    6187.920  0.90476190
    6254.870  0.90173847
    6324.480  0.89871504
    6394.010  0.89720333
    6466.040  0.89191232
    6536.320  0.88813303
    6614.510  0.88284203
    6748.930  0.87906274
    6863.980  0.87679516
    6932.870  0.87452759
    7006.980  0.87226002
    7119.100  0.86772487
    7217.830  0.86167800
    7392.490  0.85638700
    7474.450  0.85411943
    7605.050  0.85185185
    7698.680  0.84958428
    7811.060  0.84807256
    7919.330  0.84656085
    8015.920  0.84429327
    8136.270  0.84278156
    8232.110  0.84126984
    8345.300  0.83749055
    8434.900  0.83522298
    8536.820  0.83144369
    8647.840  0.82917611
    8859.070  0.82539683
    9063.610  0.82237339
    9244.740  0.81859410
    9370.100  0.81708239
    9559.490  0.81481481
    9751.650  0.81330310
    9939.490  0.81103553
   10070.650  0.80801209
   10276.090  0.80725624
   10461.090  0.80650038
   10610.430  0.80423280
   10853.080  0.80196523
   10969.950  0.80045351
   11091.480  0.79894180
   11217.580  0.79818594
   11376.190  0.79743008
   11515.690  0.79591837
   11640.940  0.79213908
   11798.180  0.79062736
   11968.480  0.78835979
   12180.720  0.78760393
   12329.850  0.78080121
   12470.380  0.77702192
   12619.330  0.77248677
   12846.410  0.76946334
   12998.640  0.76492819
   13149.870  0.75812547
   13341.510  0.75585790
   13483.920  0.75359033
   13668.270  0.74905518
   13887.780  0.74678760
   14055.330  0.74300831
   14245.030  0.74149660
   14393.330  0.73922902
   14597.680  0.73696145
   14799.700  0.73544974
   14962.430  0.73242630
   15150.450  0.72713530
   15375.630  0.72486772
   15618.590  0.72184429
   15978.730  0.71806500
   16263.210  0.71579743
   16456.260  0.71277400
   16630.260  0.71050642
   16970.420  0.70899471
   17242.700  0.70370370
   17444.580  0.70219199
   17863.730  0.69992441
   18061.660  0.69690098
   18276.790  0.69538927
   18482.800  0.69085412
   18686.100  0.69009826
   18999.680  0.68631897
   19264.250  0.68329554
   19530.690  0.67800454
   19776.190  0.67573696
   19974.190  0.67195767
   20235.090  0.66969010
   20553.060  0.66742252
   20897.250  0.66591081
   21204.020  0.66137566
   21425.060  0.65910809
   21768.600  0.65457294
   22055.420  0.65079365
   22288.030  0.65003779
   22601.140  0.64701436
   22841.590  0.64323507
   23136.110  0.64096750
   23465.360  0.63945578
   23855.460  0.63794407
   24107.330  0.63567649
   24360.640  0.63265306
   24647.140  0.62811791
   25159.420  0.62660620
   25619.860  0.62207105
   25939.600  0.62055933
   26312.320  0.61526833
   26597.120  0.61073318
   26866.480  0.60695389
   27153.630  0.60544218
   27579.830  0.60090703
   27879.880  0.59939531
   28332.250  0.59863946
   28650.510  0.59410431
   29003.330  0.59108088
   29414.630  0.58956916
   29728.540  0.58805745
   30042.770  0.58578987
   30447.260  0.58276644
   30910.650  0.58125472
   31501.740  0.58049887
   31856.400  0.57747543
   32201.720  0.57445200
   32644.850  0.57294029
   33107.970  0.56840514
   33532.070  0.56311413
   33872.550  0.56009070
   34467.630  0.55857899
   34864.860  0.55479970
   35286.490  0.55253212
   35807.980  0.55102041
   36200.400  0.55026455
   36595.590  0.54875283
   36976.940  0.54648526
   37358.170  0.54119426
   37777.960  0.53817082
   38339.550  0.53514739
   38806.370  0.53287982
   39358.840  0.53212396
   39768.070  0.53061224
   40210.200  0.52910053
   40974.600  0.52532124
   41497.060  0.52380952
   41928.730  0.52078609
   42421.720  0.51700680
   42946.720  0.51549509
   43445.950  0.51171580
   43881.840  0.50869237
   44552.220  0.50642479
   45102.590  0.50491308
   45574.130  0.50037793
   46147.830  0.49659864
   46758.010  0.49508692
   47246.190  0.49055178
   47787.900  0.48752834
   48361.330  0.48374906
   48923.020  0.48223734
   49980.400  0.47921391
   50583.990  0.47694633
   51204.270  0.47543462
   51760.900  0.47014361
   52356.160  0.46938776
   53364.600  0.46712018
   53924.640  0.46334089
   54581.360  0.46182918
   55752.100  0.45804989
   56468.750  0.45578231
   57741.370  0.45351474
   58377.900  0.45124717
   58973.170  0.44671202
   60164.190  0.44293273
   61330.750  0.43839758
   62005.130  0.43613001
   62633.220  0.43159486
   63262.670  0.42705971
   63939.090  0.42554800
   64661.680  0.42176871
   65349.630  0.41950113
   66183.730  0.41647770
   67337.720  0.41345427
   68288.460  0.41194255
   69013.020  0.40816327
   70064.720  0.40513983
   70842.030  0.40136054
   71560.110  0.39833711
   72472.040  0.39682540
   73388.780  0.39531368
   74237.650  0.39229025
   75122.200  0.39077853
   75900.050  0.38775510
   76835.570  0.38473167
   77614.580  0.38170824
   78404.560  0.38019652
   79372.670  0.37792895
   80500.940  0.37490552
   81571.160  0.37112623
   82865.930  0.36734694
   83414.940  0.36356765
   84719.110  0.36130008
   85546.070  0.35752079
   86916.850  0.35525321
   87826.230  0.35298564
   88783.310  0.35071807
   90362.050  0.34693878
   91755.510  0.34542706
   93421.960  0.34240363
   94519.270  0.33938020
   95436.030  0.33560091
   96505.870  0.33182162
   97555.860  0.32804233
   98625.320  0.32728647
  100570.520  0.32501890
  101996.330  0.32350718
  103412.330  0.31972789
  104580.580  0.31670446
  106420.770  0.31443689
  107695.980  0.31065760
  109283.960  0.30914588
  110709.790  0.30612245
  112276.550  0.30234316
  114404.040  0.29931973
  114954.340  0.29629630
  117755.160  0.29327286
  119196.560  0.29176115
  120579.960  0.28873772
  122084.940  0.28798186
  123466.120  0.28647014
  124640.640  0.28344671
  126707.190  0.28117914
  128073.580  0.27815571
  129272.510  0.27513228
  130629.860  0.27286470
  132755.580  0.26984127
  137122.110  0.26908541
  140907.850  0.26606198
  143293.140  0.26379441
  146107.690  0.26228269
  147646.560  0.26077098
  148684.510  0.25774754
  150211.550  0.25547997
  153530.630  0.25321240
  154929.480  0.25018896
  156518.620  0.24792139
  157802.900  0.24489796
  159771.420  0.24263039
  161975.630  0.24036281
  165726.900  0.23960695
  166776.860  0.23658352
  169990.240  0.23582766
  172329.100  0.23507181
  174823.390  0.23356009
  178276.480  0.23204837
  180288.510  0.23053666
  187075.210  0.22902494
  190240.200  0.22675737
  192208.210  0.22600151
  193446.100  0.22373394
  197888.220  0.22222222
  200429.400  0.21995465
  204691.220  0.21919879
  207317.760  0.21844293
  209802.650  0.21768707
  220768.720  0.21693122
  224873.410  0.21541950
  227175.020  0.21466364
  229947.430  0.21390779
  233186.500  0.21315193
  236150.530  0.21088435
  239205.010  0.20861678
  243939.570  0.20786092
  246428.500  0.20559335
  255441.800  0.20408163
  259980.560  0.20256992
  264104.650  0.20181406
  266463.950  0.19954649
  269799.100  0.19803477
  274497.560  0.19727891
  278121.170  0.19652305
  282435.790  0.19501134
  286830.710  0.19274376
  290414.410  0.19198791
  294084.440  0.19123205
  298086.040  0.18972033
  302043.760  0.18896447
  306181.570  0.18820862
  310341.860  0.18745276
  315351.850  0.18594104
  327874.780  0.18367347
  331545.230  0.18140590
  335064.540  0.17989418
  341696.620  0.17913832
  357580.670  0.17762661
  361477.580  0.17611489
  365526.280  0.17384732
  374244.280  0.17157974
  378092.910  0.16931217
  385460.410  0.16704460
  388547.310  0.16477702
  394542.700  0.16250945
  399398.530  0.16024187
  406620.450  0.15873016
  410944.000  0.15721844
  424420.160  0.15570673
  430344.780  0.15495087
  443361.870  0.15268330
  450778.360  0.15041572
  452223.570  0.14890401
  456226.690  0.14739229
  467575.430  0.14663643
  469058.680  0.14512472
  473465.710  0.14361300
  483231.080  0.14285714
  487821.470  0.14134543
  491058.220  0.13983371
  495644.660  0.13832200
  504659.570  0.13756614
  511428.270  0.13681028
  519216.150  0.13529856
  524788.230  0.13378685
  526449.010  0.13227513
  530373.100  0.13076342
  535893.470  0.13000756
  542256.900  0.12849584
  547781.070  0.12698413
  548751.710  0.12547241
  551241.090  0.12396070
  553008.040  0.12244898
  555231.950  0.12093726
  560646.070  0.11942555
  564454.940  0.11791383
  577318.910  0.11640212
  582145.850  0.11489040
  584721.180  0.11337868
  590336.970  0.11186697
  596388.490  0.11111111
  606023.800  0.10959940
  609312.150  0.10808768
  610712.950  0.10657596
  620196.640  0.10582011
  631885.190  0.10430839
  638704.590  0.10279667
  645549.750  0.10204082
  652347.320  0.10052910
  680889.400  0.09977324
  695699.210  0.09826153
  706624.440  0.09674981
  712709.030  0.09523810
  722632.420  0.09372638
  752199.810  0.09221466
  769987.700  0.09145881
  778740.650  0.08994709
  806050.500  0.08843537
  815905.510  0.08692366
  832252.240  0.08541194
  861107.840  0.08390023
  877635.710  0.08314437
  892412.980  0.08238851
  902083.830  0.08087680
  924857.090  0.08012094
  947295.260  0.07860922
  960542.360  0.07709751
  972830.570  0.07634165
  983702.930  0.07558579
  985593.210  0.07482993
 1046591.210  0.07407407
 1058828.190  0.07331822
 1073388.150  0.07256236
 1086520.400  0.07180650
 1091353.680  0.07105064
 1098714.010  0.07029478
 1113312.150  0.06953893
 1117948.120  0.06878307
 1124770.770  0.06802721
 1150939.670  0.06727135
 1158758.700  0.06651550
 1171427.640  0.06575964
 1173663.940  0.06500378
 1178837.190  0.06424792
 1180960.050  0.06349206
 1188314.010  0.06273621
 1210131.770  0.06198035
 1286340.850  0.06122449
 1292166.860  0.06046863
 1298780.830  0.05971277
 1315412.680  0.05895692
 1329930.500  0.05820106
 1423311.700  0.05744520
 1455762.810  0.05668934
 1458706.130  0.05593348
 1491580.120  0.05517763
 1509135.380  0.05442177
 1543260.010  0.05366591
 1565319.910  0.05291005
 1566861.220  0.05215420
 1576730.730  0.05139834
 1589311.200  0.05064248
 1594268.080  0.04988662
 1606624.670  0.04913076
 1624662.820  0.04837491
 1670578.240  0.04761905
 1679217.770  0.04686319
 1755997.780  0.04610733
 1819102.110  0.04535147
 1821254.350  0.04459562
 1831897.500  0.04383976
 1846784.970  0.04308390
 1872970.210  0.04232804
 1925142.840  0.04157218
 1960763.420  0.04081633
 2034933.290  0.04006047
 2096942.330  0.03930461
 2103707.640  0.03854875
 2111021.740  0.03779289
 2133476.000  0.03703704
 2235178.190  0.03628118
 2294903.110  0.03552532
 2316280.460  0.03476946
 2353200.730  0.03401361
 2465195.670  0.03325775
 2496919.280  0.03250189
 2578175.230  0.03174603
 2581960.660  0.03099017
 2612540.140  0.03023432
 2728510.320  0.02947846
 2750606.880  0.02872260
 2835210.620  0.02796674
 2849664.400  0.02721088
 2905005.820  0.02645503
 2989768.140  0.02569917
 2996422.430  0.02494331
 3005153.980  0.02418745
 3019524.270  0.02343159
 3078856.360  0.02267574
 3088843.890  0.02191988
 3090925.470  0.02116402
 3130649.060  0.02040816
 3152639.100  0.01965231
 3164143.320  0.01889645
 3444524.800  0.01814059
 3585185.590  0.01738473
 3605942.910  0.01662887
 3818786.800  0.01587302
 3828810.740  0.01511716
 3864812.760  0.01436130
 3883347.950  0.01360544
 3888099.240  0.01284958
 3893717.580  0.01209373
 3990023.550  0.01133787
 4119606.200  0.01058201
 4430084.230  0.00982615
 4476461.140  0.00907029
 4492219.980  0.00831444
 4499356.810  0.00755858
 4508937.870  0.00680272
 4554393.980  0.00604686
 4621560.210  0.00529101
 4743139.180  0.00453515
 5685676.750  0.00377929
 6437601.410  0.00302343
 6511955.440  0.00226757
 6918636.750  0.00151172
 7373111.240  0.00075586
 8693615.400  0.00000000
