# Fraction of RTTS longer than a given time for dctcp_static_w4 experiment
# Includes messages <= 315 bytes; measured at 2026-04-21 05:09:27.266183
# Averaged across 1 repeated sample(s)
# Data collected at 2026-04-21 05:09:27.266183 
#       usec        frac
      29.020  0.99996116
      30.410  0.99992232
      30.960  0.99984464
      31.310  0.99976696
      31.730  0.99968928
      32.110  0.99945625
      32.450  0.99910669
      32.820  0.99864062
      33.180  0.99821338
      33.520  0.99743659
      33.870  0.99654329
      34.220  0.99549462
      34.580  0.99448479
      34.940  0.99335845
      35.290  0.99180487
      35.650  0.98931914
      36.020  0.98691110
      36.400  0.98473609
      36.780  0.98186196
      37.150  0.97883249
      37.530  0.97584185
      37.920  0.97261817
      38.300  0.96916146
      38.690  0.96496679
      39.080  0.96088865
      39.480  0.95770381
      39.890  0.95308191
      40.290  0.94985824
      40.700  0.94593545
      41.110  0.94259525
      41.530  0.93875015
      41.950  0.93537111
      42.370  0.93152600
      42.800  0.92795277
      43.230  0.92453490
      43.670  0.92127238
      44.110  0.91812638
      44.560  0.91525226
      45.010  0.91191207
      45.490  0.90872723
      45.950  0.90422185
      46.410  0.89987183
      46.880  0.89528877
      47.350  0.89097759
      47.830  0.88565658
      48.310  0.88025789
      48.810  0.87396590
      49.300  0.86829534
      49.800  0.86087700
      50.300  0.85431312
      50.810  0.84654523
      51.320  0.83904921
      51.840  0.83178623
      52.360  0.82436789
      52.890  0.81726026
      53.420  0.81108479
      53.960  0.80421020
      54.500  0.79663650
      55.050  0.78917932
      55.610  0.78199402
      56.170  0.77449800
      56.740  0.76855556
      57.310  0.76203053
      57.890  0.75651532
      58.470  0.75119431
      59.060  0.74571795
      59.660  0.74125141
      60.260  0.73659067
      60.870  0.73123082
      61.480  0.72676428
      62.100  0.72256962
      62.730  0.71767585
      63.360  0.71320931
      64.000  0.70831553
      64.640  0.70346060
      65.300  0.69922709
      65.980  0.69514895
      66.640  0.69029401
      67.310  0.68489533
      67.990  0.68073950
      68.680  0.67584573
      69.370  0.67095196
      70.070  0.66702917
      70.780  0.66345594
      71.500  0.65941663
      72.230  0.65572688
      72.970  0.65199829
      73.700  0.64846390
      74.440  0.64454111
      75.190  0.64046297
      75.980  0.63634598
      76.770  0.63285043
      77.550  0.62888880
      78.330  0.62535441
      79.130  0.62147046
      79.930  0.61719812
      80.730  0.61358605
      81.540  0.61001282
      82.380  0.60542976
      83.210  0.60174001
      84.050  0.59816678
      84.920  0.59474890
      85.770  0.59148639
      86.640  0.58795199
      87.520  0.58414573
      88.400  0.58103857
      89.290  0.57738766
      90.200  0.57451354
      91.120  0.57148406
      92.040  0.56740591
      92.970  0.56387152
      93.900  0.56002641
      94.840  0.55688041
      95.790  0.55322950
      96.760  0.54996699
      97.740  0.54693751
      98.720  0.54445178
      99.710  0.54181070
     100.710  0.53897541
     101.720  0.53645085
     102.740  0.53369325
     103.770  0.53027537
     104.840  0.52763429
     105.890  0.52460481
     107.010  0.52208024
     108.110  0.51897308
     109.230  0.51590477
     110.330  0.51314716
     111.450  0.51038956
     112.570  0.50724356
     113.720  0.50440828
     114.860  0.50141764
     116.020  0.49881540
     117.210  0.49652387
     118.410  0.49438770
     119.600  0.49229036
     120.810  0.48972696
     122.020  0.48654212
     123.250  0.48382336
     124.500  0.48118227
     125.750  0.47842467
     127.010  0.47570591
     128.300  0.47217152
     129.670  0.46995766
     131.050  0.46747194
     132.370  0.46506389
     133.730  0.46238397
     135.070  0.46013128
     136.430  0.45772323
     137.810  0.45523750
     139.190  0.45290713
     140.590  0.45026605
     142.000  0.44766381
     143.510  0.44482852
     144.950  0.44207092
     146.430  0.43954635
     147.920  0.43686643
     149.440  0.43469142
     150.970  0.43185614
     152.490  0.42929273
     154.030  0.42649629
     155.640  0.42377753
     157.230  0.42086457
     158.810  0.41787393
     160.410  0.41542704
     162.020  0.41356275
     163.650  0.41107702
     165.290  0.40831942
     166.950  0.40560065
     168.620  0.40350332
     170.310  0.40132831
     172.050  0.39864839
     173.790  0.39565775
     175.550  0.39293898
     177.310  0.39099701
     179.120  0.38827825
     180.920  0.38575368
     182.760  0.38357867
     184.590  0.38093758
     186.510  0.37868490
     188.410  0.37627685
     190.300  0.37363576
     192.240  0.37115004
     194.170  0.36819824
     196.160  0.36512992
     198.140  0.36217812
     200.130  0.35996427
     202.260  0.35747854
     204.370  0.35452674
     206.450  0.35227405
     208.550  0.34947761
     210.660  0.34675885
     212.870  0.34446732
     215.010  0.34128248
     217.180  0.33868023
     219.370  0.33603915
     221.610  0.33343691
     223.850  0.33091234
     226.160  0.32819358
     228.440  0.32574669
     230.730  0.32310560
     233.130  0.32100827
     235.510  0.31813415
     237.870  0.31545423
     240.260  0.31312386
     242.680  0.31071581
     245.130  0.30857964
     247.600  0.30652115
     250.080  0.30430730
     252.590  0.30158853
     255.140  0.29910281
     257.760  0.29669476
     260.340  0.29432555
     262.950  0.29187867
     265.610  0.28935410
     268.280  0.28690721
     271.020  0.28430497
     273.780  0.28178040
     276.530  0.27960539
     279.300  0.27735270
     282.150  0.27506117
     285.030  0.27284732
     287.740  0.27008972
     290.640  0.26737096
     293.590  0.26504059
     296.600  0.26278790
     299.600  0.26080708
     302.270  0.25816600
     305.310  0.25661242
     308.370  0.25467045
     311.460  0.25276731
     314.320  0.25020391
     317.480  0.24787354
     320.320  0.24538781
     323.340  0.24290209
     326.580  0.24064940
     329.840  0.23824135
     332.880  0.23583330
     335.580  0.23346409
     338.140  0.23109488
     340.940  0.22876452
     343.910  0.22647299
     347.380  0.22449217
     350.670  0.22223948
     353.990  0.21998679
     357.310  0.21777294
     360.890  0.21559793
     364.520  0.21377248
     367.710  0.21159747
     370.160  0.20946130
     373.280  0.20736396
     376.340  0.20526663
     379.310  0.20320814
     382.500  0.20114965
     385.250  0.19913000
     388.730  0.19711034
     392.510  0.19512953
     396.300  0.19314872
     400.360  0.19128442
     403.880  0.18934245
     407.480  0.18743931
     410.950  0.18553618
     414.070  0.18367188
     417.370  0.18180759
     420.230  0.17998213
     424.150  0.17815668
     427.160  0.17637006
     429.790  0.17458345
     432.870  0.17283567
     436.530  0.17108789
     440.290  0.16934012
     443.470  0.16763118
     447.540  0.16592224
     451.080  0.16425215
     453.990  0.16258205
     457.560  0.16095079
     460.580  0.15931953
     465.310  0.15784363
     468.150  0.15625121
     471.460  0.15465880
     474.460  0.15310522
     478.140  0.15155164
     481.760  0.14999806
     485.370  0.14848332
     488.790  0.14696858
     492.640  0.14549268
     495.840  0.14401678
     498.970  0.14254088
     503.480  0.14110382
     506.970  0.13966676
     509.990  0.13826854
     514.010  0.13687031
     517.370  0.13547209
     519.910  0.13411271
     523.590  0.13275333
     527.130  0.13139395
     530.420  0.13007341
     534.120  0.12875286
     537.680  0.12743232
     541.730  0.12615062
     544.420  0.12486892
     547.940  0.12358721
     550.670  0.12234435
     554.260  0.12110149
     557.240  0.11985862
     560.830  0.11865460
     564.130  0.11745058
     568.090  0.11624655
     572.380  0.11508137
     574.980  0.11391618
     578.230  0.11275100
     581.060  0.11158582
     584.750  0.11045947
     588.850  0.10933313
     592.960  0.10820678
     595.650  0.10711928
     599.790  0.10603177
     604.040  0.10494427
     608.800  0.10385676
     612.900  0.10280809
     616.550  0.10175943
     619.810  0.10071076
     623.390  0.09970094
     627.240  0.09869111
     631.980  0.09768128
     636.980  0.09667146
     641.260  0.09570047
     645.160  0.09472948
     647.840  0.09375850
     651.930  0.09278751
     656.090  0.09185536
     658.370  0.09092321
     664.660  0.08999107
     667.270  0.08905892
     670.870  0.08816561
     673.840  0.08727230
     677.750  0.08637900
     681.210  0.08548569
     684.740  0.08459238
     688.680  0.08373791
     692.030  0.08288344
     696.820  0.08202897
     700.470  0.08117451
     703.610  0.08035888
     706.500  0.07954325
     709.350  0.07872762
     713.650  0.07791199
     716.910  0.07709636
     721.330  0.07631957
     725.250  0.07554278
     729.570  0.07476599
     732.940  0.07398920
     738.850  0.07321241
     742.070  0.07247446
     746.540  0.07173651
     752.150  0.07099856
     755.910  0.07026061
     760.840  0.06952266
     763.180  0.06882355
     768.910  0.06812444
     772.200  0.06742533
     775.760  0.06672622
     780.140  0.06602711
     785.420  0.06532800
     788.560  0.06466773
     792.880  0.06400746
     795.720  0.06334719
     799.840  0.06268691
     803.630  0.06202664
     808.520  0.06140521
     812.250  0.06078378
     815.030  0.06016235
     821.560  0.05954092
     826.380  0.05891949
     831.070  0.05829805
     835.220  0.05767662
     838.560  0.05709403
     842.110  0.05651144
     845.070  0.05592885
     848.680  0.05534625
     850.830  0.05476366
     856.350  0.05418107
     861.020  0.05363732
     865.440  0.05309356
     868.350  0.05254981
     873.090  0.05200606
     877.410  0.05146231
     881.140  0.05091855
     886.160  0.05037480
     893.010  0.04986989
     898.590  0.04936497
     904.900  0.04886006
     909.180  0.04835515
     911.220  0.04785023
     913.900  0.04734532
     918.450  0.04684041
     924.270  0.04633550
     927.150  0.04586942
     934.970  0.04540335
     937.840  0.04493727
     941.460  0.04447120
     948.040  0.04400513
     952.410  0.04353905
     956.450  0.04307298
     962.090  0.04260691
     966.340  0.04217967
     971.220  0.04175244
     976.630  0.04132520
     982.550  0.04089797
     984.420  0.04047073
     987.070  0.04004350
     991.060  0.03961627
     994.280  0.03918903
     999.210  0.03876180
    1002.340  0.03837340
    1007.060  0.03798501
    1010.830  0.03759661
    1018.360  0.03720822
    1025.230  0.03681982
    1028.150  0.03643143
    1032.840  0.03604303
    1035.570  0.03565464
    1040.010  0.03526624
    1044.090  0.03487785
    1048.870  0.03452829
    1052.440  0.03417874
    1055.430  0.03382918
    1058.130  0.03347963
    1062.140  0.03313007
    1064.960  0.03278052
    1067.720  0.03243096
    1072.290  0.03208141
    1078.090  0.03173185
    1086.310  0.03138230
    1093.250  0.03103274
    1097.130  0.03072203
    1101.780  0.03041131
    1106.350  0.03010059
    1112.690  0.02978988
    1115.410  0.02947916
    1121.390  0.02916845
    1126.810  0.02885773
    1132.400  0.02854702
    1138.800  0.02823630
    1142.190  0.02792558
    1146.110  0.02761487
    1149.520  0.02730415
    1152.250  0.02699344
    1155.510  0.02672156
    1158.020  0.02644968
    1162.770  0.02617781
    1167.220  0.02590593
    1171.810  0.02563405
    1178.760  0.02536218
    1182.720  0.02509030
    1186.310  0.02481843
    1190.260  0.02454655
    1195.760  0.02427467
    1201.140  0.02400280
    1205.800  0.02373092
    1214.740  0.02345904
    1221.350  0.02318717
    1224.740  0.02295413
    1230.920  0.02272109
    1236.670  0.02248806
    1239.170  0.02225502
    1243.290  0.02202198
    1247.160  0.02178895
    1249.540  0.02155591
    1255.580  0.02132287
    1262.100  0.02108984
    1267.560  0.02085680
    1276.760  0.02062376
    1288.150  0.02039073
    1293.320  0.02015769
    1297.180  0.01992465
    1305.100  0.01969161
    1310.990  0.01945858
    1316.740  0.01922554
    1317.830  0.01903134
    1325.030  0.01883715
    1332.890  0.01864295
    1335.820  0.01844875
    1336.830  0.01825455
    1341.620  0.01806036
    1347.410  0.01786616
    1352.570  0.01767196
    1359.820  0.01747776
    1362.340  0.01728357
    1371.380  0.01708937
    1377.150  0.01689517
    1381.340  0.01670097
    1385.200  0.01650678
    1390.760  0.01631258
    1396.200  0.01611838
    1400.230  0.01592419
    1405.490  0.01572999
    1409.210  0.01553579
    1412.870  0.01534159
    1423.670  0.01518624
    1428.650  0.01503088
    1429.290  0.01487552
    1433.520  0.01472016
    1436.200  0.01456480
    1441.400  0.01440945
    1445.050  0.01425409
    1450.280  0.01409873
    1455.240  0.01394337
    1463.230  0.01378801
    1473.120  0.01363266
    1479.770  0.01347730
    1497.960  0.01332194
    1508.850  0.01316658
    1513.000  0.01301122
    1521.300  0.01285587
    1524.190  0.01270051
    1528.580  0.01254515
    1531.440  0.01238979
    1545.420  0.01223444
    1562.640  0.01207908
    1567.580  0.01192372
    1574.360  0.01176836
    1579.020  0.01161300
    1582.970  0.01149649
    1584.320  0.01137997
    1587.590  0.01126345
    1589.420  0.01114693
    1598.730  0.01103041
    1602.200  0.01091389
    1605.330  0.01079737
    1608.410  0.01068086
    1609.740  0.01056434
    1614.810  0.01044782
    1619.260  0.01033130
    1626.280  0.01021478
    1633.270  0.01009826
    1634.780  0.00998175
    1638.340  0.00986523
    1641.020  0.00974871
    1647.480  0.00963219
    1653.150  0.00951567
    1661.520  0.00939915
    1667.430  0.00928263
    1680.220  0.00916612
    1692.000  0.00904960
    1699.660  0.00893308
    1715.260  0.00881656
    1738.210  0.00873888
    1743.640  0.00862236
    1745.880  0.00850585
    1758.450  0.00838933
    1770.070  0.00827281
    1772.170  0.00815629
    1774.150  0.00803977
    1785.830  0.00792325
    1791.630  0.00780673
    1804.790  0.00769022
    1816.430  0.00761254
    1819.720  0.00753486
    1826.370  0.00745718
    1828.030  0.00737950
    1844.370  0.00730182
    1850.620  0.00722414
    1853.850  0.00714646
    1859.030  0.00706878
    1862.320  0.00699111
    1868.600  0.00691343
    1885.300  0.00683575
    1899.910  0.00675807
    1907.440  0.00668039
    1911.900  0.00660271
    1916.300  0.00652503
    1920.810  0.00644735
    1924.470  0.00636967
    1934.720  0.00629200
    1940.940  0.00621432
    1942.440  0.00613664
    1950.590  0.00605896
    1969.620  0.00598128
    1976.530  0.00590360
    1979.400  0.00582592
    1979.950  0.00574824
    1986.950  0.00567056
    1997.220  0.00559288
    2003.060  0.00551521
    2026.060  0.00543753
    2032.170  0.00535985
    2046.850  0.00528217
    2048.570  0.00520449
    2053.710  0.00512681
    2075.300  0.00504913
    2079.840  0.00497145
    2085.390  0.00489377
    2125.060  0.00481610
    2128.300  0.00473842
    2132.740  0.00466074
    2143.130  0.00458306
    2152.210  0.00450538
    2164.750  0.00442770
    2188.320  0.00438886
    2204.920  0.00431118
    2215.550  0.00423350
    2221.810  0.00415582
    2228.520  0.00407815
    2235.080  0.00400047
    2239.620  0.00392279
    2264.580  0.00384511
    2296.570  0.00380627
    2296.880  0.00376743
    2311.600  0.00372859
    2324.210  0.00368975
    2324.320  0.00365091
    2334.060  0.00361207
    2336.940  0.00357323
    2338.700  0.00353439
    2339.270  0.00349555
    2345.590  0.00345671
    2349.380  0.00341787
    2368.790  0.00337903
    2378.800  0.00334019
    2379.030  0.00330136
    2383.530  0.00326252
    2387.010  0.00322368
    2390.040  0.00318484
    2390.330  0.00314600
    2413.900  0.00310716
    2434.760  0.00306832
    2440.570  0.00302948
    2458.660  0.00299064
    2485.940  0.00295180
    2487.850  0.00291296
    2489.220  0.00287412
    2501.100  0.00283528
    2524.360  0.00279644
    2533.960  0.00275760
    2541.900  0.00271876
    2564.490  0.00267992
    2578.060  0.00264108
    2616.470  0.00260224
    2626.970  0.00256341
    2627.720  0.00252457
    2630.230  0.00248573
    2632.530  0.00244689
    2661.670  0.00240805
    2669.700  0.00236921
    2678.580  0.00233037
    2691.220  0.00229153
    2709.990  0.00225269
    2744.150  0.00221385
    2757.830  0.00217501
    2770.950  0.00213617
    2787.180  0.00209733
    2787.410  0.00205849
    2821.390  0.00201965
    2855.690  0.00198081
    2872.200  0.00194197
    2875.500  0.00190313
    2907.700  0.00186429
    2908.330  0.00182546
    2917.230  0.00178662
    2919.470  0.00174778
    2922.160  0.00170894
    2948.570  0.00167010
    2958.920  0.00163126
    2983.920  0.00159242
    3036.370  0.00155358
    3039.260  0.00151474
    3041.330  0.00147590
    3065.470  0.00143706
    3083.000  0.00139822
    3140.960  0.00135938
    3162.140  0.00132054
    3168.010  0.00128170
    3179.260  0.00124286
    3238.550  0.00120402
    3344.900  0.00116518
    3423.410  0.00112634
    3429.940  0.00108751
    3490.610  0.00104867
    3510.550  0.00100983
    3525.940  0.00097099
    3558.130  0.00093215
    3561.000  0.00089331
    3674.220  0.00085447
    4072.710  0.00081563
    4208.300  0.00077679
    4266.400  0.00073795
    4381.630  0.00069911
    4566.880  0.00066027
    4648.450  0.00062143
    4802.140  0.00058259
    4958.410  0.00054375
    5096.870  0.00050491
    5865.360  0.00046607
    6376.150  0.00042723
    6426.330  0.00038839
    6738.420  0.00034956
    6741.850  0.00031072
    9801.760  0.00027188
   53327.870  0.00023304
   61245.860  0.00019420
   88156.880  0.00015536
  114551.470  0.00011652
  139577.650  0.00007768
  196925.080  0.00003884
  201107.560  0.00000000
