# Digested data for dctcp_static_w4 experiment, run at 2026-04-21 05:09:27.266183
# Averaged across 1 repeated sample(s)
# length  cum_frac  samples     p50      p99     p999   s50    s99    s999
      60  0.002308      574   118.7   1804.8   3238.6   6.9  105.0   188.4
      92  0.007461     1282   120.6   1573.8   2948.6   7.4   96.9   179.1
     119  0.009728      564   111.0   1528.3   3423.4   6.9   95.7   214.4
     154  0.012201      615   118.9   1562.6   3490.6   7.6   99.5   222.2
     199  0.014629      604   115.1   1648.3   4802.1   7.4  105.7   307.8
     222  0.017925      820   123.2   1523.9  61245.9   8.0   98.5  3959.0
     227  0.020655      679   115.0   1574.9   6426.3   7.5  102.3   417.3
     232  0.023252      646   112.8   1765.2  88156.9   7.4  115.7  5777.0
     237  0.025720      614   115.3   1574.4   3525.9   7.6  103.6   232.0
     243  0.028305      643   103.0   1434.2   4648.4   6.8   95.0   308.0
     248  0.030806      622   116.6   2078.1   2669.7   7.8  138.7   178.2
     254  0.033406      647   114.4   1816.4   2983.9   7.6  121.3   199.2
     259  0.035883      616   114.0   1615.3   3674.2   7.6  108.0   245.8
     265  0.038460      641   117.3   1745.9   6741.9   7.9  116.9   451.6
     271  0.041028      639   114.1   1531.5   3162.1   7.7  103.0   212.7
     279  0.044446      850   108.5   1680.2 139577.6   7.3  112.8  9367.6
     288  0.047682      805   114.3   1790.6   6738.4   7.7  119.9   451.3
     297  0.051111      853   108.6   1639.9 114551.5   7.3  109.8  7672.6
     303  0.061000     2460   118.3   1600.8   2958.9   7.9  107.0   197.8
     305  0.069458     2104   108.8   1608.4   3179.3   7.3  107.9   213.4
     308  0.077635     2034   119.6   1769.7   4072.7   8.0  119.0   273.9
     310  0.086234     2139   125.2   1583.0   3065.5   8.4  106.2   205.7
     313  0.094744     2117   112.6   1529.0   2710.0   7.6  102.8   182.2
     315  0.103504     2179   120.0   1828.4   2908.3   8.1  123.3   196.1
     318  0.112087     2135   122.6   1872.8   3429.6   8.3  126.0   230.8
     321  0.120561     2108   121.5   1689.5   3446.7   8.2  113.7   231.9
     323  0.129091     2122   120.4   1740.8   2744.0   8.1  117.2   184.8
     326  0.137361     2057   115.4   1831.9   3808.4   7.8  123.0   255.8
     331  0.144086     1673   131.0   1872.2   6052.1   8.8  125.6   405.9
     335  0.150506     1597   127.0   1772.5   5196.7   8.5  119.1   349.2
     340  0.156922     1596   121.1   1605.8   4046.4   8.1  107.8   271.8
     345  0.163696     1685   109.7   1509.8   2831.4   7.3  101.1   189.5
     350  0.170405     1669   115.7   1800.4   4506.3   7.7  120.3   301.2
     355  0.176741     1576   116.9   1962.6   3750.2   7.8  131.0   250.4
     360  0.183056     1571   120.6   1465.4   2749.5   8.1   98.2   184.2
     365  0.189605     1629   123.0   1646.2   2866.7   8.2  110.3   192.0
     371  0.195924     1572   122.8   1780.4   3600.9   8.2  119.1   240.9
     376  0.202493     1634   119.6   1611.3   2214.8   8.0  107.6   147.9
     385  0.206754     1060   129.7   1616.1   3741.8   8.7  108.3   250.8
     395  0.210815     1010   119.9   1849.3   3533.2   8.1  124.4   237.6
     405  0.215024     1047   113.3   1905.0   3026.9   7.6  128.1   203.6
     415  0.219028      996   117.7   1659.0   3431.4   7.9  111.6   230.9
     425  0.223144     1024   119.6   1654.8   3127.3   8.0  111.2   210.2
     430  0.227281     1029   122.2   1550.8   3612.7   8.2  103.9   242.0
     435  0.231518     1054   122.7   1632.9   3158.9   8.2  109.4   211.6
     441  0.235365      957   115.8   1799.1   2785.2   7.8  120.7   186.8
     446  0.239538     1038   115.6   1571.6   2137.7   7.7  105.1   142.9
     452  0.243747     1047   115.8   1784.3   2975.3   7.7  118.7   198.0
     457  0.247650      971   122.0   1367.5   2475.5   8.1   91.0   164.8
     463  0.251715     1011   115.1   1778.2   3447.5   7.6  118.0   228.8
     468  0.255759     1006   111.3   1718.6   2478.8   7.4  114.8   165.6
     474  0.259747      992   120.3   1455.1   6061.2   8.1   97.7   406.8
     480  0.263899     1033   120.4   1536.0   2642.2   8.1  103.2   177.6
     491  0.283465     4867   118.7   1791.0  10968.3   8.0  120.1   735.6
     502  0.302898     4834   110.6   1568.6   3931.7   7.4  105.2   263.7
     513  0.322777     4945   115.6   1646.0   3231.2   7.7  110.2   216.4
     525  0.341759     4722   119.0   1807.1   5466.0   7.9  120.7   365.1
     537  0.361614     4939   123.9   1740.6   5363.8   8.3  116.2   358.1
     549  0.380545     4709   114.7   1593.4   2949.4   7.6  106.1   196.4
     561  0.400424     4945   114.9   1758.5   3661.1   7.6  116.7   242.9
     574  0.419840     4830   113.0   1649.2   2573.6   7.5  109.2   170.4
     587  0.439064     4782   117.6   1811.0   4336.9   7.7  119.3   285.7
     600  0.458766     4901   112.7   1594.5   3301.8   7.5  105.9   219.2
     607  0.464728     1483   118.5   1584.9   2960.0   7.8  104.3   194.9
     615  0.470654     1474   114.3   1628.2   5118.5   7.5  107.3   337.4
     623  0.476238     1389   114.8   1779.5   3900.6   7.5  117.0   256.4
     630  0.481697     1358   115.0   1744.9   2611.1   7.6  115.1   172.2
     638  0.487590     1466   115.2   1826.3   4903.6   7.6  120.2   322.8
     646  0.493721     1525   129.0   1776.2   2786.5   8.5  116.8   183.2
     654  0.499522     1443   119.6   1706.5  68255.9   7.9  112.1  4484.6
     662  0.505415     1466   120.6   1396.6   3989.1   7.9   91.9   262.4
     671  0.511144     1425   109.3   1522.2   3294.0   7.2  100.0   216.4
     679  0.517025     1463   122.2   1784.6  20796.5   8.0  116.9  1361.9
     685  0.520695      913   113.7   1729.8  20695.7   7.4  112.8  1350.0
     690  0.524193      870   118.4   1975.5 107944.6   7.7  128.9  7041.4
     696  0.527477      817   115.3   1711.2   3590.7   7.5  111.5   233.9
     702  0.530982      872   112.3   1649.9   3967.4   7.3  107.4   258.3
     707  0.534665      916   121.3   1433.7   2532.9   7.9   93.5   165.2
     713  0.538271      897   110.3   1597.7   2904.1   7.2  104.0   189.1
     719  0.541812      881   107.1   1774.4   2787.4   7.0  115.4   181.2
     725  0.545338      877   110.4   1479.4   3472.9   7.2   96.4   226.2
     731  0.548976      905   130.1   1901.7   4191.2   8.4  123.4   272.0
     737  0.552695      925   105.5   1569.9   5451.4   6.8  101.8   353.5
     749  0.557515     1199   115.3   1481.2   4252.3   7.5   95.9   275.2
     762  0.562258     1180   108.0   1698.3   5738.7   7.0  109.9   371.2
     774  0.567135     1213   109.5   1764.1   2425.5   7.1  114.2   157.0
     787  0.572011     1213   121.9   1389.5   2364.1   7.9   90.1   153.3
     800  0.576919     1221   117.3   1661.9   3549.0   7.6  107.6   229.7
     816  0.580031      774   109.4   1669.4   2754.8   7.1  108.2   178.5
     833  0.582865      705   121.0   1685.6   2622.4   7.8  109.0   169.5
     850  0.585920      760   113.4   1673.6   2896.1   7.3  107.8   186.6
     867  0.589112      794   136.2   1503.6   2292.3   8.7   96.4   147.0
     885  0.592139      753   126.1   1392.0   2887.8   8.1   89.3   185.2
     914  0.595830      918   111.5   1547.6  88730.0   7.1   98.5  5648.0
     945  0.599556      927   118.5   1335.8   2263.1   7.5   84.1   142.5
     976  0.603323      937   111.6   1865.9   4101.1   7.1  118.9   261.4
    1009  0.607029      922   117.8   1629.4   4430.9   7.5  103.1   280.4
    1042  0.610800      938   114.9   1344.8   2511.7   7.3   85.3   159.3
    1085  0.614688      967   116.9   1885.0  11640.6   7.4  119.8   739.6
    1130  0.618507      950   118.5   1688.5   2419.3   7.5  106.3   152.3
    1177  0.622249      931   112.2   1481.6   2820.7   7.0   92.7   176.4
    1226  0.625783      879   108.9   1589.6   3283.3   6.8   99.0   204.4
    1277  0.629546      936   124.4   1568.2  22481.6   7.7   97.2  1392.9
    1316  0.632971      852   115.4   1683.6   2819.8   7.1  103.9   174.0
    1357  0.636456      867   110.5   1894.3   5118.1   6.8  116.5   314.8
    1399  0.639692      805   117.6   1672.1   3710.3   7.2  102.0   226.4
    1436  0.642124      605   113.2   1657.8   2666.4   4.7   68.4   110.0
    1484  0.645115      744   120.4   1454.6   2811.5   5.0   60.3   116.6
    1534  0.648183      763   125.5   2158.7   3836.6   5.2   89.6   159.3
    1559  0.652432     1057   123.3   1756.9   2898.8   5.1   73.1   120.6
    1585  0.656480     1007   124.6   1688.6   3821.1   5.2   70.2   158.9
    1611  0.660588     1022   112.5   1502.6   2518.6   4.7   63.0   105.6
    1637  0.664476      967   121.6   1614.6   3489.7   5.1   67.5   145.9
    1664  0.668480      996   119.8   1782.3 117110.9   5.0   74.8  4912.4
    1865  0.671426      733   122.7   1687.3   4101.4   5.1   70.3   170.8
    2091  0.674269      707   113.2   1559.2  11690.6   4.7   64.6   484.7
    2412  0.677549      816   124.2   1563.7   3870.8   5.1   64.8   160.5
    2742  0.680439      719   128.9   1686.7   2568.4   5.3   69.8   106.3
    3118  0.683398      736   124.7   1532.2   5493.4   4.8   59.0   211.5
    3544  0.686108      674   123.5   1925.5  10368.3   4.7   74.1   398.8
    4030  0.688873      688   119.3   1761.7   3774.0   4.6   67.5   144.6
    4582  0.691780      723   129.5   1711.9   3301.0   4.7   62.4   120.3
    5210  0.694594      700   131.3   1766.5   2501.9   4.8   64.0    90.7
    5652  0.697601      748   123.9   1622.3   4295.9   4.5   58.8   155.7
    6132  0.700527      728   136.0   1373.7   2087.1   4.6   46.4    70.4
    6653  0.703349      702   137.2   1700.7   3689.3   4.6   57.4   124.5
    7217  0.706147      696   123.7   1706.1   2978.3   4.0   55.1    96.2
    7830  0.709126      741   139.0   1473.2   4183.1   4.5   47.3   134.2
   10373  0.711771      658   120.2   1797.6   3728.5   3.5   51.9   107.7
   13741  0.714449      666   150.5   1809.5   2190.1   3.9   46.7    56.6
   18203  0.717050      647   154.9   1915.8   8202.6   3.5   43.2   185.0
   24115  0.719687      656   152.3   2034.7   8316.2   2.7   36.1   147.6
   31946  0.722284      646   190.2   1790.6   2540.2   2.9   27.0    38.3
   33343  0.725251      738   178.7   1994.6   2959.6   2.7   29.9    44.3
   34801  0.728012      687   193.8   1953.2 137595.8   2.8   27.9  1963.1
   36322  0.730802      694   202.0   1678.7   3987.6   2.7   22.3    52.9
   37450  0.733492      669   205.3   1851.3   6723.3   2.5   22.7    82.4
   38377  0.736213      677   201.2   1950.4   7198.4   2.4   23.7    87.4
   39327  0.738947      680   206.9   1715.9   2500.7   2.5   20.7    30.2
   40382  0.742822      964   214.1   1829.1   3442.1   2.6   21.9    41.1
   41214  0.746400      890   209.1   1931.2   5715.6   2.4   22.6    66.9
   42062  0.750034      904   200.2   1795.2   4287.0   2.3   20.9    50.0
   42928  0.753825      943   202.6   1599.6  30247.6   2.3   18.2   345.0
   43811  0.757640      949   202.8   1821.6   4087.4   2.3   20.8    46.8
   44531  0.761604      986   218.9   1770.1   2848.5   2.4   19.8    31.8
   45079  0.765471      962   225.3   1649.3   2009.1   2.5   18.4    22.4
   45634  0.769415      981   201.5   2200.5  12972.7   2.2   24.1   142.3
   46195  0.773346      978   222.2   1801.5   4525.4   2.4   19.4    48.7
   46763  0.777664     1074   209.9   1573.3   5499.1   2.3   17.0    59.4
   47435  0.783167     1369   214.2   1702.6   2871.4   2.3   18.0    30.3
   47823  0.786946      940   221.7   1783.9   3955.0   2.3   18.8    41.7
   48215  0.790717      938   250.8   1667.2   2408.3   2.6   17.6    25.4
   48609  0.794584      962   213.8   1696.4  22369.2   2.2   17.7   232.7
   49007  0.798359      939   213.9   1723.5 211296.1   2.2   17.9  2199.2
   49408  0.802138      940   217.8   1978.8   8817.8   2.3   20.5    91.5
   49813  0.805893      934   232.7   1739.5   3828.9   2.4   17.7    39.1
   50221  0.809482      893   235.7   1844.8   7073.1   2.4   18.8    72.2
   50632  0.813221      930   227.2   1882.3   5486.4   2.3   19.2    56.0
   51046  0.816843      901   228.7   2028.2   8702.7   2.3   20.8    89.1
   55381  0.819818      740   235.8   1886.5   3616.1   2.2   17.5    33.6
   60084  0.822696      716   252.4   1661.9   2463.3   2.2   14.7    21.8
   64132  0.826270      889   258.4   1848.9   3944.8   2.2   15.8    33.6
   66528  0.829060      694   282.8   2016.2   4372.4   2.4   16.8    36.4
   69014  0.831798      681   300.1   1672.7   3061.8   2.3   12.9    23.7
   71156  0.834495      671   275.1   2622.1   4325.9   2.2   20.9    34.4
   72473  0.837317      702   289.9   2312.0   4741.2   2.3   18.1    37.1
   73814  0.840087      689   287.2   2332.9  13196.0   2.2   18.0   102.0
   75180  0.843082      745   315.8   2355.1   9175.4   1.9   14.1    54.9
   75795  0.846077      745   290.5   2742.8   3964.3   1.9   17.6    25.4
   76416  0.848839      687   292.8   1791.2   3289.3   1.9   11.4    21.0
   77041  0.851817      741   301.8   2354.2   3979.1   1.9   14.9    25.3
   77672  0.854812      745   303.7   2372.8   7154.5   1.9   15.0    45.3
   78307  0.857679      713   304.8   1944.5   3398.8   1.9   12.2    21.4
   78948  0.860549      714   301.0   1949.6   3318.7   1.9   12.1    20.6
   79595  0.863524      740   307.7   2018.3   5418.1   1.8   12.1    32.5
   80246  0.866627      772   308.8   2214.2   6505.0   1.9   13.5    39.7
   80903  0.869763      780   319.4   2295.4  10530.7   2.0   14.2    65.2
   81565  0.872870      773   322.2   2058.6   2656.1   2.0   12.7    16.4
   85305  0.876195      827   305.5   2131.1   6771.8   1.8   12.7    40.4
   89216  0.879234      756   336.5   2318.7   5819.5   2.0   13.6    34.1
   93306  0.882438      797   326.6   2237.3 135403.0   1.8   12.2   739.5
   97584  0.885895      860   322.1   2556.3   4329.9   1.7   13.5    22.8
  102058  0.889300      847   357.6   2277.6   4998.2   1.7   10.9    24.0
  105871  0.892106      698   363.7   1961.0   2619.6   1.8    9.7    13.0
  109826  0.894860      685   366.0   2335.6 101205.1   1.7   10.7   465.6
  113929  0.897541      667   379.8   2282.7  54287.7   1.7   10.4   246.8
  118669  0.900046      623   374.6   2319.9   4586.9   1.7   10.3    20.4
  123857  0.902739      670   374.9   2677.8   4607.1   1.6   11.2    19.3
  129272  0.905597      711   372.2   2344.7   3835.2   1.5    9.7    15.8
  135199  0.908359      687   428.3   2458.2   3563.8   1.6    9.1    13.2
  141975  0.911326      738   418.4   2287.0   6903.3   1.2    6.7    20.3
  149091  0.914285      736   434.5   2245.2 165170.5   1.2    6.2   454.0
  156563  0.917256      739   434.7   2262.9   3444.8   1.1    5.8     8.9
  164410  0.920138      717   461.9   2404.8 136274.7   1.1    6.0   337.2
  172651  0.922791      660   475.7   2311.9   8584.4   1.2    5.6    20.8
  181304  0.925561      689   540.4   3305.3  29213.5   1.3    7.9    69.9
  189618  0.928138      641   496.8   2708.8   4571.3   1.1    6.2    10.5
  197911  0.930863      678   520.7   2713.6   6403.5   1.2    6.2    14.5
  206566  0.933545      667   549.1   2479.4   4368.8   1.2    5.5     9.7
  215160  0.936455      724   569.4   2903.6   4067.0   1.3    6.4     8.9
  223195  0.939072      651   567.6   2555.2   3827.4   1.2    5.2     7.8
  231530  0.941738      663   584.0   2818.1   3497.4   1.2    5.8     7.2
  240177  0.944720      742   604.1   2726.0   3603.1   1.2    5.3     7.0
  253761  0.947551      704   631.7   2998.2   5861.9   1.2    5.6    11.0
  268113  0.950558      748   676.2   2600.6   7308.8   1.2    4.5    12.8
  283277  0.953356      696   657.6   3482.7   7093.4   1.1    5.8    11.8
  318166  0.956109      685   752.0   3637.2   7791.3   1.2    5.6    12.0
  368444  0.958855      683   782.9   3488.8   8286.0   1.0    4.7    11.1
  426666  0.961576      677   983.6   5983.2 211959.5   1.2    7.0   249.3
  514641  0.964455      716  1060.6   4805.5   6347.9   1.1    4.8     6.4
  643946  0.967205      684  1357.2   5933.7  11103.1   1.0    4.5     8.5
  792711  0.969970      688  1656.2   7673.1  10486.5   1.0    4.6     6.3
  940700  0.972362      595  1855.3   7930.0  13211.6   1.0    4.1     6.8
 1000000  1.000000     6875  1954.6   8163.7  13894.1   1.0    4.0     6.8
