# Fraction of RTTS longer than a given time for unloaded_w4 experiment
# Includes messages <= 303 bytes; measured at 2026-04-21 05:09:27.266183
# Averaged across 1 repeated sample(s)
# Data collected at 2026-04-21 05:09:27.266183 
#       usec        frac
      14.380  0.99990000
      14.530  0.99410000
      14.590  0.98410000
      14.620  0.97420000
      14.650  0.96440000
      14.670  0.95470000
      14.690  0.94510000
      14.710  0.93560000
      14.730  0.92620000
      14.740  0.91690000
      14.750  0.90770000
      14.770  0.89860000
      14.780  0.88960000
      14.790  0.88070000
      14.800  0.87180000
      14.810  0.86300000
      14.820  0.85430000
      14.830  0.84570000
      14.840  0.83720000
      14.850  0.82880000
      14.860  0.82050000
      14.870  0.81220000
      14.880  0.80400000
      14.890  0.79590000
      14.900  0.78790000
      14.900  0.78000000
      14.910  0.77220000
      14.920  0.76440000
      14.930  0.75670000
      14.940  0.74910000
      14.940  0.74160000
      14.950  0.73410000
      14.960  0.72670000
      14.970  0.71940000
      14.970  0.71220000
      14.980  0.70500000
      14.990  0.69790000
      15.000  0.69090000
      15.000  0.68390000
      15.010  0.67700000
      15.020  0.67020000
      15.030  0.66340000
      15.030  0.65670000
      15.040  0.65010000
      15.050  0.64350000
      15.060  0.63700000
      15.060  0.63060000
      15.070  0.62420000
      15.080  0.61790000
      15.090  0.61170000
      15.090  0.60550000
      15.100  0.59940000
      15.110  0.59340000
      15.120  0.58740000
      15.120  0.58150000
      15.130  0.57560000
      15.140  0.56980000
      15.140  0.56410000
      15.150  0.55840000
      15.160  0.55280000
      15.160  0.54720000
      15.170  0.54170000
      15.180  0.53620000
      15.190  0.53080000
      15.190  0.52540000
      15.200  0.52010000
      15.210  0.51480000
      15.220  0.50960000
      15.230  0.50450000
      15.240  0.49940000
      15.250  0.49440000
      15.250  0.48940000
      15.260  0.48450000
      15.270  0.47960000
      15.280  0.47480000
      15.290  0.47000000
      15.300  0.46520000
      15.310  0.46050000
      15.320  0.45580000
      15.330  0.45120000
      15.330  0.44660000
      15.340  0.44210000
      15.350  0.43760000
      15.360  0.43320000
      15.370  0.42880000
      15.380  0.42450000
      15.390  0.42020000
      15.400  0.41590000
      15.410  0.41170000
      15.420  0.40750000
      15.430  0.40340000
      15.440  0.39930000
      15.450  0.39530000
      15.450  0.39130000
      15.460  0.38730000
      15.470  0.38340000
      15.480  0.37950000
      15.490  0.37570000
      15.500  0.37190000
      15.510  0.36810000
      15.510  0.36440000
      15.520  0.36070000
      15.530  0.35700000
      15.540  0.35340000
      15.550  0.34980000
      15.560  0.34630000
      15.570  0.34280000
      15.580  0.33930000
      15.580  0.33590000
      15.590  0.33250000
      15.600  0.32910000
      15.610  0.32580000
      15.620  0.32250000
      15.630  0.31920000
      15.640  0.31600000
      15.650  0.31280000
      15.660  0.30960000
      15.670  0.30650000
      15.680  0.30340000
      15.690  0.30030000
      15.700  0.29720000
      15.710  0.29420000
      15.720  0.29120000
      15.730  0.28820000
      15.740  0.28530000
      15.750  0.28240000
      15.760  0.27950000
      15.760  0.27670000
      15.770  0.27390000
      15.780  0.27110000
      15.800  0.26830000
      15.810  0.26560000
      15.820  0.26290000
      15.830  0.26020000
      15.840  0.25750000
      15.850  0.25490000
      15.860  0.25230000
      15.870  0.24970000
      15.880  0.24720000
      15.890  0.24470000
      15.900  0.24220000
      15.910  0.23970000
      15.930  0.23730000
      15.940  0.23490000
      15.950  0.23250000
      15.960  0.23010000
      15.970  0.22770000
      15.980  0.22540000
      15.990  0.22310000
      16.000  0.22080000
      16.010  0.21850000
      16.020  0.21630000
      16.030  0.21410000
      16.040  0.21190000
      16.050  0.20970000
      16.060  0.20760000
      16.080  0.20550000
      16.080  0.20340000
      16.090  0.20130000
      16.100  0.19920000
      16.110  0.19720000
      16.120  0.19520000
      16.130  0.19320000
      16.140  0.19120000
      16.150  0.18920000
      16.160  0.18730000
      16.170  0.18540000
      16.180  0.18350000
      16.190  0.18160000
      16.200  0.17970000
      16.210  0.17790000
      16.220  0.17610000
      16.230  0.17430000
      16.240  0.17250000
      16.250  0.17070000
      16.260  0.16890000
      16.270  0.16720000
      16.280  0.16550000
      16.290  0.16380000
      16.300  0.16210000
      16.310  0.16040000
      16.320  0.15870000
      16.330  0.15710000
      16.340  0.15550000
      16.350  0.15390000
      16.360  0.15230000
      16.380  0.15070000
      16.390  0.14910000
      16.400  0.14760000
      16.410  0.14610000
      16.420  0.14460000
      16.430  0.14310000
      16.440  0.14160000
      16.450  0.14010000
      16.460  0.13860000
      16.470  0.13720000
      16.490  0.13580000
      16.500  0.13440000
      16.510  0.13300000
      16.520  0.13160000
      16.530  0.13020000
      16.540  0.12880000
      16.550  0.12750000
      16.560  0.12620000
      16.570  0.12490000
      16.580  0.12360000
      16.600  0.12230000
      16.610  0.12100000
      16.620  0.11970000
      16.640  0.11850000
      16.650  0.11730000
      16.660  0.11610000
      16.680  0.11490000
      16.690  0.11370000
      16.710  0.11250000
      16.730  0.11130000
      16.750  0.11010000
      16.770  0.10890000
      16.790  0.10780000
      16.800  0.10670000
      16.830  0.10560000
      16.840  0.10450000
      16.860  0.10340000
      16.860  0.10230000
      16.890  0.10120000
      16.900  0.10010000
      16.920  0.09900000
      16.940  0.09800000
      16.950  0.09700000
      16.970  0.09600000
      16.990  0.09500000
      17.010  0.09400000
      17.030  0.09300000
      17.050  0.09200000
      17.070  0.09100000
      17.090  0.09000000
      17.100  0.08900000
      17.120  0.08810000
      17.130  0.08720000
      17.140  0.08630000
      17.150  0.08540000
      17.160  0.08450000
      17.180  0.08360000
      17.200  0.08270000
      17.210  0.08180000
      17.260  0.08090000
      17.270  0.08000000
      17.300  0.07910000
      17.300  0.07830000
      17.330  0.07750000
      17.340  0.07670000
      17.360  0.07590000
      17.380  0.07510000
      17.400  0.07430000
      17.410  0.07350000
      17.440  0.07270000
      17.460  0.07190000
      17.470  0.07110000
      17.500  0.07030000
      17.520  0.06950000
      17.560  0.06880000
      17.590  0.06810000
      17.620  0.06740000
      17.660  0.06670000
      17.690  0.06600000
      17.720  0.06530000
      17.760  0.06460000
      17.830  0.06390000
      17.930  0.06320000
      17.980  0.06250000
      18.120  0.06180000
      18.280  0.06110000
      18.490  0.06050000
      18.750  0.06010000
      18.960  0.05970000
      19.660  0.05960000
      20.040  0.05930000
      20.290  0.05900000
      20.530  0.05880000
      20.810  0.05860000
      21.060  0.05830000
      21.400  0.05800000
      21.640  0.05770000
      21.970  0.05710000
      22.190  0.05660000
      22.290  0.05600000
      22.530  0.05550000
      22.640  0.05490000
      22.790  0.05430000
      23.030  0.05380000
      23.270  0.05320000
      23.370  0.05260000
      23.540  0.05200000
      23.630  0.05140000
      23.740  0.05080000
      23.910  0.05020000
      24.040  0.04960000
      24.190  0.04910000
      24.370  0.04860000
      24.430  0.04810000
      24.500  0.04760000
      24.570  0.04710000
      24.630  0.04660000
      24.820  0.04610000
      24.990  0.04560000
      25.030  0.04510000
      25.080  0.04460000
      25.230  0.04410000
      25.370  0.04360000
      25.480  0.04310000
      25.680  0.04260000
      25.980  0.04210000
      26.220  0.04160000
      26.290  0.04110000
      26.350  0.04060000
      26.420  0.04010000
      26.550  0.03960000
      26.660  0.03920000
      26.750  0.03880000
      26.890  0.03840000
      27.000  0.03800000
      27.070  0.03760000
      27.180  0.03720000
      27.210  0.03680000
      27.340  0.03640000
      27.410  0.03600000
      27.640  0.03560000
      27.730  0.03520000
      27.820  0.03480000
      27.900  0.03440000
      28.030  0.03400000
      28.110  0.03360000
      28.270  0.03320000
      28.360  0.03280000
      28.610  0.03240000
      28.730  0.03200000
      28.820  0.03160000
      29.000  0.03120000
      29.100  0.03080000
      29.230  0.03040000
      29.370  0.03000000
      29.440  0.02960000
      29.470  0.02930000
      29.570  0.02900000
      29.790  0.02870000
      29.900  0.02840000
      30.010  0.02810000
      30.050  0.02780000
      30.170  0.02750000
      30.200  0.02720000
      30.340  0.02690000
      30.350  0.02660000
      30.410  0.02630000
      30.440  0.02600000
      30.520  0.02570000
      30.580  0.02540000
      30.610  0.02510000
      30.660  0.02480000
      30.690  0.02450000
      30.760  0.02420000
      30.780  0.02390000
      30.880  0.02360000
      30.890  0.02330000
      30.920  0.02300000
      30.940  0.02270000
      30.980  0.02240000
      31.010  0.02210000
      31.050  0.02180000
      31.090  0.02150000
      31.110  0.02120000
      31.140  0.02090000
      31.170  0.02060000
      31.190  0.02030000
      31.240  0.02000000
      31.280  0.01970000
      31.290  0.01950000
      31.340  0.01930000
      31.380  0.01910000
      31.390  0.01890000
      31.420  0.01870000
      31.470  0.01850000
      31.480  0.01830000
      31.510  0.01810000
      31.530  0.01790000
      31.550  0.01770000
      31.580  0.01750000
      31.640  0.01730000
      31.670  0.01710000
      31.680  0.01690000
      31.760  0.01670000
      31.820  0.01650000
      31.830  0.01630000
      31.920  0.01610000
      32.000  0.01590000
      32.030  0.01570000
      32.090  0.01550000
      32.100  0.01530000
      32.130  0.01510000
      32.150  0.01490000
      32.210  0.01470000
      32.240  0.01450000
      32.250  0.01430000
      32.260  0.01410000
      32.290  0.01390000
      32.320  0.01370000
      32.390  0.01350000
      32.400  0.01330000
      32.460  0.01310000
      32.470  0.01290000
      32.480  0.01270000
      32.490  0.01250000
      32.530  0.01230000
      32.550  0.01210000
      32.550  0.01190000
      32.570  0.01170000
      32.580  0.01150000
      32.590  0.01130000
      32.640  0.01110000
      32.640  0.01090000
      32.670  0.01070000
      32.730  0.01050000
      32.740  0.01030000
      32.760  0.01010000
      32.770  0.00990000
      32.770  0.00980000
      32.800  0.00970000
      32.810  0.00960000
      32.840  0.00950000
      32.900  0.00940000
      32.910  0.00930000
      32.940  0.00920000
      32.960  0.00910000
      32.970  0.00900000
      32.990  0.00890000
      33.000  0.00880000
      33.010  0.00870000
      33.020  0.00860000
      33.050  0.00850000
      33.060  0.00840000
      33.090  0.00830000
      33.090  0.00820000
      33.150  0.00810000
      33.200  0.00800000
      33.210  0.00790000
      33.230  0.00780000
      33.250  0.00770000
      33.280  0.00760000
      33.320  0.00750000
      33.330  0.00740000
      33.350  0.00730000
      33.350  0.00720000
      33.370  0.00710000
      33.460  0.00700000
      33.510  0.00690000
      33.530  0.00680000
      33.610  0.00670000
      33.670  0.00660000
      33.740  0.00650000
      33.750  0.00640000
      33.750  0.00630000
      33.780  0.00620000
      33.780  0.00610000
      33.840  0.00600000
      33.900  0.00590000
      33.920  0.00580000
      33.930  0.00570000
      33.980  0.00560000
      34.070  0.00550000
      34.110  0.00540000
      34.120  0.00530000
      34.120  0.00520000
      34.140  0.00510000
      34.170  0.00500000
      34.190  0.00490000
      34.190  0.00480000
      34.190  0.00470000
      34.200  0.00460000
      34.200  0.00450000
      34.240  0.00440000
      34.250  0.00430000
      34.300  0.00420000
      34.460  0.00410000
      34.470  0.00400000
      34.500  0.00390000
      34.620  0.00380000
      34.620  0.00370000
      34.670  0.00360000
      34.740  0.00350000
      34.740  0.00340000
      34.850  0.00330000
      34.910  0.00320000
      34.910  0.00310000
      34.940  0.00300000
      34.950  0.00290000
      34.980  0.00280000
      35.190  0.00270000
      35.230  0.00260000
      35.300  0.00250000
      35.920  0.00240000
      36.050  0.00230000
      36.310  0.00220000
      36.500  0.00210000
      36.730  0.00200000
      37.170  0.00190000
      37.620  0.00180000
      38.270  0.00170000
      38.450  0.00160000
      39.490  0.00150000
      41.940  0.00140000
      42.270  0.00130000
      42.460  0.00120000
      42.630  0.00110000
      43.010  0.00100000
      44.530  0.00090000
      46.350  0.00080000
      46.460  0.00070000
      46.730  0.00060000
      47.370  0.00050000
      48.480  0.00040000
     134.300  0.00030000
     219.480  0.00020000
     227.490  0.00010000
     237.380  0.00000000
