# Digested data for dctcp_multiplex_s2_w4 experiment, run at 2026-04-21 06:02:29.629696
# Averaged across 5 repeated sample(s)
# length  cum_frac  samples     p50      p99     p999   s50    s99    s999
      60  0.002183     4211   232.7  49678.4 211969.4  13.8 2941.3 12550.0
      72  0.004393     4265   225.3  48040.2 173715.4  13.8 2943.6 10644.3
      92  0.007332     5671   219.6  51808.3 192040.3  13.6 3217.9 11928.0
     119  0.009457     4099   221.0  50519.1 254684.5  13.9 3177.3 16017.9
     154  0.011706     4339   218.8  43742.1 246782.0  13.9 2779.0 15678.7
     199  0.014002     4430   220.1  57936.9 204458.8  14.1 3706.8 13081.2
     222  0.017366     6491   222.5  45262.9 147291.4  14.3 2918.3  9496.5
     227  0.019872     4835   223.9  65044.3 224109.4  14.5 4207.3 14496.1
     232  0.022350     4782   224.7  50006.3 188902.4  14.6 3253.5 12290.3
     237  0.025060     5228   222.0  46302.0 199801.4  14.5 3030.2 13076.0
     243  0.027713     5119   215.6  44601.8 186706.6  14.3 2953.8 12364.7
     248  0.030250     4895   223.3  48084.8 203331.9  14.9 3201.4 13537.4
     254  0.032781     4883   213.0  56825.4 198126.4  14.2 3785.8 13199.6
     259  0.035363     4981   223.6  59977.8 231968.4  14.9 3995.9 15454.3
     265  0.037963     5017   223.4  49968.4 186140.1  14.9 3331.2 12409.3
     271  0.040619     5124   218.5  33638.3 160669.6  14.6 2242.6 10711.3
     279  0.043920     6369   221.8  42292.4 169683.2  14.9 2838.4 11388.1
     288  0.047178     6286   221.3  51679.5 176174.8  14.7 3431.6 11698.2
     297  0.050474     6360   219.1  49296.8 154691.7  14.7 3301.9 10361.1
     303  0.060180    18726   220.6  48685.6 197919.0  14.8 3263.1 13265.4
     305  0.068757    16549   218.8  43975.3 168112.3  14.7 2947.4 11267.6
     308  0.077220    16328   223.9  49439.3 187403.1  15.0 3320.3 12585.8
     310  0.085603    16174   214.7  48539.6 184057.9  14.4 3251.1 12328.1
     313  0.093997    16195   222.5  50013.4 208957.5  14.8 3336.4 13939.8
     315  0.102443    16296   221.2  48207.6 198231.0  14.7 3207.4 13189.0
     318  0.111161    16822   225.4  42290.7 187075.7  14.9 2798.9 12380.9
     321  0.119650    16377   220.2  45203.2 193251.2  14.7 3023.6 12926.5
     323  0.128248    16590   221.4  52121.7 195096.9  14.8 3488.7 13058.7
     326  0.136669    16247   222.3  55296.1 202996.0  14.9 3696.3 13569.2
     331  0.143119    12445   219.9  37364.7 196539.3  14.7 2491.0 13102.6
     335  0.149636    12573   224.2  47447.0 177808.4  15.0 3169.5 11877.6
     340  0.156197    12660   216.0  46140.6 169741.6  14.4 3084.3 11346.4
     345  0.162644    12439   220.4  53577.1 190631.4  14.8 3588.6 12768.3
     350  0.169254    12753   220.2  53693.4 196227.8  14.7 3584.3 13099.3
     355  0.175707    12450   216.9  55035.7 176234.6  14.4 3656.9 11709.9
     360  0.182180    12489   228.3  48119.3 180737.2  15.2 3197.3 12009.1
     365  0.188682    12545   218.3  52678.3 212039.0  14.6 3514.2 14145.4
     371  0.195198    12573   228.6  57170.7 174026.5  15.2 3811.4 11601.8
     376  0.201911    12951   219.9  51345.6 216785.2  14.7 3423.0 14452.3
     385  0.205921     7738   217.4  51555.4 201196.9  14.4 3416.5 13333.1
     395  0.210004     7876   223.6  46556.8 183526.1  14.9 3093.5 12194.4
     405  0.214027     7763   215.9  48161.3 215124.3  14.4 3206.5 14322.5
     415  0.218041     7745   223.4  44329.3 167404.6  14.9 2957.3 11167.8
     425  0.222089     7809   226.9  47167.6 208293.9  15.1 3144.5 13886.3
     430  0.226186     7905   223.1  47537.3 213749.2  14.9 3171.3 14259.5
     435  0.230297     7933   219.6  47693.4 180642.3  14.6 3177.4 12034.8
     441  0.234517     8141   218.8  37551.8 174279.2  14.6 2505.1 11626.4
     446  0.238582     7843   217.1  49488.6 183635.4  14.4 3288.3 12201.7
     452  0.242633     7816   221.9  49030.9 203364.9  14.8 3264.4 13539.6
     457  0.246658     7766   221.5  46178.5 190896.8  14.7 3070.4 12692.6
     463  0.250709     7816   216.8  43844.2 205792.0  14.4 2921.0 13710.3
     468  0.254794     7882   222.5  49244.8 183215.8  14.8 3280.8 12206.2
     474  0.258848     7821   215.7  44251.0 185981.1  14.4 2950.1 12398.7
     480  0.263031     8071   216.1  46494.8 208105.8  14.4 3095.5 13855.2
     491  0.282613    37782   219.2  54061.6 191580.8  14.5 3585.0 12704.3
     502  0.302266    37919   219.3  52405.4 195210.3  14.5 3468.3 12919.3
     513  0.321810    37708   219.1  52569.9 202323.4  14.5 3481.5 13398.9
     525  0.341251    37509   222.4  47025.0 188267.2  14.7 3112.2 12459.8
     537  0.360595    37323   221.1  44814.7 177210.6  14.7 2975.7 11767.0
     549  0.380081    37596   220.6  43286.0 194701.2  14.6 2868.5 12902.7
     561  0.399463    37396   221.5  53560.0 199117.2  14.7 3556.4 13221.6
     574  0.418879    37460   222.1  47261.9 190401.1  14.7 3125.8 12592.7
     587  0.438244    37363   220.4  47199.6 181855.6  14.6 3119.6 12019.5
     600  0.457944    38009   219.0  53940.7 193369.5  14.5 3562.8 12772.1
     607  0.463690    11086   218.5  39268.2 174463.1  14.4 2595.4 11530.9
     615  0.469504    11219   216.1  52464.2 196945.5  14.2 3444.8 12931.4
     623  0.475339    11257   226.8  53100.1 208507.4  14.9 3479.7 13663.7
     630  0.481032    10985   216.1  50308.5 180144.7  14.2 3311.9 11859.4
     638  0.486800    11128   222.0  53777.1 199918.1  14.6 3526.4 13109.4
     646  0.492659    11305   215.8  53148.1 164022.6  14.1 3471.5 10713.4
     654  0.498402    11080   224.6  46039.3 179702.3  14.6 2997.4 11699.4
     662  0.504181    11150   223.7  48844.0 178068.9  14.6 3179.9 11593.0
     671  0.510072    11367   224.5  60479.8 187151.7  14.6 3934.9 12176.4
     679  0.515837    11123   221.1  39206.0 170949.7  14.4 2547.5 11107.8
     685  0.519419     6910   225.8  48972.5 179333.6  14.7 3186.2 11667.8
     690  0.522984     6878   224.1  42664.7 193277.0  14.6 2784.9 12616.0
     696  0.526510     6804   220.6  52140.6 188894.5  14.4 3396.8 12305.8
     702  0.530002     6738   219.9  50420.8 159328.4  14.3 3286.9 10386.5
     707  0.533566     6875   217.4  43926.7 176385.7  14.2 2861.7 11490.9
     713  0.537059     6741   225.1  63749.9 180844.6  14.7 4155.8 11789.1
     719  0.540590     6812   233.2  53207.0 218987.3  15.2 3459.5 14238.4
     725  0.544165     6898   209.9  48397.4 150216.0  13.7 3152.9  9786.1
     731  0.547752     6921   224.4  47484.4 181788.9  14.6 3091.4 11835.2
     737  0.551242     6732   223.0  41977.2 178438.5  14.5 2732.9 11617.1
     749  0.556068     9313   222.9  52978.5 220009.8  14.4 3433.5 14258.6
     762  0.560911     9343   220.6  53274.6 192943.2  14.3 3446.0 12480.2
     774  0.565835     9500   228.0  40947.2 226675.1  14.7 2638.4 14605.4
     787  0.570747     9478   226.5  45351.6 195642.6  14.6 2924.0 12614.0
     800  0.575514     9198   233.1  49984.5 191469.6  15.0 3224.8 12352.9
     816  0.578612     5976   216.7  49411.0 174273.6  14.0 3194.0 11265.3
     833  0.581563     5694   226.2  55085.9 174462.6  14.6 3560.8 11277.5
     850  0.584607     5873   224.5  49871.9 185257.5  14.5 3215.5 11944.4
     867  0.587546     5671   225.8  46784.7 158473.6  14.5 3014.5 10210.9
     885  0.590570     5834   219.6  52937.5 148595.6  14.1 3410.9  9574.5
     914  0.594295     7188   220.1  46443.5 207067.4  14.1 2979.1 13282.1
     945  0.597949     7049   221.1  44899.9 152116.3  14.2 2880.0  9757.3
     976  0.601619     7082   226.9  46898.6 160725.9  14.5 2992.9 10256.9
    1009  0.605253     7010   221.1  63331.3 210996.6  14.0 4003.2 13337.3
    1042  0.609033     7294   225.2  57047.9 189805.8  14.2 3594.7 11960.0
    1085  0.612647     6973   220.6  46989.6 170999.9  13.9 2966.5 10795.4
    1130  0.616392     7226   224.3  37860.7 170845.2  14.0 2370.7 10697.9
    1177  0.620014     6988   225.1  46739.7 173573.5  14.0 2899.5 10767.6
    1226  0.623903     7503   216.2  46065.3 177670.9  13.4 2845.3 10974.1
    1277  0.627584     7102   226.7  48811.9 183468.1  13.9 3002.0 11283.4
    1316  0.630906     6410   212.8  45316.6 171555.2  13.1 2783.6 10537.8
    1357  0.634285     6519   220.2  42215.9 155224.0  13.5 2591.5  9528.8
    1399  0.637718     6623   223.0  55934.7 161949.0  13.6 3421.1  9905.1
    1436  0.640332     5045   214.2  54602.1 185378.3   8.9 2267.5  7698.4
    1484  0.643313     5751   237.8  47955.2 165415.7   9.9 1993.1  6875.1
    1534  0.646216     5600   237.1  44056.1 173352.8   9.8 1829.6  7199.0
    1559  0.650360     7997   229.7  43705.3 175580.5   9.5 1812.0  7279.5
    1585  0.654520     8025   235.3  45914.9 218805.1   9.7 1900.5  9056.5
    1611  0.658690     8047   227.2  42379.3 209014.3   9.4 1745.4  8608.5
    1637  0.662962     8241   220.7  40453.5 168390.6   9.1 1675.8  6975.6
    1664  0.667098     7980   234.2  54618.0 197778.7   9.7 2270.1  8220.2
    1865  0.670075     5744   231.1  39780.7 161982.9   9.6 1652.7  6729.7
    2091  0.673000     5643   226.4  42313.2 155809.8   9.4 1755.7  6465.1
    2412  0.676321     6408   237.0  41616.6 158656.8   9.8 1726.1  6580.5
    2742  0.679005     5178   236.7  36793.2 146701.2   9.8 1526.1  6084.7
    3118  0.681691     5183   228.7  52786.0 170452.2   8.9 2063.6  6663.5
    3544  0.684467     5357   242.9  49906.6 189373.3   9.5 1945.7  7383.0
    4030  0.687227     5325   239.6  49655.2 153279.3   9.3 1920.2  5927.3
    4582  0.690103     5548   297.1  41698.2 120540.6  10.7 1496.7  4326.7
    5210  0.692916     5427   301.8  57319.1 216896.2  10.8 2060.4  7796.4
    5652  0.695924     5805   303.4  64165.8 202234.6  10.9 2308.1  7274.6
    6132  0.698972     5880   293.2  55377.2 173907.0  10.0 1891.9  5941.5
    6653  0.701924     5696   304.8  40005.9 151952.4  10.4 1361.2  5170.2
    7217  0.704937     5813   310.1  45800.2 184068.2  10.0 1474.1  5924.3
    7830  0.707950     5814   298.1  46415.6 176358.6   9.6 1491.5  5667.0
   10373  0.710528     4974   272.3  54338.8 216769.4   7.9 1566.9  6250.6
   13741  0.713116     4992   334.1  45045.1 169503.1   8.6 1157.7  4356.3
   18203  0.715751     5085   362.9  57176.6 198604.3   8.3 1309.0  4546.8
   24115  0.718388     5087   344.1  53082.1 209619.9   6.1  943.3  3725.3
   31946  0.720991     5022   397.5  53042.4 168082.8   6.0  804.5  2549.4
   33343  0.723757     5337   416.3  63095.8 203254.0   4.4  659.2  2123.6
   34801  0.726578     5443   412.4  52609.4 153339.2   4.0  513.6  1497.0
   36322  0.729413     5470   419.8  48258.5 195354.7   4.2  477.2  1931.9
   37450  0.732325     5619   428.8  61269.1 209590.6   5.2  740.6  2533.4
   38377  0.735087     5329   427.9  64386.9 214234.2   5.1  769.6  2560.8
   39327  0.737775     5185   426.5  47860.9 139066.7   5.1  568.6  1652.0
   40382  0.741449     7090   429.3  61955.3 216779.1   4.0  570.9  1997.4
   41214  0.745271     7374   447.5  64180.0 181643.4   5.1  737.5  2087.4
   42062  0.749036     7264   438.5  65283.3 227325.5   3.8  568.7  1980.4
   42928  0.752830     7319   452.7  63610.9 222681.5   5.1  712.1  2492.8
   43811  0.756536     7151   447.2  48856.9 207121.8   4.6  497.9  2110.7
   44531  0.760362     7382   450.6  57949.4 207782.5   4.0  514.6  1845.2
   45079  0.764527     8037   463.6  65473.3 188539.1   4.1  579.1  1667.6
   45634  0.768547     7755   459.4  65857.7 208906.7   3.9  556.3  1764.7
   46195  0.772565     7753   469.9  56929.4 209691.3   4.1  499.9  1841.2
   46763  0.776660     7900   459.7  55217.0 216466.6   4.0  481.3  1886.9
   47435  0.782399    11073   465.3  53758.9 209743.0   4.1  474.5  1851.2
   47823  0.786139     7216   452.7  61896.2 244892.1   4.8  650.8  2574.8
   48215  0.789837     7136   461.4  54231.3 198236.2   4.8  569.4  2081.4
   48609  0.793619     7297   485.7  60291.0 230253.9   3.8  476.0  1817.7
   49007  0.797312     7124   462.8  47981.4 162812.5   4.0  411.1  1394.9
   49408  0.800948     7015   485.2  51356.6 196366.1   5.0  532.1  2034.7
   49813  0.804729     7295   473.5  57809.7 216149.3   4.9  593.1  2217.6
   50221  0.808534     7343   471.2  55177.2 193084.3   4.8  563.1  1970.4
   50632  0.812359     7379   487.9  59111.5 201357.1   5.0  605.2  2061.6
   51046  0.816070     7160   500.8  74399.9 236046.5   5.1  762.7  2419.7
   55381  0.818941     5540   520.7  52617.9 181078.6   4.1  415.2  1428.9
   60084  0.821858     5627   535.5  50193.1 217678.2   4.1  380.7  1651.1
   64132  0.825159     6370   566.4  56817.1 203380.1   4.0  401.7  1438.0
   66528  0.827957     5399   597.2  68835.7 227373.9   4.4  506.0  1671.5
   69014  0.830744     5376   586.8  61149.1 171928.9   4.2  437.1  1229.0
   71156  0.833520     5357   611.3  67258.8 202561.7   4.8  524.1  1578.3
   72473  0.836382     5521   621.8  57956.3 203363.8   4.8  449.8  1578.3
   73814  0.839200     5438   609.3  65111.6 206845.8   4.7  504.0  1601.1
   75180  0.841936     5279   647.6  72071.9 187597.3   3.9  428.5  1115.5
   75795  0.844882     5683   654.0  53325.2 176243.3   4.6  378.1  1249.8
   76416  0.847861     5748   637.8  71356.1 212068.8   3.8  420.2  1248.7
   77041  0.850761     5595   638.9  49048.1 199034.8   3.9  300.4  1219.0
   77672  0.853801     5865   654.1  60914.5 224791.7   4.5  414.6  1530.0
   78307  0.856721     5635   673.0  62421.8 218982.4   4.3  398.5  1397.9
   78948  0.859690     5727   663.9  65449.3 180033.4   4.1  406.4  1117.8
   79595  0.862731     5868   656.7  64291.6 183148.9   4.1  404.6  1152.7
   80246  0.865716     5760   671.2  59254.6 183265.2   4.0  349.0  1079.3
   80903  0.868717     5789   676.5  76696.5 204984.5   4.1  466.5  1246.8
   81565  0.871737     5828   693.5  57354.4 191296.9   4.3  352.0  1174.0
   85305  0.875079     6447   710.1  66455.6 211486.4   4.2  396.8  1262.9
   89216  0.878498     6597   739.6  68040.0 209659.8   4.3  397.4  1224.4
   93306  0.881924     6611   759.9  70342.6 190988.6   4.4  405.6  1101.3
   97584  0.885350     6610   784.1  77168.2 264157.5   4.2  412.8  1413.0
  102058  0.888643     6352   819.1  71795.2 213419.7   4.2  369.7  1098.9
  105871  0.891392     5304   833.7  73736.1 210293.5   4.1  358.3  1022.0
  109826  0.894144     5310   859.9  71234.7 215479.8   3.9  321.7   973.2
  113929  0.896917     5350   869.4  62109.3 206348.5   3.8  273.9   910.0
  118669  0.899699     5369   906.4  75254.4 262979.4   4.2  351.7  1229.2
  123857  0.902510     5422   975.5  79815.1 204144.5   4.5  366.1   936.3
  129272  0.905300     5384  1001.9  78113.6 207408.9   4.3  332.4   882.5
  135199  0.908108     5418  1006.3  88553.5 225337.5   4.1  362.2   921.6
  141975  0.910977     5535  1051.9  88896.3 220274.9   3.0  251.0   622.0
  149091  0.913770     5388  1149.0  90403.4 221616.8   3.0  235.1   576.3
  156563  0.916552     5369  1133.8  89165.4 211566.5   3.0  237.7   564.1
  164410  0.919332     5363  1211.6  87583.5 222595.5   3.0  215.3   547.1
  172651  0.922210     5553  1283.0  98789.1 209802.8   3.0  227.3   482.8
  181304  0.925103     5581  1307.7  91540.1 226051.7   3.0  206.9   510.8
  189618  0.927841     5284  1406.5  98522.7 247394.8   2.9  206.4   518.3
  197911  0.930584     5292  1403.3  94487.0 199734.6   2.9  196.8   416.0
  206566  0.933335     5308  1430.0 103391.1 206196.3   2.9  211.2   421.2
  215160  0.935980     5102  1523.2 113767.0 269353.5   3.0  225.9   534.9
  223195  0.938771     5386  1557.2 102449.8 237812.8   3.0  197.5   458.4
  231530  0.941554     5369  1593.7 103767.5 218779.1   3.0  195.1   411.4
  240177  0.944367     5428  1634.9 116468.4 239263.3   2.9  204.5   420.2
  253761  0.947146     5362  1712.1 108576.5 177273.5   3.0  188.3   307.4
  268113  0.949943     5396  1863.8 109219.3 261799.3   3.1  181.4   434.9
  283277  0.952813     5537  1948.6 132734.5 214705.2   3.1  208.0   336.4
  318166  0.955597     5372  2169.7 128062.4 234067.9   3.2  186.0   340.0
  368444  0.958432     5469  2475.6 144612.9 222332.1   3.2  188.5   289.8
  426666  0.961272     5480  2820.1 164406.9 291786.8   3.0  175.4   311.2
  514641  0.964275     5794  3247.8 196324.6 290727.0   2.9  177.4   262.8
  643946  0.967019     5295  4065.9 211107.8 307957.6   2.8  143.1   208.8
  792711  0.969804     5373  4988.5 262207.1 414129.1   2.9  151.9   240.0
  940700  0.972408     5024  5815.1 300508.6 405801.0   2.9  149.6   202.0
 1000000  1.000000    53236  6240.1 321324.7 456060.0   3.1  158.4   224.8
