# Digested data for dctcp_w4 experiment, run at 2026-04-21 06:02:29.629696
# Averaged across 5 repeated sample(s)
# length  cum_frac  samples     p50      p99     p999   s50    s99    s999
      60  0.002267     3712   264.5  13006.2 137505.0  15.7  770.1  8141.2
      72  0.004498     3655   258.3  17511.9 157496.2  15.8 1073.0  9650.5
      92  0.007492     4903   266.6  15766.0 130517.6  16.6  979.3  8106.7
     119  0.009749     3695   265.0  15376.5 160841.0  16.7  967.1 10115.8
     154  0.011966     3632   257.0  12293.0  89460.2  16.3  781.0  5683.6
     199  0.014145     3568   252.2  15865.6 159365.0  16.1 1015.1 10196.1
     222  0.017597     5653   269.8  10274.8  67361.6  17.4  662.5  4343.1
     227  0.020203     4268   260.6  21669.1 143751.4  16.9 1401.6  9298.3
     232  0.022822     4289   279.1  14066.2 141196.1  18.2  915.2  9186.5
     237  0.025478     4350   271.6  12209.3 106730.6  17.8  799.0  6985.0
     243  0.028106     4303   262.6  17472.6 153206.5  17.4 1157.1 10146.1
     248  0.030692     4236   272.0  20430.8 198491.3  18.1 1360.2 13215.1
     254  0.033267     4216   260.3  18462.1 107546.1  17.3 1230.0  7165.0
     259  0.035876     4273   258.7  14971.2 105967.9  17.2  997.4  7059.8
     265  0.038534     4353   272.3  19562.9 171969.5  18.2 1304.2 11464.6
     271  0.041155     4293   274.5  15065.9 166402.6  18.3 1004.4 11093.5
     279  0.044444     5387   264.2  12204.5  45571.1  17.7  819.1  3058.5
     288  0.047782     5466   265.5  22948.0 103317.7  17.6 1523.8  6860.4
     297  0.051044     5342   260.6  11111.5 106011.4  17.5  744.2  7100.6
     303  0.060765    15920   265.4  15879.5 105319.1  17.8 1064.3  7058.9
     305  0.069227    13858   267.9  18118.2 119537.1  18.0 1214.4  8011.9
     308  0.077873    14159   265.9  16757.1 127961.5  17.9 1125.4  8593.8
     310  0.086462    14067   259.4  15070.7 109296.7  17.4 1009.4  7320.6
     313  0.095055    14072   262.3  15465.7 126389.6  17.5 1031.7  8431.6
     315  0.103570    13945   268.5  15926.1 131733.8  17.9 1059.6  8764.7
     318  0.112165    14075   271.0  15984.0  83428.6  17.9 1057.8  5521.4
     321  0.120796    14136   267.0  19297.9 107551.4  17.9 1290.8  7194.1
     323  0.129243    13833   266.0  16785.4 119319.2  17.8 1123.5  7986.6
     326  0.137845    14088   265.4  15810.1 133714.7  17.7 1056.8  8938.2
     331  0.144206    10416   261.6  16456.4 131503.8  17.4 1097.1  8766.9
     335  0.150650    10554   268.9  15282.4 148225.0  18.0 1020.9  9901.5
     340  0.157096    10557   270.2  17026.0 121933.1  18.1 1138.1  8150.6
     345  0.163762    10916   264.0  16298.4 179397.4  17.7 1091.7 12015.9
     350  0.170292    10694   262.8  14907.6 129865.1  17.5  995.2  8669.2
     355  0.176952    10908   269.3  13117.1  91401.2  17.9  871.6  6073.2
     360  0.183303    10400   263.4  15893.9 156241.9  17.5 1056.1 10381.5
     365  0.189798    10637   267.7  15618.7 127589.1  17.9 1041.9  8511.6
     371  0.196261    10584   267.6  16400.6 106639.1  17.8 1093.4  7109.3
     376  0.202883    10845   260.3  15440.0  88099.9  17.4 1029.3  5873.3
     385  0.207035     6800   273.6  14658.9 141808.3  18.1  971.4  9397.5
     395  0.211157     6750   270.9  12759.3 104644.0  18.0  847.8  6953.1
     405  0.215208     6635   266.0  16470.6  85551.7  17.7 1096.6  5695.9
     415  0.219334     6757   264.9  19364.4 124117.8  17.7 1291.8  8280.0
     425  0.223312     6514   266.5  16971.1  98041.3  17.8 1131.4  6536.1
     430  0.227380     6663   266.1  15684.3 105845.8  17.7 1046.3  7061.1
     435  0.231425     6623   261.2  15105.5  83357.1  17.4 1006.4  5553.4
     441  0.235530     6724   264.8  17574.0 108547.4  17.7 1172.4  7241.3
     446  0.239693     6817   273.7  12639.4  97837.2  18.2  839.8  6500.8
     452  0.243761     6663   272.9  15573.1  83677.3  18.2 1036.8  5571.1
     457  0.247881     6746   260.3  15927.5  53811.1  17.3 1059.0  3577.9
     463  0.251961     6683   264.9  20218.6 135007.0  17.6 1347.0  8994.5
     468  0.256137     6839   266.3  12434.1 104415.8  17.7  828.4  6956.4
     474  0.260177     6615   263.5  15039.6 148309.0  17.6 1002.6  9887.3
     480  0.264306     6763   264.9  13893.3  84599.8  17.6  925.0  5632.5
     491  0.283719    31792   262.4  15878.3 108029.3  17.4 1052.9  7163.7
     502  0.303152    31825   262.9  14008.7  91532.4  17.4  927.1  6057.7
     513  0.322887    32319   264.1  13928.5  88246.0  17.5  922.4  5844.1
     525  0.342602    32287   264.2  15955.2 128775.2  17.5 1055.9  8522.5
     537  0.361943    31675   263.2  14915.7 108207.3  17.5  990.4  7185.1
     549  0.381322    31736   265.1  14822.3 105588.4  17.6  982.3  6997.2
     561  0.400730    31784   267.5  15597.0  96853.9  17.8 1035.7  6431.2
     574  0.420088    31703   263.7  15582.5 114591.8  17.4 1030.6  7578.8
     587  0.439644    32027   267.3  16200.6  93224.4  17.7 1070.8  6161.6
     600  0.459163    31966   267.3  15508.7 120192.9  17.7 1024.4  7938.8
     607  0.464896     9389   263.2  17276.6 106915.9  17.4 1141.9  7066.5
     615  0.470660     9439   268.2  16341.9 157299.7  17.6 1073.0 10328.3
     623  0.476422     9437   269.0  13739.7 125137.1  17.6  900.4  8200.3
     630  0.482162     9400   269.2  17685.7 117702.4  17.7 1164.3  7748.7
     638  0.487917     9425   265.5  14613.1 114862.3  17.4  958.2  7532.0
     646  0.493604     9313   259.1  12399.0 105815.2  16.9  809.9  6911.5
     654  0.499199     9162   263.5  13788.2  97523.4  17.2  897.7  6349.2
     662  0.504937     9397   270.1  17766.6 129662.7  17.6 1156.7  8441.6
     671  0.510829     9650   267.4  15651.6 111043.1  17.4 1018.3  7224.7
     679  0.516442     9193   269.3  19855.8 159115.9  17.5 1290.2 10338.9
     685  0.519973     5782   262.4  20606.9 124988.8  17.1 1340.7  8132.0
     690  0.523490     5760   269.7  12312.2 119106.5  17.6  803.7  7774.6
     696  0.527045     5821   273.1  15524.7 123530.2  17.8 1011.4  8047.6
     702  0.530526     5701   269.3  16140.5  75580.0  17.6 1052.2  4927.0
     707  0.534097     5849   261.1  15083.9 138260.2  17.0  982.7  9007.2
     713  0.537627     5780   260.3  15237.9  78643.9  17.0  993.3  5126.7
     719  0.541202     5855   266.0  18062.8  74037.4  17.3 1174.4  4813.9
     725  0.544674     5686   266.2  15355.8  64563.9  17.3 1000.4  4206.1
     731  0.548220     5808   270.4  16929.4 152690.9  17.6 1102.2  9940.8
     737  0.551753     5786   257.4  14602.8  89211.2  16.8  950.7  5808.0
     749  0.556646     8012   269.7  17077.6 144911.4  17.5 1106.8  9391.5
     762  0.561429     7833   259.6  13930.2 120083.0  16.8  901.1  7767.3
     774  0.566290     7961   270.0  18233.9 104172.7  17.4 1174.9  6712.2
     787  0.571161     7978   268.2  15948.4 147260.9  17.3 1028.3  9494.6
     800  0.576027     7969   257.5  16053.3 131145.3  16.6 1035.7  8461.0
     816  0.579053     4955   269.3  14672.0 108801.7  17.4  948.4  7033.1
     833  0.582089     4973   265.9  15322.4 169371.1  17.2  990.5 10948.4
     850  0.585042     4835   265.9  12948.2  86090.0  17.1  834.8  5550.6
     867  0.588006     4854   269.6  16082.4 113104.5  17.4 1036.2  7287.7
     885  0.590935     4798   265.3  17738.7  92853.1  17.1 1143.0  5982.8
     914  0.594550     5920   261.3  19255.8 102230.7  16.8 1235.1  6557.5
     945  0.598291     6126   266.1  15602.6 104352.7  17.1 1000.8  6693.6
     976  0.601977     6036   266.5  15119.6 130971.0  17.0  964.9  8358.1
    1009  0.605620     5967   267.9  18290.8 135213.6  16.9 1156.2  8547.0
    1042  0.609366     6134   270.2  19636.1  96096.9  17.0 1237.3  6055.3
    1085  0.613056     6043   266.9  20561.7  98978.4  16.8 1298.1  6248.6
    1130  0.616778     6096   261.9  14834.8  93781.4  16.4  928.9  5872.3
    1177  0.620462     6033   267.4  18675.5  85441.2  16.6 1158.5  5300.3
    1226  0.624160     6056   271.5  15234.5 132988.3  16.8  941.0  8214.2
    1277  0.627910     6142   267.1  14192.7  91672.6  16.4  872.9  5637.9
    1316  0.631256     5479   268.8  20361.2 109456.9  16.5 1250.7  6723.4
    1357  0.634647     5553   262.6  16743.6  65170.8  16.1 1027.8  4000.7
    1399  0.637986     5469   267.4  18777.1 103428.6  16.4 1148.4  6325.9
    1436  0.640518     4146   257.3  11346.1 119990.1  10.7  471.2  4983.0
    1484  0.643416     4746   272.2  11271.6 131386.0  11.3  468.5  5460.8
    1534  0.646356     4815   274.1  13795.4 229398.7  11.4  572.9  9526.5
    1559  0.650490     6770   276.0  10671.1  84527.3  11.4  442.4  3504.5
    1585  0.654638     6794   273.6  14268.8 113218.1  11.3  590.6  4686.2
    1611  0.658830     6864   279.7  13085.7 148960.6  11.5  538.9  6135.1
    1637  0.662943     6736   277.2  12505.8  94417.7  11.5  518.1  3911.3
    1664  0.667042     6713   275.7  11215.3  70601.4  11.5  466.1  2934.4
    1865  0.670005     4852   273.3  12407.5 136368.2  11.4  515.5  5665.5
    2091  0.672929     4790   275.6  11549.3 140423.7  11.4  479.2  5826.7
    2412  0.676249     5436   278.0  11987.0 131639.4  11.5  497.2  5460.0
    2742  0.678969     4455   272.8  13835.1 138318.7  11.3  573.8  5737.0
    3118  0.681712     4492   285.2  12023.8  96307.2  11.1  470.0  3764.9
    3544  0.684521     4601   274.4  13875.8  81783.9  10.7  541.0  3188.5
    4030  0.687226     4430   280.9  10530.3 151598.0  10.9  407.2  5862.3
    4582  0.690047     4619   288.7  12801.0  97916.8  10.4  459.5  3514.6
    5210  0.692859     4605   276.7  12474.5 108820.7   9.9  448.4  3911.6
    5652  0.695769     4766   281.8  15558.3 123014.1  10.1  559.7  4425.0
    6132  0.698863     5067   286.8  13260.7 130486.5   9.8  453.0  4458.0
    6653  0.701762     4747   285.3  13658.1 100706.1   9.7  464.7  3426.5
    7217  0.704814     4999   276.4  13188.2 123851.2   8.9  424.5  3986.2
    7830  0.707805     4898   277.6  18024.6 192654.4   8.9  579.2  6190.7
   10373  0.710439     4314   287.3  16414.8 118696.0   8.3  473.3  3422.6
   13741  0.713051     4278   303.1  13497.3 132622.0   7.8  346.9  3408.4
   18203  0.715664     4279   314.4  14867.3 162787.1   7.2  340.4  3726.8
   24115  0.718226     4196   339.6  13742.6 166516.4   6.0  244.2  2959.2
   31946  0.720807     4227   373.2  11415.2 223905.3   5.7  173.1  3396.1
   33343  0.723688     4718   372.9  15944.1 155575.3   3.9  166.6  1625.5
   34801  0.726550     4687   386.0  18181.9 120400.2   3.8  177.5  1175.4
   36322  0.729281     4472   391.6  14403.3 113931.6   3.9  142.4  1126.7
   37450  0.732082     4588   391.0  13502.8 162266.7   4.7  163.2  1961.4
   38377  0.734859     4547   394.9  20686.3  67587.7   4.7  247.3   807.9
   39327  0.737637     4549   407.6  14274.3 130417.1   4.8  169.6  1549.3
   40382  0.741382     6134   404.3  12513.5  86549.1   3.7  115.3   797.5
   41214  0.745288     6396   413.9  16674.1 153727.6   4.8  191.6  1766.6
   42062  0.749002     6083   419.6  14493.0  73799.3   3.7  126.3   642.9
   42928  0.752756     6147   408.1  14139.1 102905.0   4.6  158.3  1152.0
   43811  0.756516     6159   422.5  12518.3 127098.3   4.3  127.6  1295.2
   44531  0.760481     6493   423.5  13305.1  86372.8   3.8  118.2   767.0
   45079  0.764513     6603   421.8  12070.0  94548.0   3.7  106.8   836.3
   45634  0.768525     6571   434.9  12695.2 108401.2   3.7  107.2   915.7
   46195  0.772595     6664   435.5  18354.7 139822.8   3.8  161.2  1227.7
   46763  0.776690     6707   438.0  13237.3  99892.8   3.8  115.4   870.8
   47435  0.782427     9395   437.1  15376.7 150482.9   3.9  135.7  1328.2
   47823  0.786146     6091   445.0  13320.1  81062.7   4.7  140.0   852.3
   48215  0.789823     6022   444.6  16960.8 114424.7   4.7  178.1  1201.4
   48609  0.793469     5970   449.1  13862.0 100266.5   3.5  109.4   791.6
   49007  0.797173     6066   447.0  14836.8 115147.9   3.8  127.1   986.5
   49408  0.800881     6074   445.9  16704.5 117033.3   4.6  173.1  1212.7
   49813  0.804570     6040   447.9  14363.1  97037.5   4.6  147.4   995.6
   50221  0.808242     6014   457.8  14782.6  85229.3   4.7  150.9   869.8
   50632  0.811962     6093   464.8  13817.4  72814.7   4.8  141.5   745.5
   51046  0.815686     6098   460.7  13972.1 150011.4   4.7  143.2  1537.8
   55381  0.818519     4640   485.3  15792.4 114584.0   3.8  124.6   904.2
   60084  0.821463     4821   527.8  15853.3 183101.0   4.0  120.2  1388.8
   64132  0.824779     5431   539.5  14675.8  77818.9   3.8  103.8   550.2
   66528  0.827566     4563   579.8  17454.1 147635.1   4.3  128.3  1085.3
   69014  0.830299     4476   582.3  17107.6 132132.6   4.2  122.3   944.5
   71156  0.833114     4611   614.9  14788.8 173748.0   4.8  115.2  1353.8
   72473  0.835917     4590   614.4  21624.9 188680.4   4.8  167.8  1464.3
   73814  0.838662     4495   617.9  20862.1 118779.6   4.8  161.5   919.4
   75180  0.841503     4653   620.7  14238.5 171063.2   3.7   84.7  1017.1
   75795  0.844525     4950   624.9  16671.9 136720.2   4.4  118.2   969.5
   76416  0.847446     4783   624.5  12923.2 148563.2   3.7   76.1   874.8
   77041  0.850473     4957   646.7  13758.2 160594.3   4.0   84.3   983.6
   77672  0.853467     4904   632.1  13299.6 117011.2   4.3   90.5   796.4
   78307  0.856548     5045   640.0  16053.9 134149.2   4.1  102.5   856.4
   78948  0.859532     4887   636.4  14226.1 108375.7   4.0   88.3   672.9
   79595  0.862490     4844   644.7  20902.8 159792.1   4.1  131.6  1005.7
   80246  0.865387     4744   670.8  19256.4 177665.3   4.0  113.4  1046.3
   80903  0.868361     4871   645.2  18450.9 173282.1   3.9  112.2  1054.0
   81565  0.871372     4931   686.5  18223.9  89174.1   4.2  111.8   547.3
   85305  0.874837     5675   694.3  14186.2  78290.6   4.1   84.7   467.5
   89216  0.878274     5629   723.1  15136.3  96761.3   4.2   88.4   565.1
   93306  0.881676     5571   748.6  20188.7 103784.1   4.3  116.4   598.5
   97584  0.885080     5575   767.1  16615.3 131446.6   4.1   88.9   703.1
  102058  0.888454     5525   790.7  18298.1 171687.0   4.1   94.2   884.0
  105871  0.891350     4743   863.5  18300.5 161370.3   4.2   88.9   784.2
  109826  0.894043     4410   865.4  17016.3 137688.4   3.9   76.9   621.8
  113929  0.896765     4457   874.0  15891.7 154804.5   3.9   70.1   682.7
  118669  0.899566     4588   930.6  14328.6 124920.7   4.3   67.0   583.9
  123857  0.902344     4550   951.3  14257.2 132797.3   4.4   65.4   609.1
  129272  0.905087     4491  1004.4  15375.3 170758.4   4.3   65.4   726.5
  135199  0.907903     4613  1053.1  19600.3 150997.9   4.3   80.2   617.6
  141975  0.910729     4628  1099.0  20134.4 141437.3   3.1   56.9   399.4
  149091  0.913484     4512  1139.8  18482.3 190042.9   3.0   48.1   494.2
  156563  0.916281     4580  1205.0  24846.5 166309.4   3.2   66.2   443.4
  164410  0.919073     4572  1242.7  17920.9 109971.2   3.1   44.0   270.3
  172651  0.921866     4575  1311.6  20975.7 182722.9   3.0   48.3   420.5
  181304  0.924584     4451  1364.3  22923.3 154169.2   3.1   51.8   348.4
  189618  0.927369     4560  1383.4  22634.6 152285.8   2.9   47.4   319.0
  197911  0.930164     4578  1486.9  24643.0 134025.8   3.1   51.3   279.2
  206566  0.932806     4327  1553.1  20788.2 177626.2   3.2   42.5   362.8
  215160  0.935587     4554  1585.7  21274.6 260496.1   3.1   42.3   517.3
  223195  0.938321     4477  1643.2  26812.7 174633.9   3.2   51.7   336.7
  231530  0.941107     4563  1692.1  22779.3 157853.9   3.2   42.8   296.8
  240177  0.943997     4733  1769.5  22529.7 168104.3   3.1   39.6   295.2
  253761  0.946785     4566  1889.2  22492.6 147410.8   3.3   39.0   255.6
  268113  0.949578     4573  1995.1  23235.6 145623.3   3.3   38.6   241.9
  283277  0.952358     4553  2035.7  28499.1 109865.2   3.2   44.7   172.2
  318166  0.955100     4491  2286.0  25026.0 167252.3   3.3   36.3   242.9
  368444  0.957838     4484  2686.0  40480.3 135356.5   3.5   52.8   176.4
  426666  0.960662     4625  3062.0  29900.0 130758.9   3.3   31.9   139.5
  514641  0.963676     4935  3665.5  41657.7 166413.4   3.3   37.6   150.4
  643946  0.966395     4454  4486.7  51472.1 195453.3   3.0   34.9   132.5
  792711  0.969176     4554  5594.4  45189.4 138217.9   3.2   26.2    80.1
  940700  0.971803     4302  6519.5  56246.0 150185.2   3.2   28.0    74.7
 1000000  1.000000    46178  7003.8  64000.4 156854.6   3.5   31.6    77.3
