# Fraction of RTTS longer than a given time for dctcp_multiplex_s4_w4 experiment
# Includes messages <= 315 bytes; measured at 2026-04-21 06:02:29.629696
# Averaged across 5 repeated sample(s)
# Data collected at 2026-04-21 06:02:29.629696 
#       usec        frac
      30.900  0.99998956
      32.020  0.99998458
      32.420  0.99996522
      33.190  0.99996059
      33.530  0.99993081
      33.870  0.99990658
      34.220  0.99983338
      34.570  0.99976749
      34.930  0.99972040
      35.280  0.99961468
      35.730  0.99945896
      36.100  0.99931428
      36.470  0.99912524
      36.850  0.99885336
      37.220  0.99854031
      37.600  0.99824318
      37.980  0.99790300
      38.360  0.99744074
      38.750  0.99694220
      39.140  0.99628910
      39.540  0.99566322
      39.940  0.99494084
      40.340  0.99414121
      40.750  0.99331212
      41.160  0.99251461
      41.580  0.99157227
      42.000  0.99065197
      42.420  0.98973389
      42.860  0.98873413
      43.290  0.98759885
      43.730  0.98655370
      44.170  0.98538673
      44.620  0.98421859
      45.070  0.98288559
      45.530  0.98160634
      45.990  0.98033514
      46.450  0.97887049
      46.920  0.97736317
      47.390  0.97593448
      47.870  0.97424599
      48.350  0.97259497
      48.840  0.97095093
      49.330  0.96905824
      49.830  0.96706620
      50.330  0.96496650
      50.840  0.96276635
      51.350  0.96045022
      51.870  0.95803299
      52.390  0.95543517
      52.920  0.95285260
      53.450  0.94968188
      53.990  0.94659295
      54.530  0.94354132
      55.080  0.94018832
      55.640  0.93676580
      56.200  0.93324981
      56.770  0.92960173
      57.340  0.92610311
      57.920  0.92240072
      58.500  0.91872293
      59.090  0.91508429
      59.690  0.91147527
      60.290  0.90769472
      60.900  0.90394721
      61.510  0.90039749
      62.130  0.89690948
      62.760  0.89356507
      63.390  0.89012781
      64.030  0.88687075
      64.680  0.88342505
      65.330  0.88007100
      65.990  0.87705917
      66.650  0.87392632
      67.320  0.87070461
      68.000  0.86768528
      68.680  0.86467490
      69.370  0.86139956
      70.070  0.85856090
      70.780  0.85530689
      71.490  0.85229274
      72.210  0.84915705
      72.940  0.84629620
      73.670  0.84353833
      74.410  0.84084629
      75.160  0.83808279
      75.920  0.83530130
      76.680  0.83227109
      77.450  0.82944147
      78.230  0.82658431
      79.020  0.82391730
      79.820  0.82114167
      80.620  0.81836485
      81.430  0.81559773
      82.250  0.81302630
      83.080  0.81049417
      83.920  0.80783374
      84.760  0.80520519
      85.610  0.80254566
      86.470  0.79984826
      87.340  0.79722186
      88.220  0.79441157
      89.110  0.79158800
      90.010  0.78911051
      90.920  0.78649108
      91.830  0.78392863
      92.750  0.78151153
      93.680  0.77892352
      94.620  0.77641005
      95.570  0.77378811
      96.530  0.77124234
      97.500  0.76848108
      98.480  0.76591723
      99.470  0.76329450
     100.470  0.76074035
     101.480  0.75810286
     102.500  0.75549405
     103.530  0.75305732
     104.570  0.75047346
     105.620  0.74772368
     106.680  0.74509811
     107.750  0.74243117
     108.830  0.73993539
     109.920  0.73734944
     111.020  0.73495305
     112.140  0.73222260
     113.270  0.72950848
     114.410  0.72702440
     115.560  0.72470302
     116.720  0.72203427
     117.890  0.71937273
     119.070  0.71689044
     120.270  0.71421916
     121.490  0.71134477
     122.710  0.70856149
     123.940  0.70576958
     125.180  0.70309034
     126.440  0.70045272
     127.710  0.69796798
     128.990  0.69525898
     130.280  0.69274673
     131.590  0.68995744
     132.910  0.68725016
     134.240  0.68459308
     135.590  0.68189599
     136.950  0.67909921
     138.320  0.67628429
     139.710  0.67349632
     141.110  0.67057591
     142.530  0.66775654
     143.960  0.66498767
     145.400  0.66224666
     146.860  0.65956491
     148.330  0.65691682
     149.820  0.65407986
     151.320  0.65137002
     152.840  0.64872441
     154.370  0.64609314
     155.920  0.64322780
     157.480  0.64043110
     159.060  0.63756598
     160.660  0.63484216
     162.270  0.63181422
     163.900  0.62901345
     165.540  0.62613930
     167.200  0.62331107
     168.880  0.62037959
     170.570  0.61776370
     172.280  0.61494022
     174.010  0.61223874
     175.760  0.60941687
     177.520  0.60666248
     179.300  0.60390030
     181.110  0.60102644
     182.930  0.59836256
     184.760  0.59535518
     186.610  0.59234500
     188.480  0.58955800
     190.370  0.58647706
     192.280  0.58344590
     194.210  0.58044695
     196.170  0.57776254
     198.140  0.57471044
     200.130  0.57166993
     202.140  0.56876239
     204.170  0.56596814
     206.220  0.56293758
     208.290  0.55996725
     210.380  0.55693214
     212.490  0.55397793
     214.620  0.55097180
     216.770  0.54803221
     218.940  0.54497805
     221.130  0.54214954
     223.350  0.53925337
     225.590  0.53634443
     227.850  0.53361089
     230.140  0.53073311
     232.450  0.52778526
     234.790  0.52490003
     237.140  0.52187250
     239.520  0.51912553
     241.920  0.51622862
     244.340  0.51301066
     246.810  0.50997112
     249.280  0.50711001
     251.780  0.50416774
     254.300  0.50112795
     256.850  0.49819670
     259.420  0.49530241
     262.020  0.49198015
     264.650  0.48904392
     267.300  0.48612755
     269.980  0.48307694
     272.700  0.47992852
     275.430  0.47707940
     278.190  0.47373424
     280.980  0.47071819
     283.790  0.46773423
     286.640  0.46485171
     289.510  0.46185288
     292.410  0.45912537
     295.340  0.45626469
     298.300  0.45325058
     301.290  0.45042315
     304.310  0.44771953
     307.360  0.44481071
     310.440  0.44176222
     313.560  0.43879912
     316.700  0.43605868
     319.900  0.43328402
     323.100  0.43039474
     326.360  0.42747041
     329.630  0.42450812
     332.930  0.42153342
     336.260  0.41849861
     339.630  0.41565201
     343.040  0.41279453
     346.490  0.40985886
     349.980  0.40697685
     353.480  0.40423455
     357.020  0.40145324
     360.600  0.39875588
     364.210  0.39587500
     367.860  0.39313028
     371.560  0.39048415
     375.280  0.38773884
     379.040  0.38501256
     382.840  0.38219415
     386.670  0.37941205
     390.550  0.37652211
     394.460  0.37381437
     398.410  0.37101943
     402.400  0.36851577
     406.440  0.36574041
     410.510  0.36307902
     414.620  0.36063629
     418.820  0.35802196
     423.010  0.35524556
     427.250  0.35271017
     431.530  0.35031430
     435.850  0.34762233
     440.210  0.34493251
     444.620  0.34223325
     449.070  0.33969174
     453.570  0.33713316
     458.140  0.33447564
     462.730  0.33186756
     467.360  0.32937624
     472.070  0.32685727
     476.820  0.32447222
     481.610  0.32220927
     486.440  0.31984999
     491.310  0.31738114
     496.230  0.31495112
     501.210  0.31265325
     506.260  0.31027800
     511.340  0.30778884
     516.460  0.30552102
     521.640  0.30322492
     526.880  0.30091220
     532.150  0.29880627
     537.490  0.29645878
     542.870  0.29421620
     548.300  0.29186921
     553.790  0.28960653
     559.330  0.28748724
     564.930  0.28533443
     570.620  0.28326984
     576.330  0.28099465
     582.100  0.27898041
     587.930  0.27681217
     593.810  0.27484784
     599.750  0.27273464
     605.760  0.27065952
     611.820  0.26855253
     617.940  0.26664962
     624.120  0.26488324
     630.370  0.26294352
     636.710  0.26102436
     643.080  0.25894805
     649.540  0.25716753
     656.040  0.25534137
     662.620  0.25349716
     669.250  0.25163400
     675.990  0.24993639
     682.770  0.24823786
     689.600  0.24659343
     696.500  0.24506576
     703.470  0.24333217
     710.510  0.24170869
     717.620  0.23989129
     724.880  0.23826615
     732.140  0.23677938
     739.490  0.23523457
     746.890  0.23372040
     754.400  0.23219430
     761.960  0.23068999
     769.580  0.22906139
     777.330  0.22747080
     785.160  0.22600229
     793.060  0.22443152
     801.010  0.22304301
     809.040  0.22160164
     817.140  0.22039626
     825.330  0.21912294
     833.590  0.21770470
     841.970  0.21628289
     850.410  0.21493926
     858.940  0.21356808
     867.560  0.21228496
     876.240  0.21095667
     885.010  0.20973987
     893.900  0.20853380
     902.890  0.20725003
     911.930  0.20596977
     921.060  0.20478000
     930.310  0.20356095
     939.680  0.20228107
     949.220  0.20102959
     958.730  0.19992646
     968.320  0.19871378
     978.100  0.19765360
     987.900  0.19653210
     997.780  0.19534825
    1007.780  0.19414869
    1017.910  0.19320041
    1028.160  0.19204639
    1038.500  0.19092973
    1048.920  0.18994218
    1059.420  0.18879887
    1070.020  0.18779852
    1080.780  0.18685925
    1091.690  0.18589817
    1102.660  0.18499042
    1113.740  0.18396916
    1124.900  0.18293034
    1136.160  0.18196496
    1147.620  0.18108907
    1159.130  0.18001516
    1170.900  0.17911869
    1182.670  0.17817530
    1194.610  0.17720857
    1206.570  0.17640047
    1218.670  0.17561987
    1230.880  0.17470303
    1243.260  0.17390667
    1255.770  0.17297947
    1268.340  0.17213296
    1281.080  0.17123328
    1294.110  0.17035106
    1307.100  0.16957946
    1320.280  0.16875715
    1333.550  0.16792905
    1346.900  0.16713962
    1360.390  0.16637210
    1374.140  0.16559323
    1387.900  0.16488955
    1401.930  0.16416803
    1416.060  0.16351861
    1430.250  0.16281939
    1444.800  0.16212738
    1459.260  0.16134710
    1474.000  0.16078598
    1489.100  0.16019109
    1504.080  0.15946145
    1519.130  0.15893207
    1534.350  0.15827500
    1549.730  0.15756721
    1565.250  0.15702390
    1580.910  0.15643244
    1596.870  0.15579168
    1613.260  0.15519748
    1629.590  0.15462166
    1646.280  0.15390946
    1662.830  0.15340475
    1679.610  0.15272508
    1696.830  0.15220224
    1713.910  0.15159898
    1731.240  0.15104382
    1748.610  0.15039400
    1766.110  0.14986167
    1783.980  0.14932088
    1802.280  0.14886213
    1820.470  0.14826716
    1838.750  0.14764564
    1857.200  0.14719595
    1875.890  0.14672398
    1894.750  0.14623211
    1913.760  0.14562218
    1933.030  0.14506278
    1952.370  0.14459084
    1972.270  0.14411298
    1992.250  0.14366277
    2012.310  0.14314067
    2033.490  0.14266651
    2053.850  0.14219645
    2074.670  0.14170119
    2095.630  0.14115465
    2116.720  0.14071687
    2138.060  0.14027655
    2159.860  0.13982385
    2181.660  0.13936943
    2204.130  0.13893433
    2226.240  0.13856469
    2248.710  0.13815776
    2271.320  0.13773851
    2294.270  0.13733014
    2317.510  0.13693477
    2341.270  0.13653001
    2364.720  0.13613245
    2388.940  0.13576578
    2413.030  0.13535587
    2437.440  0.13495692
    2461.860  0.13449272
    2486.630  0.13411547
    2511.950  0.13382347
    2537.240  0.13340457
    2563.180  0.13298473
    2589.450  0.13256908
    2615.500  0.13213726
    2641.830  0.13175016
    2669.100  0.13141383
    2696.510  0.13112403
    2723.810  0.13080922
    2751.100  0.13047188
    2778.640  0.13012389
    2806.680  0.12974222
    2835.580  0.12940645
    2863.950  0.12907683
    2892.660  0.12870005
    2921.780  0.12832644
    2951.330  0.12800540
    2981.000  0.12769015
    3010.940  0.12731816
    3041.820  0.12689276
    3072.910  0.12652669
    3104.000  0.12620940
    3135.210  0.12586837
    3166.600  0.12551098
    3198.610  0.12520314
    3232.500  0.12493374
    3265.480  0.12458345
    3298.550  0.12417941
    3331.710  0.12372605
    3365.290  0.12337968
    3399.050  0.12299991
    3433.080  0.12267476
    3468.540  0.12227035
    3504.100  0.12188561
    3539.260  0.12150343
    3574.680  0.12111322
    3610.690  0.12073892
    3646.810  0.12040471
    3683.610  0.12007431
    3722.250  0.11975987
    3759.800  0.11934929
    3797.790  0.11901421
    3836.510  0.11865132
    3875.200  0.11830907
    3914.030  0.11798267
    3953.850  0.11764040
    3994.230  0.11731185
    4035.620  0.11696864
    4076.390  0.11664863
    4117.290  0.11629355
    4159.240  0.11597034
    4201.870  0.11561521
    4244.060  0.11525988
    4286.990  0.11492538
    4330.430  0.11453223
    4373.940  0.11414707
    4418.280  0.11378606
    4462.670  0.11343348
    4508.140  0.11309317
    4553.500  0.11260575
    4599.710  0.11225823
    4646.880  0.11184054
    4694.990  0.11147190
    4742.250  0.11115966
    4789.960  0.11076573
    4838.850  0.11036361
    4887.410  0.10994179
    4936.410  0.10955123
    4985.910  0.10911710
    5036.980  0.10874028
    5087.470  0.10823036
    5139.130  0.10776179
    5190.990  0.10735405
    5242.970  0.10695189
    5295.710  0.10647246
    5349.020  0.10607443
    5402.750  0.10560947
    5457.280  0.10513599
    5514.460  0.10465724
    5570.830  0.10425490
    5626.650  0.10388439
    5683.280  0.10335593
    5740.140  0.10285384
    5798.360  0.10240281
    5856.810  0.10190312
    5917.020  0.10149202
    5976.640  0.10102881
    6036.620  0.10054822
    6097.400  0.09999857
    6159.140  0.09945849
    6223.450  0.09899135
    6286.960  0.09851453
    6350.640  0.09799294
    6414.360  0.09746616
    6479.700  0.09692680
    6544.570  0.09637616
    6610.050  0.09584301
    6677.150  0.09543510
    6744.690  0.09481738
    6812.200  0.09429740
    6880.910  0.09368842
    6949.810  0.09308268
    7019.540  0.09260961
    7090.150  0.09209618
    7161.250  0.09147149
    7232.940  0.09096486
    7305.280  0.09036260
    7382.330  0.08980190
    7456.500  0.08918532
    7531.850  0.08850397
    7609.560  0.08789854
    7686.780  0.08733521
    7763.690  0.08658067
    7841.480  0.08589473
    7920.140  0.08529462
    7999.690  0.08468436
    8079.870  0.08404581
    8161.000  0.08339898
    8242.650  0.08269018
    8326.100  0.08196362
    8409.840  0.08134833
    8495.830  0.08072493
    8580.850  0.08020626
    8668.290  0.07946709
    8755.420  0.07875834
    8843.830  0.07797998
    8932.680  0.07738486
    9022.100  0.07670394
    9112.520  0.07600578
    9203.960  0.07529282
    9296.140  0.07468542
    9389.210  0.07404385
    9483.120  0.07336978
    9578.130  0.07263946
    9668.570  0.07191287
    9765.770  0.07120295
    9863.650  0.07052171
    9959.240  0.06981631
   10051.860  0.06911662
   10152.550  0.06842793
   10240.630  0.06773947
   10331.470  0.06706019
   10432.410  0.06638520
   10526.620  0.06571925
   10626.180  0.06505841
   10708.740  0.06440335
   10796.800  0.06375888
   10891.060  0.06311803
   10977.110  0.06248414
   11060.240  0.06185898
   11160.660  0.06123593
   11250.840  0.06062221
   11349.510  0.06001283
   11458.650  0.05941166
   11547.800  0.05881663
   11634.330  0.05822500
   11713.270  0.05764109
   11803.670  0.05706241
   11894.790  0.05648767
   11991.910  0.05592063
   12072.410  0.05536019
   12168.290  0.05480291
   12246.020  0.05425471
   12343.780  0.05371083
   12439.700  0.05316958
   12544.010  0.05263375
   12649.750  0.05210608
   12730.890  0.05158462
   12827.100  0.05106705
   12924.340  0.05055254
   13033.250  0.05004596
   13134.140  0.04954177
   13239.670  0.04904189
   13333.890  0.04855114
   13434.750  0.04806389
   13517.320  0.04758306
   13614.710  0.04710587
   13695.890  0.04663394
   13796.560  0.04616516
   13889.250  0.04570161
   13989.580  0.04524043
   14071.090  0.04478561
   14159.560  0.04433605
   14254.860  0.04389209
   14347.950  0.04345291
   14445.720  0.04301373
   14536.060  0.04258100
   14628.360  0.04215439
   14728.900  0.04172795
   14824.980  0.04130881
   14917.650  0.04089272
   14997.650  0.04048100
   15085.410  0.04007171
   15195.120  0.03966891
   15293.790  0.03926838
   15397.970  0.03887338
   15498.010  0.03848222
   15605.870  0.03809523
   15715.530  0.03771056
   15819.120  0.03733015
   15902.140  0.03695619
   16017.270  0.03658564
   16123.750  0.03621855
   16243.520  0.03585527
   16348.250  0.03549296
   16442.570  0.03513621
   16544.440  0.03478253
   16675.390  0.03443120
   16767.760  0.03408408
   16870.600  0.03374035
   16989.740  0.03339902
   17108.210  0.03306345
   17230.650  0.03273223
   17373.420  0.03240346
   17479.110  0.03207514
   17617.940  0.03175242
   17729.630  0.03143150
   17822.760  0.03111367
   17927.010  0.03079821
   18042.430  0.03048734
   18158.530  0.03017977
   18279.240  0.02987377
   18401.470  0.02957184
   18519.850  0.02927460
   18624.520  0.02897765
   18745.370  0.02868303
   18872.640  0.02839460
   19000.480  0.02810993
   19145.320  0.02782548
   19266.640  0.02754432
   19400.200  0.02726677
   19598.200  0.02699519
   19766.760  0.02672152
   19927.650  0.02645388
   20076.150  0.02618880
   20251.820  0.02592573
   20428.370  0.02566198
   20595.320  0.02540166
   20769.260  0.02514331
   20937.580  0.02489166
   21132.550  0.02463801
   21302.210  0.02439058
   21457.820  0.02414667
   21603.690  0.02390379
   21821.510  0.02366696
   22041.720  0.02346402
   22209.780  0.02322676
   22406.950  0.02299078
   22578.300  0.02276031
   22776.990  0.02252943
   22947.990  0.02230045
   23121.260  0.02207664
   23342.020  0.02185509
   23576.440  0.02164081
   23758.140  0.02142308
   23997.940  0.02124383
   24200.000  0.02102803
   24415.420  0.02081775
   24624.400  0.02060582
   24873.770  0.02042486
   25124.100  0.02023901
   25381.460  0.02004084
   25636.540  0.01987580
   25895.440  0.01969649
   26136.500  0.01949761
   26400.700  0.01933754
   26672.040  0.01916715
   26939.540  0.01903711
   27164.550  0.01884565
   27454.670  0.01868331
   27755.120  0.01850640
   28058.750  0.01833349
   28348.790  0.01818473
   28633.240  0.01805956
   28925.850  0.01791619
   29215.200  0.01780845
   29507.690  0.01767111
   29811.720  0.01754987
   30112.860  0.01739536
   30417.950  0.01725379
   30727.720  0.01713533
   31052.380  0.01696458
   31365.750  0.01683806
   31697.160  0.01668290
   32018.490  0.01656243
   32382.170  0.01644581
   32719.930  0.01631396
   33053.270  0.01618888
   33384.370  0.01604840
   33725.880  0.01591647
   34067.230  0.01580376
   34418.850  0.01566536
   34815.830  0.01556736
   35170.480  0.01542774
   35528.260  0.01528522
   35901.390  0.01515325
   36273.490  0.01504306
   36645.580  0.01489781
   37032.490  0.01476874
   37365.290  0.01462029
   37745.320  0.01448466
   38133.070  0.01435865
   38515.840  0.01424522
   38905.910  0.01414187
   39280.390  0.01399911
   39599.570  0.01385837
   40002.460  0.01375492
   40430.090  0.01363909
   40835.990  0.01351320
   41261.630  0.01338480
   41607.130  0.01324931
   42025.440  0.01312412
   42449.280  0.01302573
   42768.830  0.01289409
   43200.060  0.01276247
   43664.540  0.01267122
   44111.550  0.01257366
   44434.550  0.01244790
   44894.080  0.01237314
   45365.560  0.01229565
   45829.120  0.01217898
   46290.180  0.01207793
   46711.080  0.01195301
   47156.090  0.01183068
   47633.970  0.01173221
   48149.660  0.01163833
   48573.850  0.01151742
   48939.380  0.01140088
   49211.460  0.01128637
   49605.480  0.01117163
   49991.890  0.01105857
   50477.240  0.01094482
   51009.140  0.01083693
   51498.130  0.01072527
   51895.980  0.01061386
   52489.630  0.01052460
   53027.590  0.01041609
   53392.400  0.01030899
   53828.910  0.01020589
   54307.330  0.01010245
   54630.580  0.00999717
   55145.360  0.00989456
   55591.860  0.00979314
   56168.830  0.00970049
   56670.840  0.00959975
   57088.000  0.00950124
   57567.390  0.00940553
   58220.470  0.00932649
   58631.920  0.00922978
   59143.190  0.00913335
   59752.070  0.00904055
   60118.600  0.00894693
   60693.170  0.00885437
   61307.260  0.00877680
   61803.620  0.00868851
   62489.230  0.00860070
   62967.320  0.00851251
   63516.820  0.00842673
   64072.100  0.00833894
   64546.830  0.00825467
   64993.110  0.00816732
   65459.730  0.00808189
   65898.020  0.00800013
   66253.030  0.00791734
   66791.400  0.00783559
   67127.010  0.00775410
   67658.960  0.00767201
   68200.320  0.00759498
   68636.010  0.00751688
   69148.860  0.00743673
   69574.120  0.00735798
   70073.330  0.00728120
   70435.100  0.00720811
   70968.130  0.00713446
   71487.480  0.00706267
   71819.600  0.00698967
   72383.020  0.00691749
   72807.250  0.00684369
   73290.830  0.00677068
   73639.750  0.00669832
   74308.920  0.00663046
   74911.230  0.00656309
   75276.400  0.00649499
   75720.890  0.00642821
   76148.460  0.00636047
   76752.310  0.00629369
   77170.900  0.00622675
   77800.970  0.00616279
   78158.130  0.00609797
   78616.330  0.00603438
   79043.950  0.00597165
   79465.000  0.00591019
   80076.600  0.00584698
   80647.310  0.00578411
   81135.050  0.00572206
   81429.560  0.00566419
   81731.560  0.00560592
   82435.210  0.00554777
   82841.800  0.00549024
   83186.860  0.00543162
   83458.740  0.00537324
   84121.820  0.00531464
   84470.800  0.00525699
   84983.280  0.00519981
   85823.740  0.00514688
   86149.760  0.00509409
   86881.320  0.00504140
   87318.970  0.00498886
   87963.900  0.00493654
   88600.100  0.00488411
   89047.730  0.00483117
   89409.630  0.00478195
   89686.950  0.00473399
   89963.940  0.00468606
   90479.760  0.00463752
   90942.930  0.00458721
   91419.150  0.00453903
   91883.710  0.00449060
   92481.110  0.00444207
   93246.390  0.00439411
   93721.430  0.00434737
   94022.280  0.00430358
   94412.280  0.00425954
   94915.900  0.00421660
   95379.270  0.00417211
   95831.140  0.00412846
   96361.170  0.00408419
   96965.920  0.00404026
   97505.400  0.00399624
   98204.460  0.00395304
   98449.720  0.00390964
   98879.910  0.00387012
   99287.560  0.00383118
   99734.780  0.00379203
  100320.800  0.00375272
  101036.990  0.00371394
  101466.700  0.00367634
  101864.150  0.00363778
  102495.450  0.00359994
  102945.390  0.00356137
  103379.410  0.00352291
  104657.070  0.00348447
  105422.170  0.00344528
  105860.250  0.00340660
  106364.180  0.00337232
  106957.130  0.00333850
  107534.120  0.00330433
  108254.170  0.00327124
  108550.080  0.00323706
  108989.230  0.00320219
  109429.230  0.00316800
  109840.220  0.00313395
  110341.700  0.00310145
  111017.540  0.00306715
  111566.840  0.00303334
  112056.250  0.00300010
  112456.310  0.00296569
  113016.290  0.00293580
  113449.520  0.00290269
  114039.560  0.00287273
  114425.180  0.00284332
  115104.770  0.00281413
  115658.370  0.00278494
  116736.810  0.00275610
  117230.860  0.00272715
  117685.850  0.00269867
  118235.470  0.00266996
  118814.530  0.00264137
  119052.570  0.00261267
  119435.360  0.00258419
  119847.280  0.00255497
  120239.310  0.00252615
  120546.300  0.00249649
  121309.400  0.00246766
  121590.040  0.00243824
  122111.680  0.00241367
  122339.700  0.00238887
  122977.240  0.00236028
  123574.230  0.00233572
  124240.450  0.00231106
  124486.550  0.00228720
  124867.990  0.00226264
  125373.150  0.00223843
  125638.300  0.00221412
  126327.410  0.00219027
  126995.020  0.00216666
  127528.450  0.00214245
  128312.000  0.00211850
  128815.390  0.00209429
  129188.800  0.00206985
  130023.570  0.00204601
  130362.900  0.00202206
  131031.400  0.00199820
  131307.570  0.00197448
  132200.520  0.00195050
  132881.610  0.00193093
  133750.810  0.00190743
  134106.380  0.00188810
  134220.100  0.00186780
  134937.060  0.00184845
  135420.400  0.00182887
  135782.430  0.00180988
  136250.900  0.00178960
  136598.100  0.00177050
  137249.560  0.00175200
  137653.860  0.00173302
  138150.870  0.00171416
  138383.280  0.00169455
  139252.890  0.00167522
  140094.120  0.00165529
  140797.550  0.00163643
  141405.960  0.00161757
  142203.500  0.00159858
  142855.360  0.00157935
  143291.750  0.00156073
  144487.130  0.00154127
  145195.490  0.00152165
  146175.730  0.00150170
  146907.830  0.00148628
  147897.420  0.00146731
  148610.720  0.00144821
  149250.500  0.00142924
  149315.790  0.00141463
  150854.110  0.00139933
  151239.870  0.00138508
  151884.810  0.00137073
  152934.900  0.00135612
  154356.650  0.00134151
  155121.200  0.00132690
  155422.360  0.00131196
  156161.520  0.00129722
  156954.950  0.00128249
  158037.330  0.00126777
  158475.840  0.00125389
  158741.420  0.00123964
  159076.310  0.00122541
  159611.400  0.00121118
  160538.700  0.00119683
  160755.690  0.00118236
  161194.780  0.00116774
  161960.010  0.00115314
  162438.020  0.00113879
  162719.710  0.00112419
  163098.490  0.00111031
  163838.330  0.00109606
  164611.440  0.00108171
  164899.770  0.00106675
  165496.270  0.00105214
  166292.760  0.00103789
  166858.930  0.00102316
  167272.330  0.00100916
  168059.610  0.00099469
  168310.100  0.00097996
  168855.760  0.00096571
  168940.350  0.00095539
  169611.190  0.00094471
  170370.580  0.00093402
  171374.300  0.00092428
  172046.600  0.00091454
  172510.890  0.00090529
  173696.240  0.00089531
  174213.130  0.00088559
  174869.080  0.00087563
  175283.650  0.00086602
  175936.310  0.00085533
  176599.600  0.00084584
  177052.160  0.00083624
  177774.780  0.00082650
  178081.110  0.00081617
  178374.280  0.00080680
  178575.800  0.00079683
  178838.320  0.00078709
  178952.130  0.00077737
  179215.870  0.00076763
  179973.460  0.00075789
  180533.600  0.00074828
  181306.840  0.00073832
  182400.530  0.00072871
  182903.390  0.00071899
  183312.210  0.00070901
  183787.540  0.00069941
  184007.270  0.00068897
  186033.880  0.00067924
  186822.420  0.00066962
  187720.140  0.00066037
  188273.160  0.00064969
  189400.600  0.00064009
  190179.450  0.00063011
  191570.580  0.00062050
  192701.840  0.00061125
  193181.140  0.00060153
  193754.590  0.00059192
  194561.110  0.00058243
  195096.740  0.00057306
  195623.460  0.00056344
  197123.860  0.00055384
  197469.790  0.00054351
  198174.630  0.00053307
  198544.290  0.00052738
  198577.530  0.00052168
  198968.670  0.00051194
  199715.360  0.00050257
  201043.760  0.00049295
  201467.290  0.00048797
  201934.220  0.00048227
  202256.890  0.00047658
  202923.660  0.00047158
  202940.940  0.00046221
  203023.020  0.00045722
  203129.050  0.00045223
  203405.370  0.00044654
  203413.990  0.00044179
  204141.370  0.00043680
  204182.200  0.00043182
  204217.950  0.00042682
  204798.010  0.00042183
  204835.770  0.00041613
  204920.930  0.00041139
  205344.780  0.00040664
  206076.080  0.00040190
  206283.550  0.00039727
  206591.870  0.00039253
  206610.330  0.00038683
  206708.990  0.00038209
  206951.340  0.00037711
  207153.750  0.00037141
  207257.420  0.00036642
  207300.070  0.00036179
  207339.610  0.00035717
  207762.680  0.00035219
  207790.370  0.00034721
  207835.770  0.00034258
  207836.220  0.00033760
  208059.700  0.00033286
  208424.450  0.00032716
  208437.350  0.00032242
  208482.300  0.00031672
  208499.320  0.00031209
  208672.240  0.00030735
  208835.300  0.00030235
  208946.220  0.00029761
  208954.140  0.00029263
  209034.510  0.00028765
  209037.000  0.00028267
  209294.350  0.00027697
  209808.950  0.00027199
  210142.790  0.00026700
  210839.570  0.00026225
  211385.520  0.00025763
  211636.580  0.00025263
  211805.050  0.00024764
  212060.100  0.00024194
  213376.810  0.00023696
  213505.980  0.00023233
  213602.730  0.00022735
  213775.950  0.00022261
  213836.070  0.00021798
  214145.940  0.00021336
  217056.760  0.00020873
  217177.590  0.00020375
  217179.070  0.00019901
  217262.060  0.00019438
  218640.420  0.00018964
  220681.220  0.00018489
  221582.260  0.00017991
  221932.440  0.00017517
  222402.950  0.00017043
  224330.720  0.00016580
  224373.990  0.00016117
  226760.160  0.00015655
  227872.700  0.00015155
  228228.510  0.00014656
  229402.200  0.00014156
  229747.790  0.00013658
  230138.990  0.00013195
  230734.070  0.00012697
  230984.680  0.00012198
  232165.420  0.00011700
  232196.020  0.00011202
  234541.840  0.00010739
  241691.670  0.00010240
  250847.620  0.00009777
  251811.260  0.00009314
  256589.820  0.00008816
  257987.080  0.00008317
  263210.610  0.00007747
  264690.050  0.00007249
  267491.610  0.00006786
  274405.750  0.00006288
  277535.840  0.00005826
  281979.730  0.00005351
  288216.070  0.00004877
  290528.800  0.00004414
  294236.480  0.00003916
  297394.430  0.00003418
  297970.160  0.00002919
  300835.500  0.00002421
  311109.050  0.00001923
  334816.100  0.00001460
  335950.150  0.00000962
  348576.170  0.00000500
  394757.530  0.00000000
