# Fraction of RTTS longer than a given time for homa_w4 experiment
# Includes messages <= 315 bytes; measured at 2026-04-21 06:02:29.629696
# Averaged across 1 repeated sample(s)
# Data collected at 2026-04-21 06:02:29.629696 
#       usec        frac
      19.550  0.99995488
      19.870  0.99990976
      20.180  0.99986463
      20.530  0.99981951
      21.160  0.99977439
      21.500  0.99963902
      22.060  0.99954878
      22.310  0.99941341
      22.610  0.99932317
      22.970  0.99918780
      23.240  0.99896219
      23.500  0.99887194
      23.830  0.99842072
      24.070  0.99824023
      24.360  0.99792438
      24.610  0.99733779
      24.860  0.99684144
      25.110  0.99648046
      25.390  0.99575851
      25.670  0.99499143
      25.930  0.99440484
      26.190  0.99345727
      26.470  0.99246458
      26.740  0.99183287
      27.010  0.99070481
      27.300  0.98971212
      27.580  0.98844870
      27.870  0.98695966
      28.170  0.98524501
      28.460  0.98389135
      28.750  0.98217670
      29.050  0.98055230
      29.350  0.97892789
      29.650  0.97734861
      29.950  0.97527299
      30.250  0.97301688
      30.570  0.97067052
      30.890  0.96836928
      31.200  0.96552658
      31.520  0.96299973
      31.850  0.96042776
      32.170  0.95731432
      32.500  0.95406552
      32.830  0.95140330
      33.160  0.94752279
      33.500  0.94436423
      33.840  0.94129591
      34.180  0.93804711
      34.530  0.93497879
      34.880  0.93127877
      35.240  0.92780435
      35.600  0.92423969
      35.960  0.92053966
      36.320  0.91765184
      36.690  0.91489938
      37.060  0.91137984
      37.450  0.90822128
      37.830  0.90542370
      38.210  0.90267124
      38.600  0.89969317
      38.990  0.89590290
      39.380  0.89265409
      39.780  0.88886382
      40.180  0.88561502
      40.600  0.88268207
      41.010  0.87943326
      41.440  0.87663568
      41.860  0.87361249
      42.320  0.87040881
      42.750  0.86697951
      43.200  0.86391120
      43.650  0.86115874
      44.100  0.85718798
      44.550  0.85425503
      45.010  0.85087086
      45.470  0.84807328
      45.930  0.84468911
      46.390  0.84162079
      46.860  0.83837199
      47.340  0.83575490
      47.820  0.83187438
      48.310  0.82799386
      48.810  0.82460969
      49.300  0.82127064
      49.800  0.81797672
      50.300  0.81472791
      50.810  0.81120837
      51.320  0.80845592
      51.840  0.80457540
      52.360  0.80074001
      52.890  0.79699486
      53.430  0.79356556
      53.980  0.79009115
      54.520  0.78657161
      55.070  0.78233011
      55.630  0.77822399
      56.200  0.77434347
      56.780  0.77014710
      57.390  0.76635683
      57.970  0.76202509
      58.550  0.75791896
      59.140  0.75318112
      59.750  0.74912012
      60.350  0.74483350
      60.960  0.74000541
      61.570  0.73517733
      62.190  0.73116145
      62.820  0.72664922
      63.450  0.72173089
      64.100  0.71577475
      64.750  0.71090154
      65.400  0.70571248
      66.060  0.70169660
      66.730  0.69614656
      67.400  0.69136360
      68.080  0.68581355
      68.770  0.68012815
      69.470  0.67530006
      70.170  0.66929880
      70.880  0.66401949
      71.600  0.65797311
      72.320  0.65300966
      73.050  0.64723400
      73.790  0.64213519
      74.550  0.63622417
      75.300  0.63103511
      76.060  0.62521433
      76.840  0.62020576
      77.610  0.61420449
      78.390  0.60847396
      79.120  0.60238246
      79.920  0.59674217
      80.720  0.59087627
      81.530  0.58505550
      82.180  0.57918960
      82.940  0.57336883
      83.770  0.56845050
      84.400  0.56276509
      85.030  0.55712481
      85.770  0.55152965
      86.460  0.54597960
      87.130  0.54051981
      87.850  0.53510513
      88.460  0.52973558
      89.140  0.52441115
      90.040  0.51926721
      90.750  0.51403303
      91.470  0.50888909
      92.090  0.50379027
      92.750  0.49873658
      93.510  0.49372800
      94.200  0.48876455
      94.850  0.48384622
      95.500  0.47897302
      96.130  0.47414493
      96.900  0.46936197
      97.400  0.46462413
      98.170  0.45997654
      98.930  0.45537406
      99.630  0.45081671
     100.180  0.44630449
     100.800  0.44183738
     101.510  0.43741540
     102.090  0.43303853
     102.680  0.42870680
     103.370  0.42437506
     103.970  0.42008844
     104.450  0.41584695
     105.030  0.41165057
     105.760  0.40749932
     106.380  0.40339320
     107.180  0.39933219
     107.880  0.39531631
     108.450  0.39134555
     109.020  0.38741991
     109.660  0.38353939
     110.250  0.37970400
     110.850  0.37586860
     111.460  0.37207833
     112.030  0.36833318
     112.550  0.36463316
     113.120  0.36097825
     113.680  0.35732335
     114.250  0.35371356
     114.920  0.35014890
     115.450  0.34662937
     115.990  0.34315495
     116.530  0.33968053
     117.110  0.33625124
     117.740  0.33286707
     118.330  0.32952802
     118.840  0.32618897
     119.500  0.32289505
     119.980  0.31964624
     120.550  0.31644256
     121.060  0.31323888
     121.720  0.31008032
     122.380  0.30696688
     123.010  0.30385344
     123.690  0.30078513
     124.200  0.29776193
     124.550  0.29478386
     125.150  0.29180579
     125.620  0.28887285
     126.120  0.28593990
     126.780  0.28305207
     127.330  0.28020937
     127.830  0.27736666
     128.320  0.27456908
     128.820  0.27181662
     129.330  0.26906416
     129.860  0.26635683
     130.410  0.26364949
     131.170  0.26098728
     131.720  0.25837018
     132.160  0.25575309
     132.590  0.25318112
     133.170  0.25060915
     133.870  0.24808230
     134.470  0.24560058
     135.000  0.24311885
     135.540  0.24068225
     136.080  0.23824565
     136.590  0.23585416
     137.000  0.23346268
     137.450  0.23111633
     138.130  0.22876997
     138.700  0.22646873
     139.190  0.22416749
     139.680  0.22191138
     140.110  0.21965527
     140.570  0.21744427
     141.100  0.21523328
     141.490  0.21306741
     142.110  0.21090154
     142.710  0.20878080
     143.170  0.20666005
     143.590  0.20458442
     144.100  0.20250880
     144.680  0.20047830
     145.270  0.19844779
     145.780  0.19646241
     146.250  0.19447703
     146.710  0.19249165
     147.210  0.19055139
     147.800  0.18861114
     148.240  0.18671600
     148.660  0.18482086
     149.140  0.18297085
     149.570  0.18112084
     150.030  0.17927082
     150.600  0.17746593
     151.280  0.17566104
     151.860  0.17390127
     152.230  0.17214150
     152.620  0.17038173
     153.220  0.16866709
     153.640  0.16695244
     154.300  0.16523779
     154.840  0.16356827
     155.450  0.16189875
     155.860  0.16027434
     156.280  0.15864994
     156.750  0.15702554
     157.100  0.15544626
     157.560  0.15386698
     158.060  0.15228770
     158.790  0.15075354
     159.420  0.14921938
     159.880  0.14768523
     160.270  0.14619619
     160.660  0.14470716
     161.190  0.14321812
     161.590  0.14177421
     162.280  0.14033030
     162.850  0.13888638
     163.380  0.13748759
     163.890  0.13608880
     164.270  0.13469001
     164.630  0.13333634
     164.990  0.13198267
     165.530  0.13062900
     165.990  0.12932046
     166.630  0.12801191
     167.170  0.12670337
     167.680  0.12539482
     168.220  0.12413140
     168.710  0.12286797
     169.280  0.12160455
     169.930  0.12038625
     170.420  0.11916795
     170.980  0.11794964
     171.650  0.11673134
     172.030  0.11555816
     172.250  0.11438498
     172.640  0.11321180
     173.190  0.11203862
     173.720  0.11091057
     174.330  0.10978251
     174.800  0.10865445
     175.360  0.10752640
     175.880  0.10644346
     176.340  0.10536053
     177.050  0.10427759
     177.870  0.10319466
     178.580  0.10215685
     179.140  0.10111903
     179.640  0.10008122
     180.290  0.09904341
     180.530  0.09805072
     181.110  0.09705803
     181.420  0.09606534
     181.880  0.09507265
     182.300  0.09407996
     182.850  0.09313239
     183.390  0.09218482
     183.740  0.09123725
     184.280  0.09028969
     184.560  0.08934212
     185.210  0.08843967
     185.550  0.08753723
     186.130  0.08663478
     186.640  0.08573233
     187.250  0.08482989
     187.660  0.08397257
     188.060  0.08311524
     188.390  0.08225792
     188.860  0.08140060
     189.520  0.08054327
     190.130  0.07973107
     190.840  0.07891887
     191.320  0.07810667
     191.950  0.07729447
     192.480  0.07648227
     192.910  0.07571519
     193.520  0.07494811
     193.920  0.07418103
     194.240  0.07341395
     194.880  0.07264687
     195.620  0.07187979
     196.030  0.07115784
     196.300  0.07043588
     196.800  0.06971392
     197.240  0.06899197
     197.770  0.06827001
     198.590  0.06754806
     199.070  0.06687122
     199.570  0.06619439
     200.150  0.06551755
     200.520  0.06484072
     200.980  0.06416388
     201.970  0.06348705
     202.600  0.06281022
     203.180  0.06217850
     203.480  0.06154679
     204.070  0.06091508
     204.380  0.06028337
     204.690  0.05965166
     205.330  0.05901994
     206.150  0.05838823
     206.620  0.05780164
     207.250  0.05721505
     207.980  0.05662846
     208.460  0.05604187
     209.030  0.05545528
     209.790  0.05486869
     210.710  0.05428210
     211.680  0.05369551
     212.320  0.05315405
     212.700  0.05261258
     213.500  0.05207111
     214.150  0.05152965
     214.990  0.05098818
     215.520  0.05044671
     216.140  0.04990524
     216.630  0.04936378
     217.040  0.04886743
     217.570  0.04837109
     218.780  0.04787474
     219.630  0.04737840
     220.650  0.04688205
     221.260  0.04638571
     221.840  0.04588936
     222.670  0.04539302
     223.430  0.04489667
     224.130  0.04444545
     224.490  0.04399422
     225.040  0.04354300
     226.180  0.04309178
     227.310  0.04264056
     228.070  0.04218933
     228.460  0.04173811
     228.890  0.04128689
     229.510  0.04083566
     230.170  0.04038444
     231.710  0.03997834
     232.600  0.03957224
     233.520  0.03916614
     234.530  0.03876004
     235.350  0.03835394
     235.870  0.03794784
     236.470  0.03754174
     236.930  0.03713564
     237.290  0.03672954
     238.280  0.03632344
     239.100  0.03591734
     239.590  0.03555636
     240.380  0.03519538
     241.040  0.03483440
     241.700  0.03447342
     242.560  0.03411244
     243.710  0.03375147
     244.580  0.03339049
     244.940  0.03302951
     245.270  0.03266853
     246.320  0.03230755
     247.640  0.03194658
     248.410  0.03158560
     249.130  0.03122462
     249.670  0.03090876
     250.490  0.03059291
     250.900  0.03027705
     251.160  0.02996119
     251.920  0.02964534
     252.390  0.02932948
     252.800  0.02901363
     254.110  0.02869777
     254.960  0.02838191
     255.750  0.02806606
     256.340  0.02775020
     256.750  0.02743435
     257.530  0.02711849
     259.010  0.02680264
     260.400  0.02653190
     260.870  0.02626117
     261.150  0.02599043
     261.910  0.02571970
     262.570  0.02544897
     263.720  0.02517823
     264.570  0.02490750
     266.390  0.02463677
     267.140  0.02436603
     268.020  0.02409530
     268.530  0.02382456
     269.200  0.02355383
     270.280  0.02328310
     270.580  0.02301236
     272.040  0.02274163
     273.250  0.02247090
     274.300  0.02224528
     275.870  0.02201967
     276.660  0.02179406
     277.450  0.02156845
     277.870  0.02134284
     278.810  0.02111723
     279.710  0.02089162
     280.520  0.02066600
     282.450  0.02044039
     284.540  0.02021478
     284.770  0.01998917
     286.070  0.01976356
     286.780  0.01953795
     287.610  0.01931234
     288.080  0.01908673
     288.700  0.01886111
     290.010  0.01863550
     290.820  0.01840989
     291.600  0.01818428
     292.580  0.01795867
     292.890  0.01777818
     293.800  0.01759769
     295.350  0.01741720
     296.280  0.01723671
     296.450  0.01705622
     296.850  0.01687573
     297.630  0.01669524
     298.090  0.01651475
     298.660  0.01633427
     300.070  0.01615378
     300.640  0.01597329
     301.240  0.01579280
     302.990  0.01561231
     304.080  0.01543182
     304.870  0.01525133
     306.510  0.01507084
     308.290  0.01489035
     309.130  0.01470986
     309.990  0.01452937
     310.760  0.01434889
     311.770  0.01416840
     312.990  0.01398791
     314.200  0.01380742
     316.220  0.01362693
     317.060  0.01344644
     317.690  0.01331107
     318.590  0.01317571
     320.510  0.01304034
     320.710  0.01290497
     321.350  0.01276961
     323.190  0.01263424
     324.120  0.01249887
     325.780  0.01236351
     328.210  0.01222814
     328.790  0.01209277
     328.890  0.01195740
     331.960  0.01182204
     332.580  0.01168667
     335.510  0.01155130
     335.670  0.01141594
     336.160  0.01128057
     336.240  0.01114520
     336.750  0.01100984
     339.590  0.01087447
     340.900  0.01073910
     342.330  0.01060374
     344.230  0.01046837
     344.810  0.01033300
     344.930  0.01019764
     346.510  0.01006227
     348.180  0.00992690
     349.030  0.00979154
     350.550  0.00965617
     351.970  0.00952080
     352.770  0.00938543
     353.310  0.00925007
     356.260  0.00911470
     358.410  0.00897933
     360.080  0.00888909
     360.320  0.00879884
     360.680  0.00870860
     361.260  0.00861836
     362.930  0.00852811
     364.100  0.00843787
     364.310  0.00834762
     365.170  0.00825738
     366.940  0.00816713
     368.790  0.00807689
     369.540  0.00798664
     371.750  0.00789640
     371.890  0.00780615
     372.810  0.00771591
     373.190  0.00762567
     373.710  0.00753542
     374.810  0.00744518
     376.000  0.00735493
     376.450  0.00726469
     377.930  0.00717444
     378.640  0.00708420
     382.680  0.00699395
     383.200  0.00690371
     384.670  0.00681346
     385.780  0.00672322
     388.880  0.00663298
     389.090  0.00654273
     390.560  0.00645249
     392.670  0.00636224
     394.450  0.00627200
     396.040  0.00618175
     396.630  0.00609151
     398.750  0.00600126
     399.690  0.00591102
     400.760  0.00582077
     401.280  0.00573053
     404.300  0.00564029
     407.370  0.00555004
     409.410  0.00545980
     413.180  0.00536955
     413.260  0.00527931
     417.840  0.00518906
     420.240  0.00509882
     420.800  0.00500857
     421.240  0.00491833
     422.400  0.00482808
     424.060  0.00473784
     426.010  0.00464759
     427.600  0.00455735
     430.910  0.00446711
     431.430  0.00442198
     432.400  0.00437686
     432.610  0.00433174
     432.830  0.00428662
     432.970  0.00424149
     436.180  0.00419637
     438.180  0.00415125
     438.300  0.00410613
     439.240  0.00406101
     440.370  0.00401588
     441.190  0.00397076
     441.540  0.00392564
     442.090  0.00388052
     442.600  0.00383539
     443.880  0.00379027
     446.490  0.00374515
     448.520  0.00370003
     449.470  0.00365490
     450.280  0.00360978
     451.440  0.00356466
     452.750  0.00351954
     452.900  0.00347442
     453.600  0.00342929
     457.010  0.00338417
     457.950  0.00333905
     459.920  0.00329393
     460.730  0.00324880
     465.560  0.00320368
     468.270  0.00315856
     468.830  0.00311344
     470.560  0.00306832
     470.570  0.00302319
     472.980  0.00297807
     473.200  0.00293295
     473.770  0.00288783
     474.170  0.00284270
     477.150  0.00279758
     477.400  0.00275246
     477.530  0.00270734
     477.650  0.00266221
     477.810  0.00261709
     479.600  0.00257197
     480.990  0.00252685
     481.080  0.00248173
     482.590  0.00243660
     483.840  0.00239148
     485.480  0.00234636
     488.580  0.00230124
     489.220  0.00225611
     489.430  0.00221099
     491.440  0.00216587
     494.010  0.00212075
     494.690  0.00207562
     494.700  0.00203050
     496.440  0.00198538
     497.320  0.00194026
     497.400  0.00189514
     501.040  0.00185001
     501.170  0.00180489
     501.340  0.00175977
     501.500  0.00171465
     508.110  0.00166952
     517.330  0.00162440
     522.940  0.00157928
     530.810  0.00153416
     533.370  0.00148904
     533.850  0.00144391
     537.480  0.00139879
     540.150  0.00135367
     540.680  0.00130855
     544.820  0.00126342
     550.300  0.00121830
     552.060  0.00117318
     555.220  0.00112806
     562.050  0.00108293
     564.820  0.00103781
     565.040  0.00099269
     566.980  0.00094757
     568.970  0.00090245
     571.740  0.00085732
     573.270  0.00081220
     582.050  0.00076708
     584.450  0.00072196
     621.150  0.00067683
     625.120  0.00063171
     625.560  0.00058659
     631.330  0.00054147
     653.770  0.00049635
     688.690  0.00045122
     696.150  0.00040610
     709.310  0.00036098
     736.910  0.00031586
     756.320  0.00027073
     813.540  0.00022561
     814.660  0.00018049
     818.280  0.00013537
     898.760  0.00009024
     980.940  0.00004512
    1069.390  0.00000000
