# Fraction of RTTS longer than a given time for dctcp_w4 experiment
# Includes messages <= 315 bytes; measured at 2026-04-20 22:52:58.093296
# Averaged across 1 repeated sample(s)
# Data collected at 2026-04-20 22:52:58.093296 
#       usec        frac
     154.310  0.99981762
     186.950  0.99963524
     217.660  0.99945285
     235.870  0.99927047
     257.360  0.99908809
     261.560  0.99872333
     265.420  0.99854094
     274.750  0.99817618
     277.530  0.99799380
     287.220  0.99781142
     290.420  0.99762904
     314.490  0.99744665
     338.130  0.99726427
     365.160  0.99653474
     381.960  0.99635236
     400.910  0.99580522
     404.990  0.99562283
     415.000  0.99544045
     420.580  0.99507569
     425.550  0.99489331
     432.180  0.99471092
     437.000  0.99452854
     446.640  0.99416378
     454.990  0.99379902
     467.650  0.99343425
     477.000  0.99288711
     483.300  0.99215758
     491.020  0.99197520
     501.610  0.99124567
     509.740  0.99069852
     515.580  0.99015138
     522.330  0.98978661
     535.800  0.98942185
     542.190  0.98850994
     556.530  0.98814518
     563.500  0.98778041
     574.880  0.98759803
     582.580  0.98723327
     588.480  0.98705088
     596.850  0.98650374
     603.930  0.98595659
     613.150  0.98577421
     622.300  0.98540945
     628.990  0.98467992
     636.240  0.98376801
     648.250  0.98303848
     655.800  0.98267372
     662.850  0.98176181
     669.620  0.98066752
     676.370  0.97975561
     683.540  0.97920846
     691.070  0.97774941
     702.130  0.97756703
     709.720  0.97665512
     717.240  0.97629035
     726.930  0.97537844
     734.900  0.97464891
     744.390  0.97355462
     753.140  0.97227795
     761.050  0.97063651
     771.290  0.97027175
     784.440  0.96881269
     793.900  0.96753602
     802.130  0.96571220
     810.650  0.96461791
     818.830  0.96279409
     831.660  0.96169980
     840.210  0.96024074
     849.800  0.95914645
     859.180  0.95714025
     869.280  0.95568120
     880.210  0.95422214
     889.420  0.95203356
     898.820  0.95020974
     908.840  0.94875068
     919.030  0.94710925
     928.500  0.94492066
     938.850  0.94400875
     948.450  0.94200255
     958.330  0.93853730
     968.170  0.93671348
     977.980  0.93525442
     987.780  0.93324822
     997.670  0.93069488
    1007.980  0.92850629
    1018.360  0.92613533
    1029.650  0.92467627
    1040.850  0.92303483
    1051.970  0.91920481
    1063.240  0.91756338
    1074.380  0.91573956
    1086.640  0.91336859
    1097.930  0.90899143
    1109.130  0.90662046
    1120.390  0.90351997
    1131.890  0.90005471
    1144.360  0.89695422
    1156.370  0.89531278
    1168.120  0.89166515
    1181.390  0.88838227
    1194.000  0.88509940
    1209.200  0.88145176
    1221.800  0.87652745
    1234.440  0.87342696
    1246.800  0.87014408
    1259.320  0.86649644
    1272.130  0.86120737
    1285.340  0.85774211
    1298.260  0.85537115
    1311.450  0.85099398
    1325.430  0.84515776
    1339.100  0.84242203
    1352.660  0.83859201
    1366.370  0.83385008
    1382.400  0.82655481
    1396.280  0.82144811
    1410.440  0.81652380
    1425.060  0.81141711
    1440.370  0.80521612
    1454.970  0.80102134
    1470.190  0.79500274
    1484.990  0.78934890
    1500.180  0.78296553
    1515.200  0.77585264
    1529.050  0.76801021
    1544.720  0.76290352
    1560.510  0.75670254
    1576.260  0.75068393
    1591.240  0.74302389
    1605.750  0.73554623
    1619.980  0.72806858
    1636.500  0.72077330
    1647.610  0.71347802
    1658.250  0.70618275
    1670.760  0.69906985
    1685.390  0.69195696
    1697.690  0.68502645
    1714.680  0.67882546
    1728.780  0.67189495
    1745.000  0.66514682
    1759.920  0.65839869
    1773.090  0.65165056
    1783.620  0.64508481
    1800.660  0.63851906
    1813.260  0.63195331
    1828.180  0.62556994
    1840.550  0.61918658
    1854.650  0.61298559
    1866.120  0.60678461
    1876.640  0.60058362
    1891.190  0.59456502
    1901.690  0.58854642
    1915.660  0.58252781
    1927.650  0.57669159
    1941.000  0.57085537
    1949.050  0.56501915
    1958.460  0.55936531
    1973.170  0.55371147
    1986.110  0.54805763
    1995.830  0.54240379
    2006.700  0.53693234
    2015.880  0.53146088
    2028.910  0.52598942
    2039.310  0.52070035
    2047.290  0.51541127
    2058.240  0.51012220
    2075.340  0.50501550
    2084.930  0.49990881
    2094.340  0.49480212
    2104.380  0.48969542
    2120.610  0.48477111
    2133.720  0.47984680
    2149.600  0.47492249
    2158.990  0.46999818
    2170.170  0.46525625
    2190.900  0.46051432
    2207.600  0.45577239
    2220.030  0.45121284
    2232.360  0.44665329
    2243.790  0.44209374
    2256.630  0.43753420
    2268.060  0.43315703
    2279.080  0.42877987
    2296.810  0.42440270
    2310.580  0.42002553
    2322.470  0.41564837
    2335.000  0.41145358
    2350.750  0.40725880
    2357.540  0.40306402
    2368.390  0.39886923
    2386.360  0.39485683
    2394.850  0.39084443
    2410.390  0.38683203
    2422.430  0.38281962
    2436.000  0.37898960
    2453.820  0.37515958
    2468.540  0.37132956
    2481.740  0.36749954
    2494.360  0.36366952
    2503.150  0.36002189
    2515.830  0.35637425
    2525.420  0.35272661
    2546.310  0.34907897
    2567.650  0.34543133
    2579.880  0.34196608
    2599.420  0.33850082
    2612.120  0.33503556
    2629.180  0.33157031
    2646.710  0.32810505
    2662.220  0.32482218
    2674.920  0.32153930
    2686.360  0.31825643
    2695.520  0.31497355
    2718.220  0.31169068
    2744.170  0.30840781
    2756.990  0.30530731
    2767.150  0.30220682
    2782.710  0.29910633
    2798.910  0.29600584
    2808.330  0.29290534
    2825.550  0.28980485
    2838.710  0.28688674
    2852.980  0.28396863
    2870.130  0.28105052
    2879.710  0.27813241
    2896.290  0.27521430
    2913.200  0.27229619
    2929.870  0.26956046
    2943.880  0.26682473
    2957.190  0.26408900
    2976.170  0.26135327
    2994.430  0.25861755
    3007.180  0.25588182
    3025.780  0.25314609
    3052.400  0.25059274
    3063.990  0.24803939
    3078.700  0.24548605
    3093.110  0.24293270
    3106.490  0.24037935
    3126.050  0.23782601
    3134.490  0.23527266
    3149.670  0.23290170
    3169.170  0.23053073
    3184.770  0.22815977
    3203.570  0.22578880
    3217.250  0.22341784
    3233.890  0.22104687
    3254.410  0.21867591
    3267.490  0.21648732
    3289.100  0.21429874
    3310.730  0.21211016
    3328.060  0.20992158
    3339.540  0.20773299
    3372.570  0.20554441
    3384.960  0.20335583
    3403.330  0.20116724
    3421.140  0.19897866
    3447.430  0.19697246
    3462.580  0.19496626
    3475.960  0.19296006
    3492.330  0.19095386
    3514.010  0.18894766
    3530.220  0.18694146
    3545.350  0.18493525
    3573.870  0.18292905
    3608.770  0.18092285
    3628.860  0.17909903
    3639.270  0.17727521
    3655.300  0.17545140
    3682.050  0.17362758
    3700.490  0.17180376
    3716.760  0.16997994
    3733.380  0.16815612
    3744.230  0.16633230
    3761.450  0.16450848
    3778.310  0.16268466
    3808.250  0.16104322
    3838.100  0.15940179
    3863.530  0.15776035
    3898.750  0.15611891
    3930.100  0.15447748
    3968.830  0.15283604
    3986.080  0.15119460
    4010.130  0.14955316
    4030.870  0.14791173
    4067.290  0.14627029
    4107.150  0.14462885
    4136.330  0.14316980
    4155.300  0.14171074
    4195.150  0.14025169
    4239.440  0.13879263
    4289.580  0.13769834
    4337.720  0.13623929
    4381.320  0.13478023
    4398.180  0.13332117
    4432.450  0.13186212
    4460.420  0.13040306
    4488.130  0.12894401
    4535.110  0.12766734
    4565.900  0.12620828
    4589.850  0.12493161
    4617.970  0.12365493
    4629.750  0.12237826
    4672.770  0.12110159
    4727.430  0.12000730
    4751.550  0.11873062
    4781.060  0.11745395
    4824.440  0.11617728
    4874.200  0.11563013
    4899.840  0.11435346
    4914.540  0.11307678
    4931.480  0.11180011
    4980.940  0.11070582
    5027.730  0.10942914
    5055.640  0.10833485
    5106.550  0.10724056
    5170.420  0.10632865
    5222.940  0.10541674
    5292.320  0.10432245
    5346.560  0.10322816
    5371.420  0.10213387
    5466.040  0.10176910
    5526.730  0.10103958
    5635.370  0.09994529
    5731.780  0.09903338
    5797.880  0.09812147
    5860.560  0.09775670
    5925.280  0.09702717
    5993.080  0.09611527
    6053.950  0.09556812
    6123.810  0.09520336
    6217.280  0.09447383
    6299.590  0.09374430
    6372.120  0.09283239
    6442.890  0.09246763
    6526.070  0.09155572
    6610.250  0.09082619
    6681.710  0.08991428
    6783.500  0.08900237
    6825.370  0.08809046
    6894.500  0.08772570
    6978.020  0.08736093
    7182.330  0.08699617
    7218.340  0.08608426
    7329.180  0.08553711
    7527.310  0.08517235
    7616.990  0.08444282
    7733.630  0.08407806
    7814.710  0.08389568
    7931.690  0.08298377
    8022.830  0.08243662
    8110.620  0.08170709
    8212.720  0.08152471
    8302.090  0.08134233
    8449.220  0.08061280
    8546.400  0.08006566
    8671.420  0.07988328
    8785.400  0.07933613
    8893.650  0.07897137
    9161.640  0.07860660
    9456.690  0.07824184
    9565.100  0.07769469
    9770.960  0.07751231
    9947.490  0.07732993
   10062.070  0.07678278
   10163.330  0.07605326
   10266.530  0.07568849
   10383.600  0.07495896
   10488.590  0.07441182
   10646.460  0.07404705
   10867.810  0.07368229
   10978.760  0.07331753
   11118.810  0.07295276
   11253.500  0.07277038
   11444.630  0.07240562
   11561.880  0.07185847
   11677.780  0.07112894
   11840.040  0.07076418
   12028.300  0.07039942
   12449.220  0.07021703
   12596.180  0.06985227
   12865.550  0.06930512
   12908.330  0.06857560
   13223.400  0.06802845
   13373.450  0.06766369
   13656.430  0.06729892
   13825.890  0.06693416
   14145.610  0.06675178
   14332.590  0.06620463
   14603.210  0.06583987
   14744.580  0.06511034
   15009.990  0.06474558
   15230.800  0.06419843
   15433.120  0.06401605
   15620.140  0.06365129
   15779.020  0.06328652
   16017.320  0.06292176
   16520.550  0.06273938
   16748.120  0.06200985
   16966.100  0.06128032
   17152.270  0.06073318
   17884.080  0.06036841
   19537.230  0.06018603
   19795.640  0.06000365
   21092.570  0.05982127
   22109.770  0.05963888
   23876.870  0.05945650
   24493.600  0.05927412
   24965.650  0.05909174
   25438.730  0.05890936
   26888.660  0.05872697
   27353.270  0.05854459
   27707.950  0.05817983
   28038.500  0.05781506
   28379.590  0.05745030
   29188.410  0.05690316
   29573.620  0.05653839
   30006.120  0.05635601
   30534.270  0.05617363
   46940.940  0.05599125
   47880.520  0.05562648
   48656.790  0.05544410
   49575.380  0.05507934
   51746.120  0.05489695
  200918.170  0.05471457
 1002412.270  0.05453219
 1003293.270  0.05398504
 1004046.130  0.05343790
 1005063.330  0.05289075
 1005214.180  0.05234361
 1005583.290  0.05179646
 1005798.260  0.05124932
 1006222.440  0.05070217
 1006708.400  0.05015502
 1007288.310  0.04960788
 1007509.910  0.04906073
 1007827.400  0.04851359
 1008138.500  0.04796644
 1008523.590  0.04741930
 1008643.120  0.04687215
 1009031.500  0.04632500
 1009495.630  0.04577786
 1009696.110  0.04523071
 1010145.520  0.04468357
 1010631.780  0.04413642
 1010998.490  0.04358928
 1011165.100  0.04304213
 1011823.800  0.04249498
 1012119.840  0.04194784
 1012557.230  0.04140069
 1012860.730  0.04085355
 1013303.190  0.04030640
 1013399.610  0.03975926
 1013614.620  0.03921211
 1014046.000  0.03866496
 1014214.970  0.03811782
 1014363.690  0.03757067
 1014723.920  0.03702353
 1014782.850  0.03647638
 1014900.040  0.03592924
 1015087.660  0.03556447
 1015123.290  0.03519971
 1015297.470  0.03483494
 1015349.240  0.03447018
 1015503.030  0.03410542
 1015598.460  0.03374065
 1015799.390  0.03337589
 1017039.320  0.03301113
 1017295.460  0.03264636
 1017311.810  0.03228160
 1017665.630  0.03191683
 1017771.110  0.03155207
 1018229.840  0.03118731
 1018350.490  0.03082254
 1018456.090  0.03045778
 1018590.960  0.03009301
 1018711.230  0.02972825
 1018888.150  0.02936349
 1019040.850  0.02899872
 1019082.850  0.02863396
 1019106.050  0.02826920
 1019344.010  0.02790443
 1019479.820  0.02753967
 1019556.320  0.02717490
 1020081.920  0.02681014
 1020124.550  0.02644538
 1020276.960  0.02608061
 1020760.130  0.02571585
 1021003.310  0.02535109
 1021047.200  0.02498632
 1021078.850  0.02462156
 1021373.170  0.02425679
 1021516.320  0.02389203
 1021596.300  0.02352727
 1022113.020  0.02316250
 1022311.560  0.02279774
 1022598.030  0.02243297
 1023069.720  0.02206821
 1023127.350  0.02170345
 1023396.140  0.02133868
 1023534.450  0.02097392
 1023601.460  0.02060916
 1024103.070  0.02024439
 1024137.930  0.01987963
 1024678.360  0.01951486
 1024900.910  0.01915010
 1025335.470  0.01878534
 1025493.380  0.01842057
 1025689.140  0.01805581
 1026079.000  0.01787343
 1026210.430  0.01769105
 1026257.150  0.01750866
 1026268.480  0.01732628
 1026671.850  0.01714390
 1026852.210  0.01696152
 1026997.080  0.01677914
 1027018.610  0.01659675
 1027041.340  0.01641437
 1027558.040  0.01623199
 1028198.050  0.01604961
 1028232.540  0.01586723
 1028262.050  0.01568484
 1028278.350  0.01550246
 1028301.540  0.01532008
 1028328.960  0.01513770
 1028330.440  0.01495532
 1028345.710  0.01477293
 1028553.330  0.01459055
 1028669.890  0.01440817
 1028808.910  0.01422579
 1028809.590  0.01404341
 1028917.780  0.01386102
 1029114.630  0.01367864
 1029538.340  0.01349626
 1029649.980  0.01331388
 1029691.920  0.01313150
 1029767.120  0.01294912
 1030080.600  0.01276673
 1030108.640  0.01258435
 1030267.900  0.01240197
 1030284.640  0.01221959
 1030466.630  0.01203721
 1030556.190  0.01185482
 1030599.520  0.01167244
 1030886.540  0.01149006
 1030965.510  0.01130768
 1031069.520  0.01112530
 1031073.030  0.01094291
 1031077.550  0.01076053
 1031089.070  0.01057815
 1031144.980  0.01039577
 1031148.540  0.01021339
 1031183.080  0.01003100
 1031247.780  0.00984862
 1031258.470  0.00966624
 1031341.510  0.00948386
 1031485.800  0.00930148
 1031671.490  0.00911910
 1031741.960  0.00893671
 1031963.250  0.00875433
 1031982.810  0.00857195
 1032024.700  0.00838957
 1032113.830  0.00820719
 1032140.790  0.00802480
 1032629.680  0.00784242
 1032793.310  0.00766004
 1032943.660  0.00747766
 1032988.040  0.00729528
 1033109.500  0.00711289
 1033260.800  0.00693051
 1033284.620  0.00674813
 1033543.760  0.00656575
 1033803.780  0.00638337
 1034006.680  0.00620098
 1034010.790  0.00601860
 1034094.540  0.00583622
 1034305.810  0.00565384
 1034686.360  0.00547146
 1034783.220  0.00528908
 1035187.160  0.00510669
 1035441.890  0.00492431
 1037083.470  0.00474193
 1037161.830  0.00455955
 1037953.610  0.00437717
 1038431.230  0.00419478
 1039194.400  0.00401240
 1040076.620  0.00383002
 1041170.260  0.00364764
 1041663.870  0.00346526
 1041697.280  0.00328287
 1044760.410  0.00310049
 1044952.960  0.00291811
 1047883.640  0.00273573
 1050613.140  0.00255335
 1050681.070  0.00237096
 1052544.600  0.00218858
 1055156.100  0.00200620
 1065154.720  0.00182382
 1070313.230  0.00164144
 1087982.510  0.00145906
 1136996.670  0.00127667
 1143222.150  0.00109429
 2033713.850  0.00091191
 2033952.260  0.00072953
 2036388.940  0.00054715
 2042571.770  0.00036476
 2046511.620  0.00018238
 3052771.980  0.00000000
