# Digested data for unloaded_w4 experiment, run at 2026-04-21 01:38:23.306527
# Averaged across 1 repeated sample(s)
# length  cum_frac  samples     p50      p99     p999   s50    s99    s999
      60  0.005539      500    16.6     34.2    130.3   1.0    2.1     7.9
      72  0.011079      500    16.1     35.0     43.8   1.0    2.2     2.7
      92  0.016618      500    15.8     34.7     51.1   1.0    2.2     3.2
     119  0.022157      500    15.7     33.7     41.0   1.0    2.1     2.6
     154  0.027697      500    15.8     34.9    233.1   1.0    2.2    14.7
     199  0.033236      500    15.8     33.8     47.2   1.0    2.1     3.0
     222  0.038775      500    15.8     33.5     47.8   1.0    2.1     3.0
     227  0.044314      500    15.7     33.1     42.2   1.0    2.1     2.7
     232  0.049854      500    15.6     33.0     48.4   1.0    2.1     3.1
     237  0.055393      500    15.5     33.0     34.8   1.0    2.1     2.2
     243  0.060932      500    15.4     32.6     44.2   1.0    2.1     2.9
     248  0.066472      500    15.5     32.7    231.5   1.0    2.1    14.9
     254  0.072011      500    15.4     32.9     47.7   1.0    2.1     3.1
     259  0.077550      500    15.4     32.7     45.3   1.0    2.1     2.9
     265  0.083090      500    15.3     34.6     45.0   1.0    2.3     2.9
     271  0.088629      500    15.3     32.5     47.9   1.0    2.1     3.1
     279  0.094168      500    15.3     32.7     41.7   1.0    2.1     2.7
     288  0.099708      500    15.2     32.8     41.4   1.0    2.1     2.7
     297  0.105247      500    15.3     33.9    226.0   1.0    2.2    14.7
     303  0.110786      500    15.3     33.0     47.0   1.0    2.2     3.1
     305  0.116325      500    15.3     32.8     48.5   1.0    2.1     3.2
     308  0.121865      500    15.3     32.6     44.7   1.0    2.1     2.9
     310  0.127404      500    15.2     32.7     40.7   1.0    2.1     2.7
     313  0.132943      500    15.3     41.8     47.3   1.0    2.7     3.1
     315  0.138483      500    15.3     32.5     33.1   1.0    2.1     2.2
     318  0.144022      500    15.4     33.9    228.7   1.0    2.2    14.9
     321  0.149561      500    15.3     36.3     44.7   1.0    2.4     2.9
     323  0.155101      500    15.4     32.8     54.8   1.0    2.1     3.6
     326  0.160640      500    15.3     32.4     46.0   1.0    2.1     3.0
     331  0.166179      500    15.3     32.1     36.8   1.0    2.1     2.4
     335  0.171719      500    15.3     33.1     47.9   1.0    2.2     3.1
     340  0.177258      500    15.3     32.9     45.4   1.0    2.1     3.0
     345  0.182797      500    15.3     33.6     44.8   1.0    2.2     2.9
     350  0.188336      500    15.4     36.0    225.3   1.0    2.3    14.7
     355  0.193876      500    15.4     32.9     40.3   1.0    2.1     2.6
     360  0.199415      500    15.4     33.1     44.6   1.0    2.1     2.9
     365  0.204954      500    15.4     36.0     47.6   1.0    2.3     3.1
     371  0.210494      500    15.4     32.6     41.3   1.0    2.1     2.7
     376  0.216033      500    15.4     32.8     39.4   1.0    2.1     2.6
     385  0.221572      500    15.3     32.6     40.5   1.0    2.1     2.6
     395  0.227112      500    15.3     33.2    229.7   1.0    2.2    15.0
     405  0.232651      500    15.3     32.5     35.7   1.0    2.1     2.3
     415  0.238190      500    15.4     32.4     45.9   1.0    2.1     3.0
     425  0.243730      500    15.3     33.1     45.8   1.0    2.2     3.0
     430  0.249269      500    15.3     33.0     40.4   1.0    2.2     2.6
     435  0.254808      500    15.3     33.1     44.8   1.0    2.2     2.9
     441  0.260347      500    15.3     33.9     45.4   1.0    2.2     3.0
     446  0.265887      500    15.3     33.3    219.0   1.0    2.2    14.3
     452  0.271426      500    15.3     38.2     44.3   1.0    2.5     2.9
     457  0.276965      500    15.3     32.4     32.9   1.0    2.1     2.1
     463  0.282505      500    15.3     32.6     37.5   1.0    2.1     2.4
     468  0.288044      500    15.4     32.6     35.5   1.0    2.1     2.3
     474  0.293583      500    15.3     32.6     32.9   1.0    2.1     2.1
     480  0.299123      500    15.3     32.7     33.7   1.0    2.1     2.2
     491  0.304662      500    15.4     33.6     55.0   1.0    2.2     3.6
     502  0.310201      500    15.4     33.3    219.7   1.0    2.2    14.3
     513  0.315740      500    15.4     32.6     37.3   1.0    2.1     2.4
     525  0.321280      500    15.4     37.0     44.3   1.0    2.4     2.9
     537  0.326819      500    15.4     32.5     47.1   1.0    2.1     3.1
     549  0.332358      500    15.4     37.0     44.7   1.0    2.4     2.9
     561  0.337898      500    15.4     44.8     49.7   1.0    2.9     3.2
     574  0.343437      500    15.4     32.5     33.3   1.0    2.1     2.2
     587  0.348976      500    15.5     43.2    226.7   1.0    2.8    14.6
     600  0.354516      500    15.6     32.8     33.1   1.0    2.1     2.1
     607  0.360055      500    15.5     33.4     48.2   1.0    2.2     3.1
     615  0.365594      500    15.5     34.6     50.1   1.0    2.2     3.2
     623  0.371134      500    15.5     33.5     49.0   1.0    2.2     3.2
     630  0.376673      500    15.5     33.2     45.0   1.0    2.1     2.9
     638  0.382212      500    15.6     33.1     45.3   1.0    2.1     2.9
     646  0.387751      500    15.6     34.0    228.8   1.0    2.2    14.7
     654  0.393291      500    15.6     33.0     35.4   1.0    2.1     2.3
     662  0.398830      500    15.6     33.1     34.5   1.0    2.1     2.2
     671  0.404369      500    15.7     33.5     45.5   1.0    2.1     2.9
     679  0.409909      500    15.7     33.3     35.3   1.0    2.1     2.2
     685  0.415448      500    15.7     32.9     48.2   1.0    2.1     3.1
     690  0.420987      500    15.7     33.4     38.6   1.0    2.1     2.5
     696  0.426527      500    15.7     33.4    227.3   1.0    2.1    14.5
     702  0.432066      500    15.7     33.1     50.2   1.0    2.1     3.2
     707  0.437605      500    15.7     33.3     43.4   1.0    2.1     2.8
     713  0.443145      500    15.8     34.9     46.6   1.0    2.2     3.0
     719  0.448684      500    15.7     33.3     50.6   1.0    2.1     3.2
     725  0.454223      500    15.8     33.3     36.6   1.0    2.1     2.3
     731  0.459762      500    15.8     34.0     50.0   1.0    2.2     3.2
     737  0.465302      500    15.8     45.8     50.3   1.0    2.9     3.2
     749  0.470841      500    15.8     33.1    227.6   1.0    2.1    14.4
     762  0.476380      500    15.8     33.3     48.4   1.0    2.1     3.1
     774  0.481920      500    15.8     33.5     50.6   1.0    2.1     3.2
     787  0.487459      500    15.8     33.2     45.1   1.0    2.1     2.9
     800  0.492998      500    15.8     40.6     49.0   1.0    2.6     3.1
     816  0.498538      500    15.8     32.8     47.5   1.0    2.1     3.0
     833  0.504077      500    15.8     33.6     49.6   1.0    2.1     3.1
     850  0.509616      500    15.9     33.4    229.3   1.0    2.1    14.5
     867  0.515156      500    15.9     32.9     45.4   1.0    2.1     2.9
     885  0.520695      500    15.9     33.5     43.8   1.0    2.1     2.8
     914  0.526234      500    16.0     33.6     49.5   1.0    2.1     3.1
     945  0.531773      500    16.1     33.7     46.3   1.0    2.1     2.9
     976  0.537313      500    16.0     34.5     50.1   1.0    2.2     3.1
    1009  0.542852      500    16.1     34.7     48.5   1.0    2.2     3.0
    1042  0.548391      500    16.1     34.1    237.0   1.0    2.1    14.7
    1085  0.553931      500    16.2     34.0     50.4   1.0    2.1     3.1
    1130  0.559470      500    16.3     33.3     33.8   1.0    2.0     2.1
    1177  0.565009      500    16.3     36.9     45.1   1.0    2.3     2.8
    1226  0.570549      500    16.4     34.0     39.1   1.0    2.1     2.4
    1277  0.576088      500    16.4     33.5     49.0   1.0    2.0     3.0
    1316  0.581627      500    16.5     34.0     44.9   1.0    2.1     2.7
    1357  0.587167      500    16.6     41.8    244.9   1.0    2.5    14.8
    1399  0.592706      500    16.7     34.2     44.4   1.0    2.1     2.7
    1484  0.600771      728   114.2   1841.2   1970.1   1.0   16.0    17.2
    1559  0.609169      758   113.8   1804.0   1876.3   1.0   15.9    16.5
    1611  0.617334      737   114.1   1813.9   1967.2   1.0   15.9    16.9
    1664  0.625288      718   116.5   1852.9   2058.5   1.0   15.8    17.9
    2091  0.633121      707   115.5   1853.5   2038.0   1.0   16.0    17.7
    2742  0.641452      752   114.8   1808.0   1858.5   1.0   15.8    16.3
    3544  0.648719      656   119.7   1846.8   2140.2   1.0   15.3    17.7
    4582  0.657350      779   116.5   1784.1   2806.4   1.0   15.4    24.3
    5652  0.666390      816   116.1   1800.3   1991.4   1.0   15.5    17.0
    6653  0.673923      680   122.7   1848.5   2045.0   1.0   15.1    16.7
    7830  0.681069      645   124.4   1828.6   1856.5   1.0   14.7    15.3
   13741  0.688348      657   126.3   1822.7   1893.7   1.0   14.8    15.5
   24115  0.694518      557   135.5   1893.4   2080.6   1.0   14.5    15.4
   33343  0.700323      524   148.5   1904.6   2019.7   1.0   12.8    13.7
   36322  0.706417      550   139.7   1888.0   2128.6   1.0   14.7    16.8
   38377  0.712432      543   153.5   1894.8   2061.2   1.0   12.5    13.6
   41214  0.720398      719   169.7   1877.3   1933.3   1.0   11.1    11.7
   43811  0.727898      677   179.1   1879.8   2010.1   1.0   10.7    11.0
   45634  0.735642      699   176.9   1866.2   1949.7   1.0   10.5    11.2
   47435  0.743242      686   177.7   1864.3   1895.8   1.0   10.5    10.9
   48215  0.751219      720    95.3   1812.0   1957.7   1.0   17.1    20.3
   48609  0.756758      500    95.0    112.2    304.2   1.0    1.2     3.2
   49007  0.762297      500    95.5    114.3    337.7   1.0    1.2     3.5
   49408  0.767837      500    95.5    114.8    305.2   1.0    1.2     3.2
   49813  0.773376      500    96.6    113.1    119.9   1.0    1.2     1.2
   50221  0.778915      500    96.5    146.5    332.9   1.0    1.5     3.4
   50632  0.784454      500    96.6    114.7    355.1   1.0    1.2     3.7
   51046  0.789994      500    96.9    185.5    341.5   1.0    1.9     3.5
   55381  0.795533      500   107.6    141.2    320.1   1.0    1.3     3.0
   60084  0.801072      500   111.8    128.9    133.5   1.0    1.2     1.2
   64132  0.806612      500   117.2    164.8    361.6   1.0    1.4     3.1
   66528  0.812151      500   119.1    178.1    319.2   1.0    1.5     2.7
   69014  0.817690      500   121.8    175.3    318.9   1.0    1.4     2.6
   71156  0.823230      500   126.5    230.7    374.8   1.0    1.8     3.0
   72473  0.828769      500   127.5    246.0    406.8   1.0    1.9     3.2
   73814  0.834308      500   127.3    189.8    398.2   1.0    1.5     3.1
   75180  0.839848      500   143.7    249.1    350.3   1.0    1.7     2.4
   75795  0.845387      500   142.7    314.1    462.6   1.0    2.2     3.2
   76416  0.850926      500   151.3    382.1    490.0   1.0    2.5     3.2
   77041  0.856465      500   145.4    226.1    364.1   1.0    1.6     2.5
   77672  0.862005      500   151.1    253.1    444.4   1.0    1.7     2.9
   78307  0.867544      500   146.1    196.1    346.4   1.0    1.3     2.4
   78948  0.873083      500   148.4    230.2    468.5   1.0    1.6     3.2
   79595  0.878623      500   150.2    348.9    503.4   1.0    2.3     3.4
   80246  0.884162      500   149.2    207.7    347.3   1.0    1.4     2.3
   80903  0.889701      500   150.2    227.3    445.8   1.0    1.5     3.0
   81565  0.895241      500   152.1    350.4    591.8   1.0    2.3     3.9
   85305  0.900780      500   156.2    225.3    392.6   1.0    1.4     2.5
   89216  0.906319      500   158.0    208.5    364.7   1.0    1.3     2.3
   93306  0.911859      500   169.4    376.2    525.2   1.0    2.2     3.1
   97584  0.917398      500   178.6    455.6    516.3   1.0    2.6     2.9
  102058  0.922937      500   183.7    324.4    508.7   1.0    1.8     2.8
  109826  0.933307      936   198.7    483.6    623.5   1.0    2.4     3.1
  118669  0.942424      823   208.3    577.1    631.1   1.0    2.7     3.1
  129272  0.949991      683   230.1    588.2    640.6   1.0    2.6     2.9
  141975  0.957148      646   245.4    615.6    731.8   1.0    2.6     2.9
  156563  0.963330      558   364.3    624.2    706.7   1.0    2.2     2.6
  181304  0.970797      674   441.4    642.4    783.2   1.0    1.5     1.8
  206566  0.977810      633   471.1    631.4    675.5   1.0    1.4     1.4
  231530  0.984368      592   504.3    661.2    719.4   1.0    1.3     1.5
  268113  0.990218      528   563.1    767.8    914.6   1.0    1.4     1.6
  426666  0.996411      559   703.7    973.5   1044.2   1.0    1.3     1.6
 1000000  1.000000      324  1525.5   2384.0   2502.8   1.0    1.2     1.2
