# Digested data for homa_w4 experiment, run at 2026-04-21 04:12:50.250351
# Averaged across 1 repeated sample(s)
# length  cum_frac  samples     p50      p99     p999   s50    s99    s999
      72  0.004405      956    93.3    380.0   2538.3   5.7   23.4   150.8
      92  0.007373      644    91.8    353.4    540.4   5.8   22.2    33.9
     154  0.011842      970    91.9    312.6   1569.1   5.8   19.8    99.9
     222  0.017229     1169    97.0    303.9    643.0   6.2   19.4    41.2
     227  0.019635      522    91.1    310.0    476.8   5.9   20.2    31.0
     232  0.022335      586    93.3    361.1    515.7   6.0   23.4    33.4
     237  0.025063      592    93.5    364.0   1142.0   6.1   23.8    74.6
     243  0.027745      582    85.8    389.6   1140.8   5.6   25.6    75.1
     248  0.030542      607    90.0    328.3    571.0   5.9   21.7    37.7
     254  0.033007      535    89.9    324.7    396.0   6.0   21.5    26.2
     259  0.035809      608    88.6    294.2   1909.3   5.9   19.7   127.6
     265  0.038592      604    93.6    370.4   1819.9   6.3   24.8   121.7
     271  0.041246      576   103.1    349.1    634.7   6.9   23.3    42.3
     279  0.044573      722    95.4    337.3    501.1   6.3   22.4    33.3
     288  0.047918      726    87.7    334.6    541.2   5.8   22.3    36.0
     297  0.051195      711    93.0    328.9    805.7   6.2   22.0    53.9
     303  0.060747     2073    91.6    313.4    777.8   6.1   20.8    51.7
     305  0.069304     1857    90.5    342.0   1045.8   6.0   22.7    69.5
     308  0.077773     1838    92.3    355.6    786.3   6.1   23.7    52.3
     310  0.086082     1803    93.1    369.4    914.8   6.2   24.6    60.9
     313  0.094851     1903    91.6    342.5    493.5   6.1   22.8    32.9
     315  0.103509     1879    91.3    386.5   1594.8   6.1   25.6   105.8
     318  0.111637     1764    91.2    368.2    816.8   6.1   24.5    54.5
     321  0.120162     1850    91.6    345.5    557.1   6.1   23.0    37.2
     323  0.129171     1955    97.5    367.5    597.3   6.5   24.5    39.9
     326  0.137852     1884    91.9    342.1    565.8   6.1   22.8    37.7
     331  0.144478     1438    95.0    301.0    462.5   6.3   20.0    30.8
     335  0.151123     1442    95.0    412.4    645.3   6.3   27.4    42.9
     340  0.157570     1399    93.7    341.1    629.2   6.2   22.7    41.9
     345  0.163952     1385    92.6    355.4   2059.5   6.1   23.6   136.7
     350  0.170643     1452    93.9    347.7    492.4   6.2   23.0    32.6
     355  0.177264     1437    93.9    304.2    409.1   6.2   20.1    27.0
     360  0.183748     1407    90.4    361.4    729.3   6.0   23.9    48.2
     365  0.190015     1360    94.9    375.9   1247.3   6.3   25.1    83.4
     371  0.196539     1416    93.8    369.2    583.8   6.3   24.6    38.9
     376  0.202917     1384    93.1    366.5    569.8   6.2   24.3    37.8
     385  0.206981      882    97.7    375.2    793.1   6.5   24.9    52.7
     395  0.211087      891    90.3    353.8    566.2   6.0   23.6    37.8
     405  0.215128      877    94.7    353.0    525.8   6.3   23.3    34.8
     415  0.219390      925    91.0    360.9    563.5   6.1   24.0    37.5
     425  0.223680      931    88.1    333.3    498.4   5.9   22.3    33.3
     430  0.227652      862    92.9    332.5    714.2   6.2   22.3    47.8
     435  0.231634      864    92.1    357.2    811.1   6.1   23.8    54.1
     441  0.235716      886    94.7    356.8    581.9   6.3   23.8    38.8
     446  0.239748      875    96.0    302.9    496.0   6.4   20.2    33.0
     452  0.243656      848    93.4    361.7    553.0   6.2   24.0    36.7
     457  0.247642      865    91.8    348.7    777.9   6.1   23.1    51.4
     463  0.252029      952    93.2    317.4    930.9   6.2   21.0    61.5
     468  0.256107      885    93.3    337.4    966.5   6.2   22.3    64.0
     474  0.260088      864    89.8    307.8    645.4   6.0   20.4    42.8
     480  0.264111      873    90.9    363.9   1501.1   6.0   24.2    99.6
     491  0.284082     4334    93.3    306.1    520.8   6.2   20.3    34.5
     502  0.303845     4289    91.3    353.1    984.6   6.0   23.3    64.9
     513  0.323761     4322    92.8    348.3    713.4   6.1   23.0    47.2
     525  0.343340     4249    92.5    329.1    778.1   6.1   21.8    51.4
     537  0.363016     4270    93.0    355.1    781.8   6.2   23.5    51.7
     549  0.382163     4155    92.6    364.6    782.9   6.1   24.0    51.6
     561  0.401631     4225    92.9    352.5    717.4   6.2   23.4    47.5
     574  0.420846     4170    91.6    368.6   1001.9   6.1   24.5    66.5
     587  0.440122     4183    92.3    367.9    532.6   6.1   24.3    35.1
     600  0.459835     4278    92.5    331.9    615.5   6.1   21.8    40.4
     607  0.465304     1187    92.6    302.8    508.3   6.1   20.0    33.6
     615  0.470779     1188    92.9    376.7    917.0   6.1   24.8    60.4
     623  0.476626     1269    90.7    380.5    643.7   6.0   25.0    42.3
     630  0.482492     1273    93.3    407.9    993.0   6.1   26.8    65.3
     638  0.488436     1290    91.5    363.3   1069.8   6.0   23.8    70.2
     646  0.494569     1331    93.8    404.5    693.4   6.2   26.6    45.7
     654  0.500486     1284    94.2    344.4    547.2   6.2   22.5    35.8
     662  0.506564     1319    98.0    379.0    756.1   6.4   24.8    49.4
     671  0.512333     1252    93.1    390.6    934.0   6.1   25.5    61.0
     679  0.517973     1224    92.6    388.5    906.5   6.0   25.3    59.1
     685  0.521655      799    93.5    368.6    797.6   6.1   24.0    52.0
     690  0.525319      795    93.3    326.6    637.4   6.1   21.3    41.5
     696  0.528890      775    96.5    413.3    544.7   6.3   27.0    35.6
     702  0.532581      801    93.7    336.5   1625.7   6.1   21.9   105.8
     707  0.536046      752    93.5    328.6    422.8   6.1   21.4    27.5
     713  0.539894      835    90.7    391.9    671.4   5.9   25.6    43.8
     719  0.543147      706    93.3    332.1    554.1   6.1   21.5    35.9
     725  0.546607      751    91.2    344.7   1615.8   5.9   22.2   104.2
     731  0.550077      753    88.9    330.0    516.0   5.8   21.5    33.6
     737  0.553455      733    96.2    368.4    769.0   6.3   24.0    50.2
     749  0.558358     1064    92.1    317.1    578.3   6.0   20.6    37.6
     762  0.562980     1003    93.4    324.4    623.2   6.1   21.1    40.6
     774  0.567928     1074    92.2    382.7    653.4   6.0   24.9    42.5
     787  0.572490      990    97.7    347.7   1240.7   6.3   22.6    80.6
     800  0.577223     1027    95.1    349.9    704.8   6.2   22.7    45.7
     816  0.580084      621    88.7    328.1    651.6   5.7   21.2    42.2
     833  0.583241      685    91.6    376.0    796.3   5.9   24.3    51.4
     850  0.586259      655    93.8    369.8    510.4   6.0   23.8    32.9
     867  0.589222      643    93.8    346.0    657.5   6.0   22.1    42.0
     885  0.592125      630    89.6    384.7   1521.1   5.7   24.6    97.3
     914  0.595724      781    88.9    339.4    492.8   5.7   21.8    31.6
     945  0.599751      874    95.1    384.0    540.6   6.1   24.6    34.6
     976  0.603544      823    92.0    333.5   1378.5   5.9   21.3    88.0
    1009  0.607055      762    89.6    376.3   3059.8   5.7   23.9   194.5
    1042  0.610695      790    96.6    303.0    895.2   6.1   19.0    56.1
    1085  0.614640      856    93.3    390.7   1181.1   5.9   24.6    74.4
    1130  0.618192      771    96.3    341.7   2352.6   6.1   21.5   148.2
    1177  0.621602      740    98.9    313.9    650.4   6.2   19.8    41.0
    1226  0.625289      800    93.3    380.2   1130.2   5.8   23.6    70.2
    1277  0.628860      775    92.0    353.2    477.3   5.7   21.9    29.6
    1316  0.632136      711    96.3    372.4    496.7   5.9   22.9    30.6
    1357  0.635352      698   102.4    365.7    617.6   6.3   22.4    37.9
    1399  0.638896      769    96.3    307.0   1504.5   5.9   18.8    92.3
    1436  0.641467      558   110.0    382.4    545.2   4.6   16.1    22.9
    1484  0.644343      624   105.0    365.6    633.6   4.4   15.4    26.7
    1534  0.647329      648   110.4    392.7   1793.3   4.6   16.5    75.2
    1559  0.651172      834   108.7    401.8   1156.4   4.6   16.9    48.7
    1585  0.655512      942   110.4    456.0   3423.2   4.7   19.2   144.3
    1611  0.659636      895   111.2    384.2   2703.7   4.7   16.2   113.7
    1637  0.663973      941   110.8    397.3    776.8   4.7   16.7    32.6
    1664  0.668023      879   106.5    421.8   1108.3   4.5   17.7    46.5
    1865  0.670829      609   109.8    391.9    620.0   4.6   16.5    26.2
    2091  0.673866      659   103.6    345.0    833.5   4.4   14.5    35.1
    2412  0.677114      705   110.1    327.6    612.9   4.6   13.8    25.8
    2742  0.679801      583   104.9    396.3    756.8   4.4   16.7    31.8
    3118  0.682653      619   109.6    383.2   1074.5   4.3   15.1    42.2
    3544  0.685441      605   110.4    381.3    717.0   4.3   14.9    28.0
    4030  0.688353      632   110.7    367.9    499.2   4.3   14.4    19.5
    4582  0.691104      597   108.9    426.7   1106.3   4.0   15.6    40.4
    5210  0.693805      586   114.4    471.6    593.1   4.2   17.1    21.6
    5652  0.697007      695   109.3    380.6    940.2   4.0   13.9    34.5
    6132  0.700150      682   115.0    420.4    695.7   4.0   14.5    23.9
    6653  0.703108      642   114.4    429.2    696.7   3.9   14.7    23.9
    7217  0.706255      683   118.5    364.9    525.7   3.9   11.9    17.2
    7830  0.709154      629   120.1    404.3    660.9   3.9   13.1    21.4
   13741  0.713891     1028   132.6    469.6    644.8   3.6   13.5    18.8
   18203  0.716623      593   141.8    496.9    669.0   3.2   11.3    15.2
   24115  0.719393      601   163.6    501.8    766.0   2.9    8.9    13.7
   31946  0.722098      587   183.7    557.2    741.3   2.8    8.5    11.3
   33343  0.724798      586   181.9    581.1    878.5   2.7    8.6    13.0
   34801  0.727595      607   191.8    598.4    917.7   2.8    8.7    13.3
   36322  0.730433      616   190.8    641.5    883.2   2.5    8.5    11.7
   37450  0.733124      584   196.1    621.0   1061.3   2.4    7.7    13.2
   38377  0.736133      653   200.6    542.0   1247.2   2.4    6.6    15.2
   39327  0.738774      573   203.3    636.9   1014.0   1.8    5.7     9.1
   40382  0.742336      773   210.1    767.4   1802.1   2.5    9.0    21.2
   41214  0.746064      809   209.1    572.5    732.0   2.2    5.9     7.6
   42062  0.750008      856   205.9    657.2    965.5   2.4    7.6    11.2
   42928  0.753828      829   210.3    592.5   1039.1   2.4    6.7    11.7
   43811  0.757533      804   215.1    653.3   1018.7   1.6    4.7     7.4
   44531  0.760970      746   220.6    649.2    881.8   1.5    4.4     5.9
   45079  0.765016      878   215.2    709.1    942.7   1.5    5.1     6.8
   45634  0.768910      845   222.4    699.9   1062.7   2.1    6.5     9.8
   46195  0.772813      847   223.3    781.9   1254.4   1.5    5.1     8.2
   46763  0.776730      850   214.9    719.5   1062.4   1.7    5.8     8.5
   47435  0.782301     1209   217.0    726.7   1306.4   1.5    4.9     8.8
   47823  0.785863      773   226.3    648.0   1473.6   2.0    5.8    13.1
   48215  0.789531      796   220.4    697.2   1546.4   2.2    7.0    15.5
   48609  0.793392      838   226.8    648.1   1335.2   2.4    6.7    13.9
   49007  0.797138      813   223.4    672.6   1903.4   1.4    4.4    12.3
   49408  0.801009      840   220.4    701.3    805.6   2.3    7.2     8.3
   49813  0.804778      818   224.0    702.0    965.5   1.4    4.4     6.1
   50221  0.808539      816   228.7    753.9   1001.6   1.4    4.7     6.3
   50632  0.812400      838   232.2    683.9   1331.2   1.5    4.5     8.7
   51046  0.816280      842   227.4    677.3   1064.8   1.4    4.3     6.7
   55381  0.818966      583   254.7    778.7   1165.5   1.6    5.0     7.5
   60084  0.821823      620   255.6    834.2   1193.8   2.3    7.4    10.6
   64132  0.825100      711   263.7   1017.9   1535.4   1.6    6.1     9.2
   66528  0.827731      571   269.1    814.5   1053.7   1.6    4.9     6.3
   69014  0.830643      632   274.2    854.6   1274.0   1.7    5.3     7.8
   71156  0.833472      614   270.0    802.4   1746.5   1.9    5.6    12.1
   72473  0.836127      576   285.3    948.9   3499.6   1.9    6.5    23.9
   73814  0.838675      553   273.4    875.7   1274.5   1.8    5.9     8.6
   75180  0.841384      588   422.4   1334.8   1855.4   2.5    7.9    10.9
   75795  0.844462      668   429.1   1254.9   1514.6   2.3    6.7     8.1
   76416  0.847494      658   437.0   1222.4   2547.1   2.5    6.9    14.4
   77041  0.850522      657   432.0   1174.4   2135.1   2.3    6.3    11.4
   77672  0.853545      656   458.2   1212.0   2272.6   2.4    6.3    11.9
   78307  0.856319      602   436.4   1179.7   3795.0   2.2    5.9    19.0
   78948  0.859337      655   430.4   1216.1   1685.8   2.2    6.3     8.7
   79595  0.862452      676   460.3   1181.7   2204.6   2.4    6.1    11.5
   80246  0.865516      665   448.7   1160.9   1415.4   2.4    6.3     7.7
   80903  0.868461      639   454.6   1203.7   2174.7   2.3    6.2    11.2
   81565  0.871613      684   443.4   1186.7   1863.2   2.2    6.0     9.4
   85305  0.874990      733   450.9   1193.0   3747.2   2.6    6.8    21.2
   89216  0.878262      710   460.0   1214.8   2893.8   2.6    7.0    16.6
   93306  0.881483      699   476.1   1456.9   1667.0   2.5    7.8     8.9
   97584  0.884884      738   496.2   1310.4   1807.4   2.5    6.5     9.0
  102058  0.888164      712   509.8   1399.2   2055.5   2.4    6.6     9.7
  105871  0.890837      580   504.1   1474.9   2048.6   2.2    6.5     9.0
  109826  0.893514      581   509.0   1254.1   1666.0   2.3    5.6     7.4
  113929  0.896297      604   556.6   1581.1   4396.7   2.4    6.7    18.8
  118669  0.898892      563   577.7   1535.3   1884.5   2.1    5.5     6.8
  123857  0.901721      614   594.2   1691.3   2380.7   2.0    5.7     8.0
  129272  0.904698      646   617.4   1739.0   2554.1   1.8    5.2     7.6
  135199  0.907592      628   658.8   1607.2   2732.8   1.9    4.6     7.9
  141975  0.910426      615   661.7   1695.2   2537.3   1.9    4.8     7.2
  149091  0.913181      598   752.0   1829.1   5206.2   1.9    4.7    13.3
  156563  0.915831      575   785.5   2088.8   4575.4   1.8    4.8    10.5
  164410  0.918789      642   786.4   2315.9   4660.2   1.8    5.2    10.4
  172651  0.921632      617   845.5   2270.2   4324.8   1.7    4.6     8.8
  181304  0.924213      560   843.2   2465.6   5272.6   1.7    4.9    10.5
  189618  0.926825      567   931.4   2455.5   4864.2   1.8    4.7     9.3
  197911  0.929645      612   957.6   2535.6   3830.5   1.7    4.6     6.9
  206566  0.932230      561  1024.5   3286.5   5761.9   1.7    5.5     9.6
  215160  0.935032      608  1040.2   2503.7   3294.7   1.7    4.0     5.3
  223195  0.937958      635  1083.6   2901.2   4778.5   1.7    4.5     7.5
  231530  0.940995      659  1125.8   2909.6   4312.3   1.8    4.6     6.9
  240177  0.943995      651  1165.9   3281.4   3743.7   1.8    5.1     5.8
  253761  0.946921      635  1209.7   3165.7   3883.7   1.8    4.7     5.7
  268113  0.949934      654  1323.0   3403.8   4468.4   1.9    4.8     6.3
  283277  0.952690      598  1372.7   3950.9   5836.1   1.9    5.4     8.0
  318166  0.955538      618  1612.8   4015.8   5932.3   2.1    5.1     7.6
  368444  0.958367      614  1815.6   5129.8   6156.0   2.1    5.9     7.1
  426666  0.961173      609  2251.6   6085.8   7959.5   2.3    6.3     8.2
  514641  0.964136      643  2863.4   7066.6   8954.3   2.5    6.1     7.7
  643946  0.966818      582  3583.7   9775.5  13338.3   2.5    6.9     9.4
  792711  0.969638      612  4757.8  13082.6  15175.2   2.8    7.8     9.0
  940700  0.972016      516  6388.8  17230.9  18779.8   3.2    8.7     9.5
 1000000  1.000000     6073  8046.9 862548.7 878174.3   3.8  407.6   415.0
