# Fraction of RTTS longer than a given time for dctcp_w4 experiment
# Includes messages <= 315 bytes; measured at 2026-04-20 22:17:37.871767
# Averaged across 1 repeated sample(s)
# Data collected at 2026-04-20 22:17:37.871767 
#       usec        frac
     102.260  0.99981792
     108.780  0.99963583
     120.690  0.99945375
     136.890  0.99927167
     140.940  0.99908958
     144.990  0.99854334
     152.260  0.99817917
     167.630  0.99799709
     170.430  0.99763292
     174.930  0.99745084
     181.130  0.99726875
     194.640  0.99708667
     204.740  0.99690459
     208.230  0.99672251
     211.160  0.99654042
     219.190  0.99635834
     222.670  0.99599417
     228.010  0.99581209
     230.320  0.99563001
     234.260  0.99544792
     246.200  0.99508376
     251.520  0.99471959
     254.300  0.99435543
     258.310  0.99399126
     261.410  0.99380918
     264.250  0.99344501
     278.420  0.99326293
     290.960  0.99289876
     303.510  0.99253460
     307.470  0.99235251
     314.350  0.99198835
     319.710  0.99180626
     324.800  0.99162418
     330.850  0.99144210
     337.820  0.99107793
     347.730  0.99089585
     352.720  0.99071377
     357.900  0.99053168
     365.970  0.99016752
     370.280  0.98980335
     376.210  0.98925710
     381.260  0.98907502
     385.100  0.98871085
     389.450  0.98816460
     400.180  0.98761835
     410.240  0.98743627
     416.050  0.98707210
     426.750  0.98670794
     431.810  0.98652586
     442.890  0.98597961
     448.450  0.98579752
     459.280  0.98525127
     464.000  0.98488711
     476.060  0.98470503
     480.890  0.98397669
     486.460  0.98324836
     493.800  0.98270211
     499.020  0.98215586
     504.260  0.98197378
     514.460  0.98160961
     528.920  0.98033503
     535.630  0.98015295
     542.660  0.97924253
     549.410  0.97815004
     558.500  0.97760379
     565.550  0.97705754
     572.890  0.97669337
     579.810  0.97596504
     586.060  0.97541879
     594.590  0.97487254
     600.540  0.97469046
     607.700  0.97414421
     614.570  0.97341588
     622.660  0.97214130
     628.950  0.97123088
     637.220  0.96977422
     644.830  0.96831755
     652.440  0.96704297
     660.000  0.96631464
     668.490  0.96595047
     676.380  0.96449381
     689.220  0.96285506
     696.560  0.96194465
     707.990  0.96139840
     717.000  0.96030590
     724.290  0.95939548
     732.030  0.95830299
     743.270  0.95757465
     753.850  0.95684632
     763.860  0.95611799
     773.230  0.95466133
     783.400  0.95338674
     791.610  0.95229425
     803.340  0.95156591
     812.420  0.94974508
     821.560  0.94865259
     831.400  0.94719592
     839.910  0.94610342
     848.340  0.94519301
     857.770  0.94319009
     866.820  0.94191551
     876.900  0.94045885
     887.900  0.93845594
     897.190  0.93645302
     906.400  0.93463219
     915.730  0.93299345
     925.270  0.93080845
     934.600  0.92844137
     944.570  0.92698471
     954.250  0.92461763
     966.360  0.92206846
     976.250  0.92061180
     989.460  0.91915513
     999.870  0.91715222
    1009.940  0.91514931
    1020.200  0.91369264
    1031.430  0.91096140
    1041.850  0.90859432
    1053.330  0.90713765
    1064.680  0.90458849
    1075.450  0.90203933
    1086.630  0.90003642
    1098.410  0.89712309
    1110.400  0.89530226
    1123.840  0.89329934
    1137.450  0.89129643
    1150.880  0.88965768
    1162.510  0.88692644
    1174.900  0.88310269
    1189.040  0.88037145
    1201.360  0.87782229
    1214.240  0.87472688
    1226.930  0.87126730
    1241.090  0.86817189
    1253.560  0.86671522
    1267.670  0.86307356
    1281.090  0.86088857
    1294.530  0.85688274
    1307.990  0.85451566
    1321.860  0.85069192
    1335.240  0.84559359
    1349.250  0.84213401
    1363.480  0.83758194
    1377.220  0.83302986
    1391.290  0.82975237
    1406.420  0.82592862
    1420.660  0.82119446
    1435.280  0.81609614
    1450.120  0.81117990
    1464.900  0.80680991
    1480.100  0.80152950
    1495.010  0.79825200
    1510.330  0.79260743
    1525.470  0.78750910
    1541.960  0.78186453
    1558.210  0.77621996
    1575.440  0.77057538
    1591.220  0.76438456
    1607.280  0.75910415
    1623.560  0.75327749
    1640.210  0.74854334
    1657.630  0.74308084
    1674.390  0.73780044
    1691.220  0.73124545
    1708.200  0.72469046
    1723.460  0.71740714
    1740.850  0.71103423
    1758.330  0.70429716
    1777.950  0.69774217
    1796.330  0.69136926
    1811.740  0.68445011
    1828.230  0.67753095
    1846.310  0.67061180
    1862.690  0.66387473
    1875.580  0.65713765
    1890.680  0.65040058
    1909.760  0.64402768
    1925.280  0.63747269
    1939.120  0.63091770
    1956.860  0.62454479
    1968.240  0.61817189
    1988.090  0.61216315
    2000.140  0.60597232
    2019.800  0.59978150
    2039.180  0.59377276
    2055.000  0.58776402
    2069.430  0.58175528
    2082.800  0.57592862
    2094.820  0.57010197
    2110.620  0.56427531
    2126.050  0.55863074
    2139.250  0.55298616
    2153.550  0.54734159
    2172.030  0.54169701
    2184.980  0.53623452
    2202.380  0.53077203
    2219.490  0.52530954
    2236.170  0.52002913
    2248.070  0.51474873
    2262.330  0.50946832
    2269.630  0.50436999
    2285.650  0.49927167
    2300.500  0.49417334
    2315.950  0.48907502
    2334.180  0.48415878
    2344.470  0.47924253
    2361.580  0.47432629
    2377.100  0.46941005
    2387.380  0.46467589
    2402.490  0.45994173
    2411.520  0.45520757
    2428.070  0.45065550
    2446.860  0.44610342
    2458.390  0.44155135
    2469.290  0.43699927
    2484.220  0.43262928
    2502.120  0.42825929
    2516.260  0.42388929
    2527.880  0.41951930
    2540.930  0.41514931
    2556.980  0.41096140
    2572.040  0.40677349
    2592.660  0.40258558
    2608.700  0.39839767
    2627.940  0.39439184
    2646.190  0.39038602
    2662.740  0.38638019
    2676.040  0.38237436
    2698.200  0.37855062
    2719.180  0.37472688
    2732.210  0.37090313
    2752.300  0.36707939
    2775.860  0.36325564
    2789.440  0.35961398
    2803.450  0.35597232
    2823.470  0.35233066
    2839.210  0.34868900
    2860.570  0.34504734
    2876.630  0.34158776
    2886.590  0.33812819
    2902.810  0.33466861
    2920.720  0.33120903
    2942.740  0.32774945
    2968.080  0.32428988
    2978.160  0.32101238
    2993.460  0.31773489
    3006.700  0.31445739
    3016.440  0.31117990
    3026.580  0.30790240
    3039.480  0.30480699
    3057.050  0.30171158
    3069.590  0.29861617
    3082.180  0.29552076
    3099.210  0.29242535
    3119.400  0.28932993
    3131.800  0.28641661
    3151.840  0.28350328
    3161.850  0.28058995
    3184.210  0.27767662
    3204.440  0.27476329
    3215.650  0.27184996
    3232.370  0.26911872
    3240.810  0.26638747
    3249.790  0.26365623
    3267.570  0.26092498
    3280.960  0.25819374
    3291.660  0.25546249
    3307.230  0.25273125
    3323.480  0.25018208
    3339.690  0.24763292
    3357.540  0.24508376
    3362.800  0.24253460
    3376.300  0.23998543
    3405.580  0.23743627
    3421.310  0.23488711
    3427.750  0.23252003
    3442.930  0.23015295
    3460.270  0.22778587
    3478.330  0.22541879
    3494.090  0.22305171
    3509.330  0.22068463
    3538.290  0.21831755
    3553.750  0.21613256
    3571.260  0.21394756
    3589.180  0.21176256
    3612.450  0.20957757
    3627.730  0.20739257
    3648.170  0.20520757
    3666.400  0.20302258
    3679.600  0.20083758
    3698.420  0.19865259
    3707.220  0.19664967
    3721.510  0.19464676
    3737.480  0.19264385
    3762.960  0.19064093
    3783.910  0.18863802
    3798.140  0.18663511
    3820.520  0.18463219
    3845.340  0.18262928
    3865.200  0.18062637
    3880.880  0.17880554
    3906.550  0.17698471
    3936.410  0.17516387
    3961.500  0.17334304
    3981.030  0.17152221
    4022.450  0.16970138
    4039.130  0.16788055
    4061.420  0.16605972
    4082.570  0.16423889
    4099.740  0.16241806
    4116.360  0.16077932
    4160.200  0.15932265
    4183.810  0.15768390
    4204.720  0.15604516
    4245.240  0.15440641
    4299.780  0.15276766
    4325.330  0.15112891
    4347.980  0.14949017
    4376.630  0.14785142
    4403.880  0.14621267
    4449.680  0.14512017
    4484.160  0.14366351
    4509.360  0.14220685
    4540.020  0.14075018
    4557.090  0.13929352
    4575.780  0.13783685
    4625.070  0.13638019
    4664.410  0.13492353
    4711.430  0.13346686
    4759.490  0.13219228
    4797.100  0.13073562
    4813.680  0.12927895
    4849.700  0.12782229
    4872.470  0.12636562
    4916.360  0.12509104
    4965.650  0.12418063
    5007.310  0.12290605
    5029.490  0.12163146
    5060.460  0.12035688
    5104.770  0.11908230
    5137.770  0.11780772
    5167.610  0.11653314
    5218.850  0.11525856
    5274.140  0.11416606
    5328.880  0.11361981
    5390.460  0.11234523
    5444.320  0.11107065
    5510.560  0.10979607
    5547.790  0.10852149
    5588.990  0.10742899
    5619.720  0.10633649
    5688.020  0.10560816
    5751.680  0.10469774
    5809.460  0.10360524
    5843.520  0.10251275
    5904.460  0.10178441
    5966.300  0.10105608
    6037.330  0.10069192
    6112.400  0.09978150
    6195.820  0.09887109
    6261.480  0.09850692
    6322.000  0.09741442
    6371.920  0.09632192
    6403.480  0.09522942
    6493.710  0.09450109
    6564.040  0.09340859
    6602.020  0.09231610
    6702.890  0.09140568
    6769.530  0.09031318
    6874.000  0.08958485
    6946.350  0.08867444
    7017.350  0.08776402
    7085.720  0.08685361
    7169.500  0.08630736
    7251.560  0.08576111
    7396.870  0.08503277
    7459.730  0.08412236
    7538.670  0.08394028
    7618.020  0.08321194
    7718.960  0.08230153
    7823.930  0.08193736
    7912.870  0.08120903
    8008.340  0.08048070
    8106.760  0.07975237
    8192.310  0.07902403
    8314.370  0.07847779
    8428.110  0.07793154
    8540.180  0.07774945
    8721.010  0.07738529
    8814.270  0.07702112
    8914.680  0.07665696
    9180.980  0.07629279
    9277.320  0.07574654
    9391.710  0.07501821
    9542.660  0.07428988
    9674.670  0.07337946
    9810.390  0.07283321
    9998.760  0.07228696
   10288.980  0.07174071
   10396.280  0.07137655
   10787.780  0.07119446
   10930.850  0.07046613
   11096.370  0.07028405
   11239.730  0.06973780
   11378.850  0.06937363
   11973.520  0.06900947
   12252.810  0.06882739
   12440.700  0.06864530
   12581.700  0.06809905
   12912.370  0.06791697
   13605.390  0.06755280
   14040.470  0.06737072
   14397.440  0.06700655
   14701.260  0.06682447
   15012.660  0.06664239
   15638.310  0.06627822
   16074.730  0.06591406
   16417.730  0.06573197
   16619.230  0.06536781
   16798.490  0.06518572
   17251.400  0.06482156
   17557.420  0.06445739
   17934.580  0.06391114
   18122.160  0.06372906
   18325.680  0.06354698
   18592.510  0.06318281
   18837.720  0.06300073
   19027.930  0.06263656
   19344.520  0.06245448
   20695.290  0.06227240
   21015.610  0.06209031
 1002139.250  0.06190823
 1002488.200  0.06117990
 1002841.720  0.06045157
 1003028.920  0.05972323
 1003823.790  0.05899490
 1003915.590  0.05826657
 1004470.950  0.05753824
 1004718.960  0.05680991
 1005448.450  0.05608157
 1005615.300  0.05535324
 1005760.130  0.05462491
 1006287.030  0.05407866
 1006530.340  0.05353241
 1006868.550  0.05298616
 1007054.030  0.05243991
 1007238.110  0.05189366
 1007563.250  0.05134741
 1007788.940  0.05080117
 1007885.710  0.05025492
 1008016.930  0.04970867
 1008175.160  0.04916242
 1008549.080  0.04861617
 1009080.890  0.04806992
 1009572.200  0.04752367
 1009816.300  0.04697742
 1010345.990  0.04643117
 1010943.570  0.04588492
 1011168.680  0.04533867
 1011483.070  0.04479243
 1011701.100  0.04424618
 1011825.470  0.04369993
 1012334.440  0.04315368
 1012631.180  0.04260743
 1012801.310  0.04206118
 1012922.070  0.04151493
 1013515.800  0.04096868
 1013769.510  0.04042243
 1014413.460  0.03987618
 1014725.670  0.03932993
 1015026.670  0.03878369
 1015531.530  0.03823744
 1015584.560  0.03769119
 1015904.580  0.03714494
 1016101.050  0.03659869
 1016130.800  0.03605244
 1016351.360  0.03568827
 1016777.550  0.03532411
 1017106.460  0.03495994
 1017242.190  0.03459578
 1017548.800  0.03423161
 1017615.410  0.03386744
 1017648.390  0.03350328
 1017702.390  0.03313911
 1017810.450  0.03277495
 1018220.920  0.03241078
 1018770.060  0.03204661
 1018994.490  0.03168245
 1019249.120  0.03131828
 1019586.250  0.03095412
 1019664.690  0.03058995
 1019871.930  0.03022578
 1019975.820  0.02986162
 1020045.430  0.02949745
 1020138.390  0.02913328
 1020180.010  0.02876912
 1020454.130  0.02840495
 1021009.850  0.02804079
 1021493.020  0.02767662
 1021560.300  0.02731245
 1022019.370  0.02694829
 1022147.170  0.02658412
 1022185.350  0.02621996
 1022407.370  0.02585579
 1022548.580  0.02549162
 1022772.830  0.02512746
 1022873.470  0.02476329
 1023417.130  0.02439913
 1023503.610  0.02403496
 1023529.890  0.02367079
 1023874.590  0.02330663
 1024086.760  0.02294246
 1024173.110  0.02257830
 1024358.860  0.02221413
 1024390.650  0.02184996
 1024523.000  0.02148580
 1024800.290  0.02112163
 1024871.740  0.02075747
 1025082.710  0.02039330
 1025249.370  0.02002913
 1025345.320  0.01966497
 1025546.170  0.01930080
 1026031.880  0.01893664
 1026065.000  0.01857247
 1026208.290  0.01820830
 1026528.540  0.01784414
 1026708.700  0.01766205
 1027029.200  0.01747997
 1027087.940  0.01729789
 1027107.600  0.01711580
 1027668.950  0.01693372
 1027797.770  0.01675164
 1027901.350  0.01656956
 1028303.190  0.01638747
 1028343.170  0.01620539
 1028625.350  0.01602331
 1028662.100  0.01584122
 1028978.370  0.01565914
 1029059.710  0.01547706
 1029081.410  0.01529497
 1029220.320  0.01511289
 1029369.530  0.01493081
 1029454.740  0.01474873
 1029523.350  0.01456664
 1029904.370  0.01438456
 1029998.760  0.01420248
 1030096.840  0.01402039
 1030159.140  0.01383831
 1030373.200  0.01365623
 1030415.160  0.01347414
 1030674.990  0.01329206
 1030713.830  0.01310998
 1030753.130  0.01292790
 1030764.900  0.01274581
 1030906.020  0.01256373
 1030929.420  0.01238165
 1030994.480  0.01219956
 1031104.960  0.01201748
 1031134.430  0.01183540
 1031214.480  0.01165331
 1031414.640  0.01147123
 1031581.230  0.01128915
 1031715.410  0.01110706
 1031799.570  0.01092498
 1032479.780  0.01074290
 1032550.770  0.01056082
 1032732.210  0.01037873
 1032732.400  0.01019665
 1032875.580  0.01001457
 1033217.140  0.00983248
 1033546.680  0.00965040
 1033690.110  0.00946832
 1033929.330  0.00928623
 1033974.170  0.00910415
 1034264.860  0.00892207
 1034307.740  0.00873999
 1034356.880  0.00855790
 1034383.840  0.00837582
 1034584.210  0.00819374
 1034626.950  0.00801165
 1034738.500  0.00782957
 1034775.490  0.00764749
 1035030.270  0.00746540
 1035349.320  0.00728332
 1035712.820  0.00710124
 1035914.770  0.00691916
 1035982.960  0.00673707
 1037503.760  0.00655499
 1037609.460  0.00637291
 1038285.680  0.00619082
 1040388.540  0.00600874
 1040461.420  0.00582666
 1041270.930  0.00564457
 1041489.600  0.00546249
 1041560.400  0.00528041
 1041756.790  0.00509832
 1041833.920  0.00491624
 1041924.990  0.00473416
 1041968.630  0.00455208
 1043392.160  0.00436999
 1043873.810  0.00418791
 1044661.570  0.00400583
 1046105.980  0.00382374
 1047709.550  0.00364166
 1050233.440  0.00345958
 1051167.530  0.00327749
 1052677.010  0.00309541
 1056091.830  0.00291333
 1057871.540  0.00273125
 1062251.970  0.00254916
 1067347.050  0.00236708
 1069538.890  0.00218500
 1075808.520  0.00200291
 1082839.140  0.00182083
 1084646.960  0.00163875
 1107397.410  0.00145666
 1145776.210  0.00127458
 2015748.420  0.00109250
 2039032.940  0.00091042
 2042546.070  0.00072833
 2047855.030  0.00054625
 2047982.070  0.00036417
 2048367.990  0.00018208
 2053300.580  0.00000000
