# Fraction of RTTS longer than a given time for dctcp_w4 experiment
# Includes messages <= 315 bytes; measured at 2026-04-21 06:28:13.551056
# Averaged across 1 repeated sample(s)
# Data collected at 2026-04-21 06:28:13.551056 
#       usec        frac
      32.050  0.99996900
      32.780  0.99993799
      33.360  0.99987598
      33.700  0.99975197
      34.550  0.99968996
      34.900  0.99944193
      35.300  0.99931791
      35.700  0.99906988
      36.100  0.99888386
      36.470  0.99863583
      36.980  0.99838780
      37.400  0.99792274
      37.790  0.99761270
      38.170  0.99708563
      38.560  0.99686861
      38.960  0.99631054
      39.380  0.99609351
      39.780  0.99584548
      40.200  0.99525640
      40.620  0.99460532
      41.030  0.99404725
      41.450  0.99336516
      41.930  0.99271408
      42.350  0.99206300
      42.780  0.99150493
      43.220  0.99100887
      43.690  0.99066782
      44.170  0.99007875
      44.650  0.98973771
      45.150  0.98921064
      45.640  0.98865257
      46.100  0.98787747
      46.580  0.98700936
      47.060  0.98598623
      47.570  0.98499411
      48.050  0.98412600
      48.540  0.98300986
      49.030  0.98183171
      49.550  0.98071557
      50.050  0.97907236
      50.570  0.97749116
      51.090  0.97532089
      51.610  0.97342965
      52.140  0.97129038
      52.670  0.96887208
      53.210  0.96679482
      53.770  0.96446952
      54.310  0.96195821
      54.860  0.95957091
      55.410  0.95758666
      55.970  0.95519936
      56.530  0.95203696
      57.100  0.95005271
      57.690  0.94809946
      58.270  0.94599119
      58.860  0.94360389
      59.450  0.94140262
      60.090  0.93873628
      60.700  0.93616296
      61.320  0.93417871
      61.940  0.93172940
      62.560  0.92949712
      63.190  0.92748186
      63.830  0.92568364
      64.510  0.92373039
      65.160  0.92112606
      65.820  0.91892478
      66.480  0.91644447
      67.150  0.91449123
      67.840  0.91303404
      68.520  0.91111180
      69.260  0.90866249
      69.960  0.90686426
      70.670  0.90453897
      71.380  0.90224468
      72.100  0.90044646
      72.830  0.89830719
      73.560  0.89613691
      74.300  0.89418367
      75.060  0.89232343
      75.820  0.89027717
      76.580  0.88798289
      77.350  0.88550257
      78.140  0.88364234
      78.930  0.88147207
      79.720  0.87883673
      80.520  0.87635642
      81.360  0.87418615
      82.180  0.87275997
      83.020  0.87086873
      83.860  0.86910151
      84.750  0.86655919
      85.620  0.86469895
      86.490  0.86290073
      87.370  0.86042041
      88.300  0.85849817
      89.190  0.85673095
      90.090  0.85490172
      91.040  0.85288646
      91.970  0.85096422
      92.890  0.84866993
      93.830  0.84680970
      94.810  0.84426738
      95.760  0.84222112
      96.720  0.83998884
      97.720  0.83803559
      98.710  0.83614435
      99.710  0.83335400
     100.710  0.83140076
     101.740  0.82935450
     102.760  0.82768029
     103.810  0.82566503
     104.860  0.82340175
     105.910  0.82135549
     106.970  0.81924723
     108.040  0.81738699
     109.130  0.81493768
     110.230  0.81227135
     111.350  0.80976003
     112.500  0.80762076
     113.650  0.80545049
     114.790  0.80321821
     115.940  0.80092392
     117.120  0.79872264
     118.300  0.79642835
     119.520  0.79397904
     120.750  0.79177776
     121.960  0.78948347
     123.200  0.78712718
     124.450  0.78495690
     125.700  0.78269362
     126.980  0.78018230
     128.250  0.77763998
     129.550  0.77537670
     130.880  0.77243133
     132.200  0.76970298
     133.530  0.76734669
     134.870  0.76480437
     136.230  0.76226205
     137.610  0.75944069
     139.020  0.75699138
     140.430  0.75463508
     141.850  0.75153469
     143.270  0.74877535
     144.720  0.74607801
     146.170  0.74359769
     147.660  0.74068333
     149.160  0.73789297
     150.680  0.73504062
     152.210  0.73212625
     153.750  0.72930489
     155.300  0.72617350
     156.900  0.72310411
     158.470  0.72009673
     160.060  0.71730638
     161.680  0.71467105
     163.320  0.71166367
     164.960  0.70896633
     166.610  0.70639301
     168.310  0.70388169
     170.000  0.70106033
     171.720  0.69814597
     173.460  0.69544863
     175.240  0.69256526
     177.030  0.68890680
     178.820  0.68552738
     180.630  0.68292305
     182.460  0.67972965
     184.300  0.67681528
     186.150  0.67337385
     188.020  0.66996342
     189.910  0.66670801
     191.810  0.66363862
     193.730  0.66050722
     195.670  0.65756185
     197.630  0.65467849
     199.610  0.65126806
     201.610  0.64760960
     203.690  0.64429218
     205.770  0.64081974
     207.830  0.63740931
     209.910  0.63440193
     212.060  0.63061946
     214.190  0.62671297
     216.370  0.62348856
     218.550  0.61992311
     220.740  0.61679172
     223.030  0.61390835
     225.280  0.61059093
     227.540  0.60690147
     229.910  0.60352204
     232.210  0.59927451
     234.590  0.59564705
     236.960  0.59217461
     239.340  0.58854716
     241.740  0.58454765
     244.180  0.58073417
     246.630  0.57707571
     249.110  0.57366528
     251.610  0.56994481
     254.170  0.56616234
     256.730  0.56272090
     259.380  0.55872140
     261.990  0.55580703
     264.620  0.55230359
     267.330  0.54895517
     270.060  0.54554474
     272.820  0.54095616
     275.560  0.53695666
     278.320  0.53267812
     281.120  0.52901966
     283.980  0.52533019
     286.820  0.52108266
     289.730  0.51742420
     292.640  0.51370373
     295.640  0.51013828
     298.650  0.50607677
     301.670  0.50213927
     304.710  0.49848081
     307.810  0.49497737
     310.940  0.49088485
     314.050  0.48694736
     317.240  0.48313387
     320.460  0.47919638
     323.680  0.47597197
     326.980  0.47222050
     330.280  0.46859304
     333.600  0.46505860
     336.970  0.46152415
     340.370  0.45758666
     343.780  0.45358715
     347.220  0.44955664
     350.530  0.44503007
     354.090  0.44075153
     357.640  0.43706207
     361.280  0.43365164
     364.940  0.42962113
     368.280  0.42531159
     372.030  0.42193216
     375.500  0.41768463
     378.680  0.41349910
     382.470  0.40999566
     386.320  0.40615118
     390.200  0.40236870
     393.810  0.39833819
     397.400  0.39433869
     401.390  0.39043219
     404.670  0.38652570
     408.730  0.38280523
     412.260  0.37896075
     416.390  0.37548831
     419.840  0.37170583
     424.060  0.36810938
     427.910  0.36441992
     432.030  0.36076146
     436.370  0.35735103
     440.430  0.35375457
     444.080  0.35018912
     448.550  0.34668568
     452.580  0.34321324
     456.460  0.33977181
     460.690  0.33636138
     465.030  0.33298196
     469.010  0.32963353
     472.860  0.32631612
     476.700  0.32302970
     480.580  0.31977429
     484.400  0.31654989
     487.960  0.31335648
     492.380  0.31019408
     496.090  0.30706269
     499.990  0.30396230
     504.320  0.30089291
     508.240  0.29785453
     511.950  0.29484715
     516.130  0.29187078
     520.500  0.28892540
     524.790  0.28601104
     529.870  0.28312767
     533.990  0.28027531
     538.020  0.27745396
     542.090  0.27466361
     546.990  0.27190426
     551.400  0.26917592
     556.260  0.26647858
     560.500  0.26381224
     564.830  0.26114590
     568.470  0.25851057
     572.440  0.25590624
     576.870  0.25333292
     580.070  0.25079060
     584.920  0.24827928
     589.760  0.24576797
     593.830  0.24328765
     598.170  0.24083835
     602.170  0.23842004
     605.540  0.23603274
     610.140  0.23364544
     613.740  0.23128914
     617.230  0.22896385
     621.760  0.22666956
     626.850  0.22437527
     630.980  0.22211199
     634.990  0.21987970
     639.960  0.21767843
     643.580  0.21547715
     647.580  0.21330688
     652.370  0.21116761
     657.780  0.20902834
     662.250  0.20692007
     666.260  0.20484281
     670.780  0.20276555
     675.260  0.20071929
     679.890  0.19870404
     683.710  0.19668878
     688.670  0.19470453
     693.120  0.19275129
     697.710  0.19079804
     702.160  0.18887580
     706.470  0.18698456
     710.990  0.18509332
     715.670  0.18323309
     720.440  0.18137285
     725.460  0.17954362
     729.930  0.17774540
     735.450  0.17594717
     740.700  0.17417995
     746.230  0.17241272
     751.380  0.17067651
     756.310  0.16894029
     761.540  0.16723507
     766.920  0.16556086
     771.850  0.16388665
     776.590  0.16224344
     781.820  0.16060024
     785.410  0.15898803
     789.660  0.15737583
     793.560  0.15579463
     798.580  0.15421343
     804.270  0.15266324
     809.360  0.15111304
     814.700  0.14959385
     819.710  0.14807466
     823.360  0.14658647
     827.620  0.14509828
     832.910  0.14364110
     837.610  0.14218392
     841.310  0.14075774
     846.040  0.13933156
     849.940  0.13793638
     853.910  0.13654120
     859.160  0.13514603
     865.650  0.13378186
     871.470  0.13241768
     876.260  0.13108452
     881.210  0.12975135
     885.580  0.12844918
     889.660  0.12714702
     894.890  0.12584486
     899.220  0.12457370
     905.270  0.12330254
     910.240  0.12206238
     917.600  0.12082222
     923.270  0.11961307
     926.900  0.11840392
     932.370  0.11719477
     938.180  0.11601662
     942.050  0.11483847
     947.390  0.11366032
     951.860  0.11251318
     956.650  0.11136603
     961.310  0.11024989
     965.990  0.10913375
     969.640  0.10801761
     974.540  0.10693247
     980.040  0.10584734
     985.510  0.10476220
     990.580  0.10370807
     997.760  0.10265393
    1002.390  0.10159980
    1008.320  0.10057667
    1012.660  0.09955354
    1016.870  0.09853041
    1021.350  0.09753829
    1027.620  0.09654616
    1033.440  0.09555404
    1037.730  0.09459292
    1043.380  0.09363180
    1049.210  0.09267068
    1052.380  0.09174056
    1060.090  0.09081044
    1064.320  0.08988032
    1072.040  0.08898121
    1077.050  0.08808210
    1082.170  0.08718299
    1088.620  0.08628387
    1094.920  0.08541576
    1101.500  0.08454765
    1107.950  0.08367954
    1112.310  0.08284244
    1118.580  0.08200533
    1122.680  0.08116823
    1128.980  0.08033112
    1135.230  0.07952502
    1138.940  0.07871892
    1147.420  0.07791282
    1154.400  0.07710672
    1162.110  0.07633162
    1169.070  0.07555652
    1176.090  0.07478142
    1181.990  0.07400632
    1188.560  0.07326223
    1196.310  0.07251814
    1202.760  0.07177404
    1212.930  0.07102995
    1222.330  0.07031686
    1231.820  0.06960377
    1237.680  0.06889068
    1244.980  0.06817759
    1252.240  0.06749550
    1262.710  0.06681342
    1268.960  0.06613133
    1276.600  0.06544925
    1287.120  0.06476716
    1299.570  0.06411608
    1310.920  0.06346500
    1320.300  0.06281391
    1328.980  0.06216283
    1340.630  0.06151175
    1354.160  0.06092268
    1369.060  0.06030260
    1380.460  0.05968252
    1391.020  0.05906244
    1400.070  0.05844236
    1408.880  0.05785329
    1416.850  0.05726422
    1427.250  0.05667514
    1437.080  0.05608607
    1450.410  0.05549699
    1458.760  0.05493892
    1473.780  0.05441186
    1487.130  0.05385379
    1500.410  0.05329572
    1515.700  0.05273764
    1529.520  0.05217957
    1544.720  0.05165251
    1560.270  0.05115645
    1576.030  0.05062938
    1589.820  0.05010231
    1606.560  0.04982328
    1624.210  0.04935822
    1643.440  0.04892416
    1660.110  0.04855212
    1677.300  0.04814907
    1695.140  0.04793204
    1712.820  0.04749798
    1730.410  0.04721895
    1751.720  0.04693991
    1770.550  0.04666088
    1785.970  0.04616482
    1806.090  0.04579277
    1828.710  0.04551373
    1848.960  0.04523470
    1867.600  0.04495566
    1886.880  0.04476964
    1907.610  0.04436659
    1927.930  0.04408756
    1949.410  0.04393254
    1979.660  0.04368450
    2001.920  0.04343647
    2025.630  0.04331246
    2047.050  0.04303342
    2069.680  0.04272338
    2092.700  0.04241334
    2118.500  0.04216531
    2139.760  0.04197929
    2165.370  0.04166925
    2191.010  0.04148323
    2216.820  0.04111118
    2239.420  0.04092516
    2266.170  0.04086315
    2290.110  0.04077014
    2316.210  0.04070813
    2339.590  0.04064612
    2367.450  0.04049110
    2393.340  0.04024307
    2418.320  0.04002604
    2442.560  0.03984002
    2474.380  0.03956098
    2502.200  0.03937496
    2533.980  0.03918894
    2562.120  0.03897191
    2590.720  0.03878589
    2620.330  0.03844484
    2653.810  0.03819681
    2684.030  0.03804179
    2725.750  0.03794878
    2766.730  0.03773175
    2798.880  0.03763874
    2834.310  0.03735971
    2868.300  0.03714268
    2903.680  0.03698766
    2935.560  0.03680164
    2967.160  0.03652260
    3001.870  0.03633658
    3035.750  0.03618156
    3067.890  0.03611955
    3110.280  0.03602654
    3142.180  0.03580951
    3175.970  0.03565449
    3212.510  0.03534445
    3250.050  0.03518943
    3287.620  0.03500341
    3334.340  0.03466237
    3367.930  0.03447634
    3401.950  0.03422831
    3437.600  0.03394928
    3479.270  0.03367024
    3516.990  0.03351522
    3556.060  0.03317418
    3619.520  0.03301916
    3657.690  0.03280213
    3706.100  0.03258511
    3746.230  0.03243009
    3785.200  0.03221306
    3830.070  0.03208904
    3872.430  0.03177900
    3916.240  0.03153097
    3960.730  0.03125194
    4002.490  0.03109692
    4050.150  0.03081788
    4125.710  0.03056985
    4185.170  0.03041483
    4229.970  0.03032182
    4283.650  0.03013580
    4328.860  0.03001178
    4375.870  0.02988777
    4405.060  0.02957773
    4452.480  0.02932970
    4497.720  0.02914367
    4565.410  0.02892664
    4614.280  0.02864761
    4661.900  0.02843058
    4712.560  0.02827556
    4761.420  0.02805854
    4824.760  0.02790352
    4895.880  0.02777950
    4953.700  0.02771749
    4999.060  0.02743846
    5062.750  0.02719043
    5139.700  0.02700440
    5192.930  0.02678738
    5245.520  0.02666336
    5397.970  0.02638432
    5457.500  0.02629131
    5518.790  0.02613629
    5591.000  0.02598127
    5647.720  0.02582625
    5709.970  0.02567123
    5781.650  0.02548521
    5850.480  0.02533019
    5966.860  0.02517517
    6033.820  0.02502015
    6086.580  0.02474112
    6164.410  0.02449309
    6202.040  0.02424505
    6279.130  0.02402803
    6353.340  0.02393502
    6434.200  0.02374899
    6525.790  0.02353197
    6589.700  0.02328393
    6690.390  0.02312891
    6763.540  0.02291189
    6832.050  0.02266386
    6889.220  0.02241582
    6953.670  0.02216779
    7046.530  0.02204378
    7118.350  0.02195077
    7197.800  0.02173374
    7278.860  0.02157872
    7375.730  0.02139270
    7493.380  0.02120667
    7578.060  0.02098964
    7656.350  0.02077262
    7740.830  0.02061760
    7829.290  0.02043157
    7924.530  0.02024555
    8014.640  0.02009053
    8127.030  0.01996652
    8228.620  0.01981150
    8311.850  0.01959447
    8382.670  0.01937744
    8472.700  0.01925343
    8548.570  0.01903640
    8681.230  0.01888138
    8796.800  0.01878837
    8922.500  0.01860234
    8976.900  0.01841632
    9066.880  0.01826130
    9159.290  0.01807528
    9242.050  0.01788925
    9388.790  0.01779624
    9480.680  0.01761022
    9528.140  0.01742420
    9618.880  0.01723817
    9718.840  0.01717616
    9880.960  0.01708315
   10001.090  0.01702114
   10131.380  0.01686613
   10247.380  0.01680412
   10391.150  0.01661809
   10484.530  0.01643207
   10594.400  0.01630805
   10660.770  0.01612203
   10731.450  0.01593601
   10815.870  0.01574998
   10940.160  0.01562597
   11023.520  0.01543995
   11064.710  0.01528493
   11125.410  0.01512991
   11292.070  0.01497489
   11400.510  0.01481987
   11495.300  0.01466485
   11611.250  0.01454083
   11684.400  0.01438581
   11819.100  0.01423079
   11944.520  0.01407577
   12047.660  0.01392075
   12176.990  0.01379674
   12278.090  0.01364172
   12430.650  0.01351770
   12556.020  0.01336268
   12648.870  0.01320766
   12787.680  0.01305264
   12915.410  0.01289763
   13131.870  0.01274261
   13258.030  0.01258759
   13378.020  0.01243257
   13430.160  0.01227755
   13585.710  0.01221554
   13611.230  0.01209152
   13801.630  0.01196751
   13875.910  0.01184349
   13950.130  0.01171948
   14068.830  0.01159546
   14154.280  0.01147145
   14235.720  0.01134743
   14331.960  0.01122341
   14466.840  0.01109940
   14579.400  0.01097538
   14690.990  0.01085137
   14937.690  0.01075836
   14991.520  0.01063434
   15204.440  0.01057233
   15331.790  0.01044832
   15438.150  0.01032430
   15590.280  0.01020029
   15671.190  0.01007627
   15746.700  0.00995225
   15858.310  0.00982824
   16013.670  0.00970422
   16188.130  0.00958021
   16463.700  0.00948720
   16655.220  0.00939418
   16855.630  0.00933218
   17050.210  0.00920816
   17136.000  0.00911515
   17217.590  0.00902214
   17307.260  0.00892913
   17389.130  0.00883611
   17533.860  0.00874310
   17578.400  0.00865009
   17890.640  0.00855708
   17969.590  0.00846407
   18010.230  0.00837105
   18094.190  0.00827804
   18186.640  0.00818503
   18359.930  0.00809202
   18477.400  0.00799901
   18691.150  0.00793700
   18884.600  0.00784399
   19118.140  0.00778198
   19186.750  0.00768897
   19275.680  0.00759596
   19474.190  0.00750295
   19516.380  0.00740993
   19619.750  0.00731692
   19673.490  0.00722391
   19841.230  0.00713090
   19973.730  0.00703789
   20199.080  0.00697588
   20374.480  0.00688287
   20464.030  0.00678986
   20673.270  0.00669684
   20973.940  0.00663484
   21201.710  0.00654182
   21408.110  0.00644881
   21461.040  0.00635580
   21601.460  0.00626279
   21889.160  0.00616978
   22073.060  0.00610777
   22153.310  0.00604576
   22511.120  0.00601476
   22543.070  0.00595275
   22670.210  0.00589074
   22722.830  0.00582873
   23176.740  0.00576673
   23222.820  0.00570472
   23313.580  0.00564271
   23467.420  0.00558070
   23848.820  0.00551870
   23949.470  0.00545669
   23990.870  0.00539468
   24235.980  0.00533267
   24671.190  0.00527066
   24805.330  0.00520866
   24944.870  0.00514665
   25107.250  0.00508464
   25280.190  0.00502263
   25390.290  0.00496063
   25469.360  0.00489862
   25687.960  0.00483661
   25970.920  0.00480561
   26052.880  0.00474360
   26427.050  0.00471259
   26640.100  0.00465059
   26837.650  0.00458858
   27007.210  0.00452657
   27179.840  0.00446456
   27712.730  0.00440255
   27855.320  0.00434055
   28072.620  0.00427854
   28521.500  0.00421653
   28664.280  0.00415452
   28876.270  0.00409252
   28923.140  0.00403051
   29030.670  0.00396850
   29322.640  0.00393750
   29447.110  0.00387549
   29978.890  0.00381348
   30530.440  0.00375147
   30694.180  0.00368946
   30872.480  0.00362746
   30960.360  0.00356545
   31050.930  0.00350344
   31880.090  0.00344143
   32699.140  0.00337943
   32989.450  0.00331742
   33637.280  0.00325541
   33984.400  0.00319340
   35060.200  0.00313139
   35420.930  0.00310039
   35597.390  0.00306939
   35696.080  0.00303838
   35999.050  0.00300738
   36182.260  0.00297638
   36360.470  0.00294537
   37918.260  0.00291437
   38438.730  0.00288336
   38451.010  0.00285236
   38530.470  0.00282136
   38629.520  0.00279035
   39126.420  0.00275935
   39183.890  0.00272834
   39729.770  0.00269734
   39997.700  0.00266634
   40026.000  0.00263533
   40374.770  0.00260433
   41115.190  0.00257332
   41173.020  0.00254232
   41366.300  0.00251132
   42347.810  0.00248031
   42418.900  0.00244931
   42744.140  0.00241830
   43205.000  0.00238730
   43312.370  0.00235630
   45770.330  0.00232529
   46086.270  0.00229429
   47158.780  0.00226329
   48369.680  0.00223228
   48437.520  0.00220128
   48579.270  0.00217027
   48944.950  0.00213927
   49033.400  0.00210827
   49181.660  0.00207726
   49365.410  0.00204626
   49905.820  0.00201525
   50915.950  0.00198425
   51190.970  0.00195325
   51510.850  0.00192224
   53029.010  0.00189124
   53528.500  0.00186023
   55456.670  0.00182923
   55917.380  0.00179823
   58001.480  0.00176722
   62546.660  0.00173622
   64074.770  0.00170521
   64128.980  0.00167421
   70523.880  0.00164321
   74889.250  0.00161220
   76619.100  0.00158120
   76886.620  0.00155020
   77553.230  0.00151919
   78233.300  0.00148819
   78245.560  0.00145718
   78454.600  0.00142618
   79685.630  0.00139518
   80292.260  0.00136417
   80898.740  0.00133317
   82229.500  0.00130216
   84380.500  0.00127116
   84625.930  0.00124016
   87870.920  0.00120915
   91185.520  0.00117815
   91235.840  0.00114714
   99448.100  0.00111614
  100385.330  0.00108514
  103873.830  0.00105413
  103876.920  0.00102313
  106156.600  0.00099213
  107849.960  0.00096112
  122656.550  0.00093012
  125679.120  0.00089911
  128509.880  0.00086811
  129928.070  0.00083711
  132695.960  0.00080610
  135441.800  0.00077510
  140844.780  0.00074409
  142004.930  0.00071309
  142385.130  0.00068209
  154257.500  0.00065108
  157336.380  0.00062008
  157696.050  0.00058907
  169473.390  0.00055807
  170886.170  0.00052707
  178716.640  0.00049606
  181357.060  0.00046506
  182912.190  0.00043405
  182945.360  0.00040305
  183676.190  0.00037205
  185042.270  0.00034104
  185356.160  0.00031004
  187187.920  0.00027904
  188856.710  0.00024803
  192778.170  0.00021703
  196810.870  0.00018602
  204333.750  0.00015502
  205947.480  0.00012402
  206095.680  0.00009301
  215561.720  0.00006201
  217393.720  0.00003100
  224239.890  0.00000000
