# Digested data for dctcp_static_o20_w4 experiment, run at 2026-04-21 06:28:13.551056
# Averaged across 1 repeated sample(s)
# length  cum_frac  samples     p50      p99     p999   s50    s99    s999
      72  0.004454      923    68.5   1393.3 199304.7   4.1   83.5 12057.2
      92  0.007267      583    71.5   1927.4  47449.9   4.4  119.0  2929.0
     154  0.011614      901    66.5   7774.4  96572.7   4.2  486.5  6043.3
     222  0.017202     1158    68.6  12437.8  46202.6   4.4  803.0  2967.4
     227  0.019706      519    68.3   9692.4  46286.2   4.4  629.4  3005.6
     232  0.022360      550    69.7  10986.1  70820.6   4.6  721.8  4653.1
     237  0.024971      541    70.6   1905.8 208671.6   4.7  125.8 13773.7
     243  0.027485      521    64.1  21946.5 138044.1   4.3 1460.2  9184.6
     248  0.030052      532    69.0   3910.3  34750.9   4.6  262.1  2329.1
     254  0.032483      504    69.7   3394.9  85990.9   4.7  227.8  5771.2
     259  0.034954      512    66.2    782.4  61508.4   4.5   52.6  4136.4
     265  0.037608      550    65.1   5324.6  80339.7   4.4  359.3  5421.0
     271  0.040030      502    70.2    493.4   8923.3   4.7   33.3   602.9
     279  0.043205      658    68.8   2186.0 122465.8   4.7  147.8  8280.3
     288  0.046795      744    67.6   6472.0 145125.4   4.6  437.3  9805.8
     297  0.050211      708    68.4    439.9  89115.0   4.6   29.4  5960.9
     303  0.059765     1980    68.0   4685.8 142471.4   4.6  313.9  9542.6
     305  0.068349     1779    67.3   5841.7 106438.8   4.5  394.7  7191.8
     308  0.077035     1800    66.4   4260.0 171251.4   4.5  287.4 11555.4
     310  0.085730     1802    69.0   1217.3  27913.8   4.7   82.4  1889.9
     313  0.094203     1756    69.1   1234.6  62180.9   4.7   83.6  4209.9
     315  0.102594     1739    69.2   6525.4 111336.7   4.7  441.8  7538.0
     318  0.110971     1736    67.9   3916.3  90457.1   4.6  264.8  6116.1
     321  0.119786     1827    67.8  16067.5 206810.1   4.6 1087.1 13992.6
     323  0.128337     1772    67.4   5238.9  91719.7   4.5  353.3  6184.7
     326  0.137123     1821    66.2   5642.0 162834.8   4.5  379.7 10957.9
     331  0.143415     1304    65.5   4171.4 107497.5   4.4  279.8  7209.8
     335  0.149703     1303    69.0   1770.1 100456.3   4.6  119.2  6764.7
     340  0.156198     1346    65.5   1867.4  40894.0   4.4  125.7  2753.8
     345  0.162774     1363    68.1   1008.4 166146.5   4.6   68.0 11195.9
     350  0.169168     1325    69.9  12581.6 115576.8   4.7  850.1  7809.2
     355  0.175590     1331    66.4   1382.3 182331.2   4.4   91.8 12115.0
     360  0.181902     1308    68.0   2521.8  39847.8   4.6  169.2  2674.3
     365  0.188136     1292    67.3   4097.2 197048.7   4.5  275.2 13233.6
     371  0.195099     1443    68.0   2102.8  65996.6   4.6  141.4  4438.2
     376  0.201545     1336    68.0   1143.8  67906.2   4.6   76.9  4566.7
     385  0.205502      820    64.4   1862.1 111151.4   4.3  125.1  7469.9
     395  0.209656      861    67.0   9390.4 161505.1   4.5  629.4 10824.7
     405  0.213512      799    70.8   1469.9 194714.1   4.8   98.7 13076.8
     415  0.217599      847    68.0  14171.2  77187.5   4.6  954.3  5197.8
     425  0.221632      836    68.6   6214.2  98789.7   4.6  417.3  6634.6
     430  0.225715      846    65.3    603.6  45270.9   4.3   40.0  3002.0
     435  0.229806      848    67.4  11092.7  47419.0   4.4  731.2  3125.8
     441  0.233898      848    69.8   9659.5 231068.5   4.6  638.4 15272.2
     446  0.237889      827    67.2  15419.3 158977.1   4.5 1023.2 10549.2
     452  0.241947      841    69.4    828.3  48091.0   4.6   55.0  3193.3
     457  0.246005      841    71.4   2680.2  53777.9   4.7  178.3  3578.0
     463  0.249836      794    68.6  25124.5 202508.5   4.5 1659.5 13375.7
     468  0.253986      860    70.5   3924.4  74461.8   4.7  259.7  4928.0
     474  0.258000      832    67.2  17420.9  77470.4   4.4 1151.4  5120.3
     480  0.262053      840    67.0   2555.9 208218.2   4.4  169.3 13789.3
     491  0.281369     4003    68.5   8400.3  79173.2   4.5  556.3  5243.3
     502  0.301292     4129    68.9  10744.5  40384.6   4.6  711.6  2674.5
     513  0.320540     3989    67.6   4803.5  74369.7   4.5  317.5  4915.4
     525  0.340309     4097    67.3   6168.5  50039.8   4.5  408.8  3316.1
     537  0.360141     4110    68.4   7610.4  62138.6   4.5  501.0  4090.8
     549  0.379331     3977    68.5   8198.2 182343.5   4.5  539.0 11988.4
     561  0.399158     4109    68.5   2805.1  82589.4   4.5  184.2  5422.8
     574  0.418613     4032    68.7   5910.4  82030.5   4.5  387.8  5382.6
     587  0.438391     4099    69.1   1995.2 106811.0   4.5  131.2  7022.4
     600  0.458045     4073    67.2   5234.2  90390.9   4.4  344.6  5950.7
     607  0.463724     1177    68.2   1342.6  50203.2   4.5   88.3  3302.8
     615  0.469577     1213    67.2   1537.5 102375.9   4.4  101.0  6722.0
     623  0.475464     1220    66.0   4213.1  30291.0   4.3  276.6  1988.9
     630  0.481046     1157    66.3   7183.3  47456.3   4.3  471.3  3113.9
     638  0.486827     1198    68.3   9246.4  36581.2   4.5  606.3  2398.8
     646  0.492642     1205    69.1   2009.5  26427.0   4.5  131.4  1728.4
     654  0.498466     1207    67.3   1627.7  57416.7   4.4  106.0  3738.1
     662  0.504232     1195    69.6  10320.9 174557.6   4.5  674.1 11401.5
     671  0.509911     1177    68.0   1343.7 110917.6   4.4   87.7  7235.3
     679  0.515301     1117    71.7  12965.8  75223.2   4.7  842.5  4887.8
     685  0.518674      699    66.5   8486.2 155774.0   4.3  550.7 10108.6
     690  0.522167      724    68.9    851.3 199680.0   4.5   55.1 12915.9
     696  0.525579      707    67.3   4314.4  55730.4   4.4  279.6  3611.8
     702  0.529154      741    67.1   3951.8  69197.8   4.4  256.4  4490.5
     707  0.532594      713    68.0   9897.7  53839.5   4.4  642.7  3496.1
     713  0.536093      725    68.9   2486.9  73426.7   4.5  161.3  4761.8
     719  0.539924      794    66.5   1372.1 111973.4   4.3   88.9  7256.9
     725  0.543369      714    70.2   3264.3  34956.4   4.6  211.7  2266.9
     731  0.546781      707    70.0  10508.6  55805.1   4.5  681.1  3616.7
     737  0.550260      721    71.0  16724.2  52657.5   4.6 1084.6  3414.9
     749  0.555312     1047    67.6   5281.8  64829.2   4.4  341.6  4193.4
     762  0.560402     1055    66.7  15051.3 139968.9   4.3  972.3  9041.9
     774  0.565372     1030    67.2   6186.0  45554.9   4.3  399.6  2942.8
     787  0.570308     1023    67.6   7141.4  44356.9   4.4  460.7  2861.7
     800  0.575076      988    66.0   6723.2 129096.9   4.2  428.8  8233.2
     816  0.578227      653    69.5   1445.8 136059.7   4.4   92.6  8710.6
     833  0.581175      611    67.4   6763.9  20466.7   4.3  434.1  1313.6
     850  0.584427      674    71.8    669.8  41043.2   4.6   42.8  2624.2
     867  0.587414      619    72.6   5366.4 155022.4   4.6  342.7  9899.3
     885  0.590473      634    68.2   1122.8 168209.4   4.4   71.8 10755.1
     914  0.594256      784    69.6  30346.1 152351.4   4.4 1940.3  9741.1
     945  0.597889      753    71.0   7760.3 217752.6   4.5  493.3 13843.1
     976  0.601590      767    69.3   3285.2  56555.4   4.4  209.0  3597.7
    1009  0.604968      700    70.6   7798.6  75605.3   4.5  493.6  4785.1
    1042  0.608732      780    68.9  14133.1  38527.7   4.4  896.2  2443.1
    1085  0.612495      780    71.1   6538.9  81619.3   4.5  413.1  5156.0
    1130  0.616100      747    70.0   3903.2  45898.7   4.4  244.9  2879.5
    1177  0.619864      780    68.4   1305.2 138209.6   4.3   81.5  8632.7
    1226  0.623719      799    69.0   7091.2 119013.6   4.3  441.3  7406.0
    1277  0.627275      737    71.0   4547.8 156003.7   4.4  281.2  9647.7
    1316  0.630735      717    65.8   2704.4  51590.4   4.1  166.6  3178.7
    1357  0.634137      705    66.9   2714.4 219728.1   4.1  165.6 13406.2
    1399  0.637480      693    67.9   9753.4  63464.2   4.1  593.6  3862.7
    1436  0.639990      520    68.9   2050.6 120587.7   2.8   84.1  4944.1
    1484  0.643102      645    77.0   5174.4  37882.7   3.2  213.6  1563.5
    1534  0.646171      636    68.8   6026.2 206510.3   2.8  247.8  8491.4
    1559  0.650166      828    72.2   1225.9  32625.4   3.0   50.5  1344.3
    1585  0.654383      874    70.7   5750.4 127621.4   2.9  236.6  5251.9
    1611  0.658528      859    71.9   6951.8 199309.2   3.0  286.3  8208.8
    1637  0.662832      892    74.8   7578.4 210133.6   3.1  311.9  8647.5
    1664  0.666996      863    73.1   1674.0  18816.9   3.0   68.4   769.0
    1865  0.669901      602    71.5   4446.9  78533.5   2.9  182.2  3217.3
    2091  0.672705      581    70.7    706.3  12999.3   2.9   29.1   535.6
    2412  0.675788      639    75.5   5607.7  15167.4   3.1  230.6   623.7
    2742  0.678640      591    75.4    741.3  12774.6   3.1   30.6   526.8
    3118  0.681530      599    75.2   9697.3  98345.9   2.9  374.7  3800.1
    3544  0.684483      612    75.9   7607.1 174290.6   2.9  294.6  6750.2
    4030  0.687349      594    77.1    840.1   9775.7   3.0   32.2   374.5
    4582  0.690288      609    77.3   4464.3 124772.8   2.8  160.7  4491.5
    5210  0.692922      546    78.7   3694.6 121163.3   2.8  131.1  4298.1
    5652  0.695967      631    78.7    762.2  78661.9   0.8    8.0   827.6
    6132  0.699099      649    77.6   4607.8  26316.0   0.8   49.4   281.9
    6653  0.702037      609    77.0    939.0   8929.7   2.6   31.4   299.1
    7217  0.704966      607    79.0   2838.1  17809.9   0.8   28.9   181.6
    7830  0.708030      635    84.1   4981.6  39829.1   0.9   52.2   417.5
   13741  0.713106     1052    89.0   6308.0  17208.9   2.4  163.2   481.8
   18203  0.715794      557    97.7    565.5   4759.9   2.2   12.9   108.3
   24115  0.718511      563   106.8  13808.2 218033.1   1.9  247.3  3905.3
   31946  0.721135      544   122.4   5685.0 106767.1   1.8   85.7  1609.9
   33343  0.723876      568   135.3   6177.3 163340.9   1.4   61.7  1631.9
   34801  0.726583      561   139.6  10278.5 150023.5   1.3   99.1  1447.0
   36322  0.729305      564   133.8   7024.4 129847.4   1.3   68.0  1257.2
   37450  0.732050      569   140.2  18027.4 181788.3   1.3  167.3  1687.4
   38377  0.734738      557   137.1   2843.2  44944.1   1.6   34.0   537.0
   39327  0.737358      543   140.9   8204.6 170844.6   1.7   98.7  2054.4
   40382  0.741035      762   141.8   6091.3 248985.9   1.7   71.4  2917.6
   41214  0.744605      740   147.0   5312.5 206167.7   1.3   47.8  1854.5
   42062  0.748384      783   147.4   7810.1 204000.6   1.3   68.6  1792.6
   42928  0.751911      731   146.4   9140.4  91771.8   1.3   81.1   814.4
   43811  0.755399      723   147.0   6821.8 185975.3   1.7   77.3  2108.1
   44531  0.758994      745   148.9   5485.2 135729.2   1.7   61.6  1523.5
   45079  0.763322      897   152.9   8070.8 154648.1   1.3   70.8  1356.8
   45634  0.767269      818   149.7   7157.6 189098.4   1.3   61.0  1611.5
   46195  0.771569      891   156.6   7296.6 163885.8   1.4   63.5  1425.8
   46763  0.775665      849   154.6   8503.9 214981.6   1.7   91.6  2315.9
   47435  0.781248     1157   157.5   5554.4  35131.6   1.4   48.0   303.8
   47823  0.784968      771   155.2   2669.7  25364.4   1.5   26.4   250.5
   48215  0.788809      796   155.9   5039.9  29020.4   1.6   53.2   306.3
   48609  0.792539      773   155.7   2851.8 120061.4   1.6   29.5  1241.8
   49007  0.796317      783   160.6    787.2   6999.3   1.7    8.2    72.8
   49408  0.800100      784   159.9   6667.9 139577.7   1.3   55.6  1163.7
   49813  0.803912      790   160.3   7344.1 167112.5   1.4   61.9  1408.0
   50221  0.807835      813   161.2   6488.3  61672.1   1.3   53.6   509.2
   50632  0.811256      709   163.3   5574.3  21801.0   1.7   56.3   220.3
   51046  0.814991      774   164.8   7461.9  54891.3   1.4   62.3   458.6
   55381  0.817997      623   171.1   6652.8  10488.5   1.3   50.5    79.6
   60084  0.821003      623   184.8   6769.8 144100.1   1.3   46.3   984.9
   64132  0.824169      656   189.2   7856.9 208806.9   1.3   55.6  1478.9
   66528  0.827194      627   210.0   7414.2  36669.2   1.5   52.2   258.2
   69014  0.830089      600   215.4   6280.5  24932.4   1.5   43.6   173.0
   71156  0.832888      580   230.7  14260.5 213669.8   1.6   96.2  1441.9
   72473  0.835662      575   218.7  14893.0 194301.2   1.4   98.6  1286.8
   73814  0.838475      583   229.7   8620.5 125137.5   1.5   55.7   808.0
   75180  0.841361      598   226.3   3956.4  44513.1   1.3   22.3   250.9
   75795  0.844415      633   222.4   6228.2  12425.3   1.3   36.4    72.6
   76416  0.847084      553   226.1  10637.6  99601.2   1.4   66.1   619.1
   77041  0.849998      604   228.6   8013.2  48346.7   1.5   51.8   312.4
   77672  0.853062      635   229.8   7563.2  89198.3   1.5   49.9   588.1
   78307  0.856020      613   224.6   7435.5 216507.8   1.4   46.5  1355.0
   78948  0.859089      636   231.1  14245.8 196749.9   1.4   89.0  1228.5
   79595  0.862056      615   229.9   1585.0 106518.9   1.4    9.8   660.4
   80246  0.865135      638   230.2  13435.5 198467.7   1.4   83.3  1230.7
   80903  0.867967      587   225.2   3132.2  50237.6   1.4   19.4   311.7
   81565  0.870911      610   233.2   6985.8 195442.0   1.4   42.0  1175.1
   85305  0.874018      644   248.5   1866.7 218878.8   1.5   11.2  1316.6
   89216  0.877516      725   257.6   8007.6 150502.6   1.6   48.3   907.9
   93306  0.880933      708   248.9   5977.6 142922.1   1.4   33.5   801.0
   97584  0.884305      699   263.5  11814.7 220328.1   1.4   63.1  1177.7
  102058  0.887394      640   284.7   6648.2  69877.1   1.4   33.1   347.5
  105871  0.890332      609   294.1   9318.7  53258.2   1.4   45.2   258.4
  109826  0.893078      569   298.6   7000.8 169216.1   1.4   33.4   806.5
  113929  0.896021      610   305.2   1723.7  27644.0   1.3    7.5   120.1
  118669  0.898887      594   310.9   8134.1 218028.3   1.4   36.6   980.4
  123857  0.901749      593   327.4   8810.9  73990.6   1.4   36.8   309.1
  129272  0.904760      624   333.5   8684.1 197942.5   1.0   25.1   571.9
  135199  0.907452      558   328.6   1471.4  16557.5   1.1    4.7    53.0
  141975  0.910231      576   381.9  26325.3 223511.5   1.1   73.1   620.7
  149091  0.912905      554   363.9   5723.6  31298.9   1.0   16.4    89.6
  156563  0.915901      621   397.9   5662.1  28243.0   1.1   15.6    78.0
  164410  0.918671      574   397.5   7910.9  52732.9   1.0   20.4   136.0
  172651  0.921547      596   418.6   4715.8  11959.5   1.1   12.4    31.3
  181304  0.924254      561   463.4   8689.4 219024.4   1.2   22.1   557.1
  189618  0.927057      581   475.2   3965.3 154447.1   1.2   10.0   390.6
  197911  0.930010      612   490.3   9775.9  35246.1   1.2   24.0    86.6
  206566  0.932698      557   495.8   7158.7  52484.1   1.2   17.1   125.6
  215160  0.935728      628   516.9   4967.8 218236.7   1.2   11.5   506.8
  223195  0.938584      592   569.4  18986.4  78154.8   1.2   41.1   169.2
  231530  0.941190      540   570.5  17000.5 213382.6   1.2   35.8   449.2
  240177  0.944143      612   567.4  10972.1  51380.8   1.2   22.3   104.5
  253761  0.946865      564   634.1  18026.9  54546.4   1.2   35.3   106.8
  268113  0.949658      579   677.0  13139.3 210169.6   1.3   24.6   393.5
  283277  0.952471      583   686.0  51448.3 219785.9   1.2   90.4   386.0
  318166  0.955342      595   779.6  47316.1 176713.9   1.2   75.5   282.0
  368444  0.957982      547   890.7   8896.4 192583.0   1.2   12.4   267.6
  426666  0.960882      601   980.1  13237.2  52391.2   1.2   16.0    63.2
  514641  0.963912      628  1179.8  47903.0 213955.1   1.1   46.0   205.6
  643946  0.966653      568  1452.3  10884.4  57513.9   1.0    7.6    40.3
  792711  0.969394      568  1835.9  17030.5  60697.4   1.1   10.0    35.6
  940700  0.971908      521  2142.4  13824.7  52475.9   1.1    7.0    26.6
 1000000  1.000000     5822  2310.0  46218.9 210394.5   1.1   22.2   100.9
