# Fraction of RTTS longer than a given time for dctcp_static_o50_w4 experiment
# Includes messages <= 315 bytes; measured at 2026-04-21 06:28:13.551056
# Averaged across 1 repeated sample(s)
# Data collected at 2026-04-21 06:28:13.551056 
#       usec        frac
      32.300  0.99992448
      32.900  0.99977343
      33.260  0.99947134
      33.730  0.99909372
      34.080  0.99856506
      34.440  0.99728117
      34.790  0.99607280
      35.140  0.99433578
      35.500  0.99222113
      35.860  0.98957783
      36.220  0.98587720
      36.590  0.97998641
      36.970  0.97349143
      37.340  0.96790273
      37.720  0.95936863
      38.090  0.94970168
      38.370  0.94018579
      38.680  0.93074541
      38.970  0.92138056
      39.240  0.91209123
      39.530  0.90295295
      39.790  0.89389019
      40.050  0.88490295
      40.270  0.87599124
      40.510  0.86723057
      40.710  0.85854543
      40.960  0.84993581
      41.210  0.84140171
      41.470  0.83294313
      41.680  0.82456008
      41.910  0.81625255
      42.100  0.80802054
      42.310  0.79993958
      42.510  0.79193414
      42.760  0.78400423
      42.980  0.77614984
      43.210  0.76837097
      43.480  0.76066762
      43.690  0.75303980
      43.930  0.74548750
      44.150  0.73801072
      44.410  0.73060947
      44.640  0.72328374
      44.920  0.71603353
      45.140  0.70885885
      45.420  0.70175969
      45.690  0.69473605
      45.960  0.68778793
      46.200  0.68083982
      46.470  0.67396722
      46.760  0.66717015
      47.000  0.66044861
      47.240  0.65380258
      47.500  0.64723208
      47.780  0.64073710
      48.030  0.63431765
      48.310  0.62797372
      48.630  0.62162979
      48.940  0.61536138
      49.190  0.60916849
      49.430  0.60305113
      49.710  0.59700929
      49.950  0.59096745
      50.240  0.58500113
      50.470  0.57911034
      50.700  0.57329507
      50.930  0.56755532
      51.180  0.56181557
      51.440  0.55615135
      51.690  0.55056265
      51.910  0.54504947
      52.160  0.53953629
      52.420  0.53409863
      52.660  0.52873650
      52.890  0.52337437
      53.170  0.51808776
      53.370  0.51287667
      53.640  0.50774111
      53.890  0.50260554
      54.100  0.49754550
      54.350  0.49256098
      54.610  0.48757647
      54.870  0.48266747
      55.080  0.47783400
      55.270  0.47300053
      55.500  0.46824258
      55.700  0.46348463
      55.990  0.45880221
      56.180  0.45419530
      56.440  0.44958840
      56.660  0.44505702
      56.910  0.44060116
      57.190  0.43614531
      57.470  0.43176497
      57.660  0.42738464
      57.860  0.42307983
      58.080  0.41877502
      58.310  0.41454573
      58.580  0.41039196
      58.840  0.40623820
      59.100  0.40215996
      59.390  0.39808172
      59.660  0.39407900
      59.910  0.39007628
      60.150  0.38614908
      60.450  0.38222189
      60.680  0.37837021
      61.000  0.37451854
      61.210  0.37074239
      61.470  0.36696624
      61.690  0.36326561
      62.020  0.35956499
      62.240  0.35593988
      62.540  0.35231478
      62.790  0.34876520
      63.080  0.34521562
      63.330  0.34174156
      63.590  0.33826750
      63.830  0.33486897
      64.100  0.33147043
      64.450  0.32814742
      64.710  0.32482441
      64.990  0.32150140
      65.280  0.31825391
      65.520  0.31500642
      65.890  0.31183445
      66.180  0.30866249
      66.570  0.30556604
      66.920  0.30246960
      67.260  0.29937316
      67.590  0.29635224
      67.940  0.29333132
      68.190  0.29038592
      68.540  0.28744053
      68.830  0.28449513
      69.170  0.28162525
      69.480  0.27875538
      69.690  0.27596103
      69.910  0.27316668
      70.270  0.27037233
      70.570  0.26765350
      70.860  0.26493467
      71.110  0.26221584
      71.450  0.25957254
      71.670  0.25692923
      71.940  0.25428593
      72.240  0.25171815
      72.510  0.24915037
      72.830  0.24665811
      73.180  0.24416585
      73.440  0.24167359
      73.740  0.23918133
      74.000  0.23676459
      74.200  0.23434786
      74.590  0.23193112
      74.790  0.22958991
      75.100  0.22724870
      75.310  0.22490748
      75.630  0.22264179
      75.930  0.22037610
      76.230  0.21811041
      76.550  0.21592025
      76.860  0.21373008
      77.080  0.21153991
      77.310  0.20934975
      77.560  0.20723510
      77.800  0.20512046
      78.070  0.20300582
      78.340  0.20096669
      78.560  0.19892757
      78.810  0.19688845
      79.050  0.19484933
      79.310  0.19288573
      79.520  0.19092214
      79.800  0.18895854
      80.090  0.18699494
      80.330  0.18510687
      80.570  0.18321879
      80.710  0.18133072
      80.910  0.17944264
      81.190  0.17763009
      81.470  0.17581754
      81.760  0.17400498
      82.100  0.17219243
      82.430  0.17045540
      82.740  0.16871837
      82.910  0.16698135
      83.150  0.16524432
      83.420  0.16358281
      83.720  0.16192131
      83.990  0.16025980
      84.220  0.15859829
      84.500  0.15693679
      84.770  0.15535080
      85.010  0.15376482
      85.180  0.15217884
      85.420  0.15059286
      85.710  0.14908240
      86.010  0.14757194
      86.200  0.14606148
      86.600  0.14455102
      86.940  0.14304056
      87.190  0.14160562
      87.520  0.14017068
      87.810  0.13873575
      88.010  0.13730081
      88.430  0.13586587
      88.790  0.13450646
      89.110  0.13314704
      89.440  0.13178763
      89.680  0.13042822
      89.910  0.12906880
      90.200  0.12770939
      90.510  0.12642550
      90.950  0.12514161
      91.210  0.12385771
      91.600  0.12257382
      92.080  0.12128993
      92.380  0.12000604
      92.760  0.11879767
      92.980  0.11758931
      93.340  0.11638094
      93.630  0.11517257
      94.070  0.11396420
      94.470  0.11275583
      94.870  0.11162299
      95.140  0.11049014
      95.520  0.10935730
      95.950  0.10822445
      96.290  0.10709161
      96.730  0.10595876
      96.990  0.10482592
      97.220  0.10376860
      97.470  0.10271128
      97.890  0.10165395
      98.260  0.10059663
      98.680  0.09953931
      99.110  0.09848199
      99.650  0.09742467
     100.110  0.09644287
     100.450  0.09546107
     101.170  0.09447927
     101.430  0.09349747
     101.890  0.09251567
     102.190  0.09153387
     102.690  0.09055207
     103.150  0.08964580
     103.480  0.08873952
     103.630  0.08783325
     104.130  0.08692697
     104.570  0.08602069
     104.880  0.08511442
     105.310  0.08420814
     105.760  0.08330187
     106.110  0.08239559
     106.510  0.08156484
     106.720  0.08073408
     107.210  0.07990333
     107.690  0.07907258
     108.210  0.07824182
     108.620  0.07741107
     108.910  0.07658032
     109.260  0.07574957
     109.600  0.07491881
     109.830  0.07416358
     110.100  0.07340835
     110.480  0.07265312
     110.910  0.07189789
     111.400  0.07114266
     111.810  0.07038743
     112.090  0.06963220
     112.720  0.06887697
     113.160  0.06812174
     113.770  0.06736651
     114.290  0.06668681
     115.030  0.06600710
     115.440  0.06532739
     115.800  0.06464769
     116.500  0.06396798
     117.160  0.06328827
     117.960  0.06260856
     118.780  0.06192886
     119.740  0.06124915
     120.720  0.06056944
     121.330  0.05988974
     122.100  0.05928555
     122.600  0.05868137
     123.030  0.05807718
     123.390  0.05747300
     123.910  0.05686882
     124.690  0.05626463
     125.510  0.05566045
     126.010  0.05505626
     126.490  0.05445208
     127.030  0.05384790
     127.790  0.05324371
     128.140  0.05263953
     128.460  0.05211087
     128.810  0.05158221
     129.560  0.05105355
     130.300  0.05052488
     130.740  0.04999622
     131.620  0.04946756
     132.470  0.04893890
     133.810  0.04871233
     134.530  0.04818367
     135.390  0.04765501
     136.090  0.04712635
     136.880  0.04659769
     137.460  0.04606903
     138.600  0.04554037
     139.810  0.04501171
     140.180  0.04455857
     140.930  0.04410543
     141.400  0.04365229
     141.800  0.04319915
     142.590  0.04274602
     143.310  0.04229288
     143.970  0.04183974
     144.880  0.04138660
     145.500  0.04093346
     145.960  0.04048033
     146.680  0.04002719
     147.400  0.03957405
     148.950  0.03912091
     149.570  0.03866777
     150.400  0.03821464
     151.570  0.03776150
     152.100  0.03738388
     152.750  0.03700627
     153.190  0.03662865
     154.870  0.03625104
     156.050  0.03587342
     157.550  0.03549581
     157.880  0.03511819
     159.400  0.03474058
     160.760  0.03436296
     162.310  0.03398535
     163.420  0.03360773
     164.420  0.03323012
     166.310  0.03292803
     168.010  0.03255041
     168.630  0.03217280
     169.700  0.03179518
     171.550  0.03141757
     172.530  0.03103995
     174.290  0.03066234
     175.840  0.03028472
     176.340  0.02990711
     177.170  0.02960501
     178.050  0.02930292
     179.330  0.02900083
     181.700  0.02869874
     183.090  0.02839665
     184.170  0.02809455
     188.170  0.02786799
     191.490  0.02764142
     192.100  0.02733932
     194.230  0.02711276
     194.890  0.02681066
     196.140  0.02650857
     196.760  0.02620648
     198.670  0.02590439
     199.950  0.02560230
     201.320  0.02530020
     203.830  0.02499811
     205.630  0.02469602
     207.950  0.02446945
     210.750  0.02424288
     213.730  0.02401631
     216.660  0.02378974
     218.070  0.02348765
     220.800  0.02318556
     222.540  0.02288347
     224.220  0.02258138
     224.540  0.02235481
     228.070  0.02212824
     228.520  0.02190167
     229.850  0.02167510
     231.470  0.02144853
     233.360  0.02122196
     235.450  0.02099539
     236.430  0.02076882
     238.840  0.02054226
     240.010  0.02031569
     241.790  0.02008912
     244.660  0.01993807
     247.370  0.01978703
     248.740  0.01956046
     249.340  0.01933389
     251.490  0.01910732
     253.970  0.01888075
     257.070  0.01880523
     259.810  0.01857866
     261.060  0.01835209
     265.120  0.01812552
     268.500  0.01805000
     271.490  0.01782343
     273.710  0.01759686
     275.960  0.01737029
     279.530  0.01721924
     282.290  0.01699267
     285.400  0.01684163
     287.500  0.01661506
     290.510  0.01646401
     298.030  0.01638849
     298.810  0.01616192
     301.890  0.01601088
     305.660  0.01585983
     310.180  0.01578431
     312.190  0.01555774
     315.680  0.01548221
     322.790  0.01533117
     327.440  0.01518012
     330.870  0.01502908
     339.070  0.01495355
     340.780  0.01480251
     344.610  0.01472698
     349.600  0.01457594
     356.750  0.01442489
     360.370  0.01434937
     362.990  0.01419832
     369.000  0.01404728
     373.390  0.01389623
     378.180  0.01382071
     389.020  0.01374519
     392.960  0.01366966
     398.030  0.01351862
     402.060  0.01344309
     418.720  0.01336757
     424.730  0.01321652
     445.960  0.01314100
     455.860  0.01306548
     464.940  0.01298996
     470.380  0.01291443
     472.130  0.01276339
     484.060  0.01261234
     494.800  0.01246129
     510.670  0.01231025
     512.490  0.01215920
     547.930  0.01200816
     566.410  0.01193263
     577.800  0.01185711
     597.540  0.01178159
     605.550  0.01170606
     640.460  0.01163054
     659.720  0.01155502
     997.610  0.01140397
    1227.830  0.01132845
    1678.190  0.01125293
    1687.050  0.01110188
    1742.140  0.01102636
    2041.660  0.01095083
    2304.390  0.01087531
    2943.500  0.01079979
    3259.280  0.01072427
    3283.660  0.01057322
    3345.670  0.01049770
    3573.560  0.01042217
    4427.750  0.01034665
    4868.280  0.01027113
    4892.470  0.01012008
    5969.780  0.01004456
    6447.140  0.00996904
    7989.650  0.00989351
    8057.540  0.00974247
    8070.540  0.00959142
    8072.720  0.00944037
    8083.060  0.00928933
    8096.610  0.00913828
    9658.020  0.00906276
    9672.190  0.00891171
    9947.510  0.00876067
   10455.040  0.00868514
   11293.420  0.00860962
   11315.000  0.00845858
   11329.120  0.00830753
   12854.170  0.00815648
   12871.000  0.00800544
   12877.880  0.00785439
   12901.940  0.00770335
   14310.780  0.00762782
   14458.600  0.00755230
   14489.630  0.00740125
   16080.460  0.00732573
   16081.440  0.00725021
   16097.660  0.00717468
   16118.660  0.00709916
   16127.770  0.00702364
   16128.990  0.00694812
   16138.240  0.00687259
   16301.740  0.00679707
   16341.240  0.00672155
   17677.210  0.00664602
   17685.220  0.00657050
   17723.820  0.00649498
   17726.880  0.00641945
   17779.820  0.00634393
   19263.020  0.00626841
   19267.360  0.00619289
   19290.270  0.00611736
   19304.560  0.00604184
   20987.020  0.00596632
   21723.220  0.00589079
   22162.320  0.00581527
   22460.450  0.00573975
   22480.870  0.00566422
   22491.970  0.00558870
   24094.880  0.00551318
   24155.480  0.00543766
   24211.120  0.00536213
   24221.560  0.00528661
   24310.520  0.00521109
   25671.740  0.00513556
   25681.060  0.00506004
   25682.550  0.00498452
   27256.050  0.00490899
   27290.190  0.00483347
   27305.910  0.00475795
   28058.100  0.00468243
   28350.860  0.00460690
   29001.480  0.00453138
   29567.850  0.00445586
   29673.660  0.00438033
   30047.650  0.00430481
   30464.910  0.00422929
   30466.200  0.00415376
   30494.790  0.00407824
   30572.430  0.00400272
   30757.790  0.00392720
   33150.050  0.00385167
   35294.990  0.00377615
   35563.600  0.00370063
   37222.650  0.00362510
   38463.830  0.00354958
   38482.670  0.00347406
   38488.490  0.00339853
   38490.300  0.00332301
   38503.090  0.00324749
   40096.790  0.00317197
   40112.570  0.00309644
   40522.910  0.00302092
   41223.090  0.00294540
   41940.840  0.00286987
   42365.990  0.00279435
   42604.770  0.00271883
   44848.550  0.00264330
   44856.180  0.00256778
   44913.200  0.00249226
   47481.910  0.00241674
   48053.100  0.00234121
   48072.220  0.00226569
   48077.990  0.00219017
   48089.760  0.00211464
   48101.830  0.00203912
   51302.150  0.00196360
   52850.950  0.00188807
   54547.890  0.00181255
   58520.110  0.00173703
   60982.910  0.00166151
   61724.060  0.00158598
   62453.680  0.00151046
   67260.090  0.00143494
   67277.720  0.00135941
   68856.000  0.00128389
   75264.470  0.00120837
   78542.260  0.00113284
   80088.800  0.00105732
   84859.470  0.00098180
   91303.360  0.00090628
  100211.120  0.00083075
  108881.280  0.00075523
  118803.360  0.00067971
  120084.640  0.00060418
  121777.230  0.00052866
  131924.530  0.00045314
  134040.550  0.00037761
  157709.400  0.00030209
  164690.520  0.00022657
  194702.310  0.00015105
  205000.510  0.00007552
  210501.180  0.00000000
