# Digested data for dctcp_load_aware_w4 experiment, run at 2026-04-21 06:13:43.742111
# Averaged across 5 repeated sample(s)
# length  cum_frac  samples     p50      p99     p999   s50    s99    s999
      60  0.002174     3570   257.1 123984.3 251798.5  16.0 7729.7 15698.2
      72  0.004315     3515   245.9 124634.9 212672.8  15.7 7948.7 13563.3
      92  0.007237     4797   246.0  42673.6 214117.7  15.9 2760.3 13849.8
     119  0.009458     3646   252.4 124824.6 298238.9  16.5 8169.1 19518.3
     154  0.011728     3727   253.1  43335.2 212309.9  16.8 2877.5 14097.6
     199  0.013966     3676   245.3  83435.0 294285.6  16.4 5566.0 19632.1
     222  0.017335     5531   244.7  42577.8 211473.4  16.5 2874.9 14279.1
     227  0.019917     4239   247.6  42083.1 256295.5  16.7 2841.5 17305.6
     232  0.022624     4445   250.1  83760.6 212462.6  17.0 5705.8 14472.9
     237  0.025174     4187   248.3  83131.6 213163.8  17.1 5709.6 14640.4
     243  0.027759     4243   247.0  83211.5 253517.4  17.0 5742.7 17496.0
     248  0.030358     4267   248.9  43315.2 250645.6  17.2 2999.7 17357.7
     254  0.032896     4168   244.0  83522.5 212096.4  17.0 5820.4 14780.2
     259  0.035574     4397   246.7 123927.8 217843.5  17.3 8678.4 15255.1
     265  0.038222     4348   243.6  83455.3 255728.4  17.0 5836.0 17883.1
     271  0.040814     4255   250.2   2203.6 210868.6  17.5  153.8 14715.2
     279  0.044091     5381   247.5  42971.7 210008.8  17.3 3000.8 14665.4
     288  0.047423     5470   248.6 123902.0 211151.1  17.4 8652.4 14745.2
     297  0.050871     5661   252.9 124770.7 211540.9  17.6 8682.7 14721.0
     303  0.060553    15897   247.5 164619.8 213611.0  17.2 11463.8 14875.4
     305  0.069019    13899   248.6  83351.0 211420.2  17.3 5800.3 14712.6
     308  0.077583    14062   246.9   2237.8 212066.9  17.2  156.3 14809.1
     310  0.085947    13733   248.8  83100.7 212042.9  17.1 5723.2 14603.5
     313  0.094456    13969   248.4 123752.4 211627.3  17.2 8564.2 14645.5
     315  0.103109    14208   246.9 124064.7 212723.4  17.1 8615.6 14772.5
     318  0.111512    13796   246.8 164628.6 212458.3  17.1 11440.5 14764.3
     321  0.120130    14150   242.6 165157.5 212904.8  16.8 11469.3 14785.1
     323  0.128715    14095   245.8  82886.7 211510.7  17.1 5780.1 14749.7
     326  0.137287    14074   247.2  83602.6 213277.6  17.2 5826.0 14862.6
     331  0.143712    10550   249.0 123829.9 211813.0  17.3 8617.3 14739.9
     335  0.150300    10816   248.8 124082.0 211379.0  17.1 8522.1 14517.8
     340  0.156878    10800   246.8  42446.9 212414.8  17.1 2943.6 14730.6
     345  0.163329    10592   248.7 124080.2 211090.9  17.3 8634.7 14689.7
     350  0.169886    10765   245.6  82546.4 210484.0  17.1 5740.4 14637.3
     355  0.176398    10693   248.3 123657.1 211175.8  17.3 8599.2 14685.4
     360  0.182948    10754   248.1 123545.3 211079.3  17.3 8597.4 14688.9
     365  0.189412    10613   248.0  83545.8 211725.2  17.1 5765.8 14611.8
     371  0.195974    10773   251.9  42888.9 211887.6  17.5 2980.5 14724.6
     376  0.202547    10793   251.4  83691.5 212140.4  17.5 5816.0 14742.2
     385  0.206610     6670   247.7  42820.6 210916.3  17.2 2967.5 14616.5
     395  0.210647     6629   239.4 124332.3 211980.1  16.6 8604.3 14669.9
     405  0.214758     6750   250.9  83551.0 211666.6  17.4 5802.2 14699.1
     415  0.218913     6821   248.5  83386.8 210733.4  17.2 5786.7 14624.1
     425  0.223023     6749   250.6 124874.5 211093.3  17.4 8677.9 14669.4
     430  0.227158     6789   252.0 164450.7 212164.8  17.5 11452.0 14774.7
     435  0.231227     6680   249.8  83451.7 212206.1  17.4 5819.5 14798.2
     441  0.235363     6790   249.6 124064.4 211274.9  17.4 8669.8 14764.1
     446  0.239385     6604   248.9 163975.8 211505.8  17.3 11403.0 14708.3
     452  0.243552     6842   250.7  83357.3 211031.9  17.4 5800.8 14685.6
     457  0.247583     6618   255.4  83617.3 212627.3  17.8 5810.8 14776.0
     463  0.251668     6708   242.0  83720.8 209479.0  16.9 5838.3 14608.0
     468  0.255752     6705   251.8  83064.4 210658.3  17.5 5772.4 14639.2
     474  0.259773     6602   250.0  83869.5 212049.8  17.3 5816.2 14705.3
     480  0.263956     6867   250.4 123672.1 210608.2  17.4 8618.3 14676.5
     491  0.283429    31973   246.6 124902.3 212003.4  17.1 8673.8 14722.5
     502  0.302950    32050   250.2  82890.9 211856.8  17.2 5712.7 14600.7
     513  0.322303    31775   250.4 164027.7 211740.9  17.3 11335.7 14633.1
     525  0.341941    32243   247.4  42488.9 211399.9  17.1 2928.3 14569.3
     537  0.361410    31966   245.0 164150.6 211805.5  16.9 11336.4 14627.5
     549  0.381149    32409   245.1 164664.0 212194.5  16.7 11239.9 14484.3
     561  0.400464    31712   249.2 164951.0 211974.5  17.1 11321.3 14548.7
     574  0.419973    32031   248.5 124417.3 211945.1  17.0 8515.9 14506.9
     587  0.439470    32011   247.4  84112.9 212137.1  16.9 5745.4 14490.2
     600  0.458996    32060   248.3  82954.7 211935.7  17.0 5677.9 14506.2
     607  0.464788     9510   250.2 124341.9 212697.4  17.2 8545.8 14618.4
     615  0.470477     9340   246.3 123609.7 213402.7  16.9 8489.7 14656.8
     623  0.476153     9319   251.2  83325.3 211928.9  17.3 5730.8 14575.6
     630  0.482010     9616   249.1  83657.6 211669.1  17.0 5722.1 14478.0
     638  0.487837     9568   253.0  42905.9 252721.7  17.3 2932.7 17274.2
     646  0.493578     9425   245.9  42400.7 210223.7  16.8 2898.2 14369.4
     654  0.499285     9370   244.6  83256.0 211871.0  16.7 5679.1 14452.3
     662  0.504829     9103   249.0 123970.6 213395.8  16.9 8416.2 14487.2
     671  0.510605     9483   245.0  42764.2 212638.2  16.6 2895.3 14396.6
     679  0.516262     9289   255.2  83357.0 212328.0  17.3 5639.9 14365.9
     685  0.519878     5937   247.7  83722.4 212303.0  16.8 5668.4 14373.9
     690  0.523423     5820   248.7  82898.6 210178.4  16.9 5624.1 14259.1
     696  0.526978     5837   246.8 205169.6 212461.8  16.8 13928.7 14423.7
     702  0.530538     5845   248.2  83408.6 210336.2  16.8 5658.7 14269.8
     707  0.534042     5752   241.8  84345.2 211177.7  16.4 5718.3 14317.1
     713  0.537557     5772   248.7 123710.4 212042.9  16.9 8398.5 14395.3
     719  0.541120     5850   245.4  83327.8 211190.9  16.6 5641.7 14298.6
     725  0.544626     5756   248.6  83043.5 210827.4  16.8 5622.4 14274.0
     731  0.548240     5934   250.9  42769.4 211283.3  17.0 2901.6 14334.0
     737  0.551791     5831   252.4  83775.9 211386.1  17.1 5668.2 14302.2
     749  0.556513     7752   254.8  42442.8 211982.6  17.2 2860.0 14284.5
     762  0.561286     7837   244.2  43356.5 211579.1  16.5 2923.6 14267.0
     774  0.566090     7887   250.4  42809.9 212435.7  16.9 2892.6 14353.8
     787  0.570985     8037   252.1 123971.2 210623.3  17.0 8348.2 14183.4
     800  0.575782     7876   249.0 124374.3 213246.4  16.6 8313.8 14254.4
     816  0.578844     5027   244.9  42643.1 211577.2  16.4 2848.6 14133.4
     833  0.581832     4907   249.9 165165.2 252144.8  16.8 11092.4 16933.8
     850  0.584825     4913   250.5  42527.7 212195.8  16.8 2856.1 14250.9
     867  0.587856     4977   255.5  83404.9 210723.6  17.1 5582.7 14104.7
     885  0.590910     5015   242.1  83481.4 212423.5  16.2 5580.3 14199.4
     914  0.594693     6210   249.4  84431.0 211232.4  16.7 5651.3 14138.7
     945  0.598378     6051   246.6 123994.2 251761.0  16.2 8157.5 16563.2
     976  0.602129     6159   249.4 124133.0 211473.7  16.3 8129.2 13849.0
    1009  0.605770     5977   248.0   1821.5 211877.9  16.2  118.7 13803.1
    1042  0.609562     6226   257.8  83921.4 253062.7  16.8 5456.5 16454.0
    1085  0.613230     6023   255.6   2300.2 210632.7  16.6  149.9 13722.0
    1130  0.616916     6051   253.3 124390.6 211442.0  16.4 8035.6 13659.0
    1177  0.620562     5987   245.7  83227.4 211759.4  15.9 5397.4 13732.8
    1226  0.624274     6095   251.8 124038.4 211679.7  16.2 7997.3 13647.9
    1277  0.627834     5845   248.7  82937.1 210538.8  15.9 5299.5 13453.0
    1316  0.631333     5745   246.1 124207.0 211329.7  15.7 7901.2 13443.4
    1357  0.634595     5355   245.9  42911.1 210419.7  15.6 2717.6 13326.1
    1399  0.637910     5443   253.2  83918.2 210928.0  16.0 5307.9 13341.4
    1436  0.640536     4312   246.3  83821.2 211631.6  10.1 3436.7  8677.0
    1484  0.643501     4867   255.6   2678.2  18675.5  10.5  110.3   769.2
    1534  0.646468     4872   260.0   5044.7  17872.8  10.7  206.8   732.8
    1559  0.650509     6635   261.9   3867.4  16410.3  10.8  159.6   677.3
    1585  0.654692     6867   256.8   1797.3  16739.2  10.6   74.1   690.6
    1611  0.658791     6730   259.7   4283.8  18033.8  10.7  176.7   744.0
    1637  0.662905     6755   250.5   4317.9  17540.4  10.3  178.1   723.3
    1664  0.667070     6839   260.4   3513.3  20056.4  10.7  144.9   827.4
    1865  0.670100     4974   254.9   3113.7  57623.7  10.6  128.9  2386.1
    2091  0.673142     4995   260.5   3453.1  64952.2  10.8  142.7  2684.0
    2412  0.676628     5723   260.7   4385.0  16891.3  10.8  181.1   697.7
    2742  0.679498     4712   262.9   4016.3 116415.9  10.8  165.7  4802.6
    3118  0.682357     4694   262.7   4605.1 151956.6  10.1  177.8  5867.1
    3544  0.685149     4585   268.5   3948.2  57085.1  10.3  151.9  2195.6
    4030  0.687996     4674   261.7   4593.0  60756.3  10.0  175.4  2320.7
    4582  0.690812     4623   273.0   5061.3 188884.9   9.8  181.8  6784.7
    5210  0.693590     4561   264.1   5531.5  18141.5   9.4  197.9   649.1
    5652  0.696515     4804   266.0   3237.5  19959.8   9.6  116.9   720.6
    6132  0.699617     5093   264.8   4874.6  19925.9   9.0  165.7   677.5
    6653  0.702529     4780   265.9   4196.8 101991.7   9.0  142.1  3453.8
    7217  0.705584     5016   276.7   5736.3 179904.1   8.9  184.5  5786.6
    7830  0.708512     4807   271.1   4300.0  93587.7   8.7  138.3  3010.2
   10373  0.711089     4232   279.4   5007.6 227809.1   8.0  142.6  6486.6
   13741  0.713656     4214   295.8   4360.9 106230.3   7.6  112.6  2743.6
   18203  0.716210     4193   304.8   4670.7  95403.4   7.0  106.6  2178.2
   24115  0.718866     4362   321.0   4164.5 142579.1   5.8   74.9  2563.5
   31946  0.721425     4201   348.6   6309.4 142720.3   5.3   96.2  2176.3
   33343  0.724092     4379   362.6   6288.6 177862.6   5.4   93.9  2655.1
   34801  0.726939     4675   371.0   5869.4 190138.4   3.6   56.3  1824.4
   36322  0.729833     4750   382.1   9828.5 141345.7   5.1  131.6  1893.2
   37450  0.732517     4407   369.6   7810.0 147747.1   3.7   78.6  1486.5
   38377  0.735351     4654   387.2   7794.3 136013.4   4.5   91.3  1593.0
   39327  0.738078     4477   380.0   8456.7 141125.1   4.5  100.3  1674.5
   40382  0.741891     6260   389.3   8129.7  99425.8   3.4   70.3   860.2
   41214  0.745515     5951   393.7   7189.4  94794.2   4.6   83.3  1098.7
   42062  0.749263     6153   396.6   8115.7  21624.1   4.5   92.1   245.5
   42928  0.752930     6021   394.1   8288.8  60651.1   4.5   94.2   689.1
   43811  0.756642     6094   403.8   6081.8  54294.2   4.6   68.8   614.5
   44531  0.760515     6359   408.8   9778.7 173999.8   3.0   72.4  1287.7
   45079  0.764608     6721   410.4   8056.9  97474.2   4.6   89.5  1082.4
   45634  0.768615     6578   413.0   7511.9  94741.1   4.5   81.9  1032.9
   46195  0.772753     6795   408.3   8132.3 143476.9   4.5   88.7  1565.1
   46763  0.776849     6725   413.5   7598.6 174264.3   4.5   82.2  1885.4
   47435  0.782750     9688   417.8   8873.7 214468.3   4.5   94.7  2289.4
   47823  0.786536     6216   422.4   6645.6  19100.5   4.5   71.2   204.6
   48215  0.790377     6306   422.8   6183.1 135636.4   4.5   65.9  1446.0
   48609  0.794094     6103   421.8   7074.8  56791.4   4.4   74.3   596.6
   49007  0.797728     5967   420.5   8048.7 133819.8   4.4   84.2  1400.1
   49408  0.801473     6149   444.9   8754.0  94914.1   4.6   90.8   984.6
   49813  0.805204     6125   425.2   8828.6 175484.8   4.4   91.1  1811.0
   50221  0.808863     6008   425.7   8268.5  58130.4   4.4   85.0   597.8
   50632  0.812531     6022   436.5   9023.6  97098.0   4.5   93.0  1001.0
   51046  0.816231     6075   432.1   8780.9  96762.5   4.4   90.0   991.4
   55381  0.819126     4753   456.9  10267.1 157418.5   4.3   96.0  1471.3
   60084  0.822115     4908   472.3   8865.6 134339.3   4.2   79.1  1198.1
   64132  0.825465     5500   507.4   9193.1 175035.6   4.3   78.2  1489.8
   66528  0.828320     4688   535.4   9646.3 172273.1   4.5   81.4  1454.3
   69014  0.831101     4566   552.4   9283.1 180172.1   3.8   63.9  1240.3
   71156  0.833791     4417   573.7   9795.8 179809.8   3.9   66.0  1211.1
   72473  0.836606     4622   558.6   7844.5 136710.2   3.8   52.8   919.6
   73814  0.839398     4584   573.5   9446.4 182161.7   3.9   64.2  1237.5
   75180  0.842186     4577   568.1   8608.2 103632.8   4.2   63.5   764.2
   75795  0.845133     4839   583.7   9104.9 106898.2   4.2   66.1   776.2
   76416  0.848163     4975   588.0   9758.3 104495.3   4.2   69.6   745.3
   77041  0.851105     4830   595.0   8991.3 174549.4   4.2   63.4  1229.8
   77672  0.854125     4958   596.0   9175.8 175088.3   4.2   64.7  1233.8
   78307  0.857098     4881   609.2   9461.4 180326.6   4.3   66.1  1259.0
   78948  0.860096     4923   598.8   9326.0 182607.6   4.1   63.8  1249.5
   79595  0.863068     4879   604.8   9074.3 179989.5   3.9   58.9  1168.2
   80246  0.866103     4983   603.6   9623.0 102488.7   3.3   52.6   560.2
   80903  0.868977     4720   601.8  10356.1  64963.6   3.9   67.6   424.3
   81565  0.872053     5050   622.0  10544.5 175331.4   4.1   69.1  1149.3
   85305  0.875398     5491   629.9   8341.1  70774.5   4.0   53.1   450.9
   89216  0.878715     5447   661.6   8877.5  74175.9   4.2   55.9   467.4
   93306  0.882010     5409   677.3   9715.1 108275.7   4.0   57.0   634.8
   97584  0.885370     5517   687.3   9628.2 106104.4   3.7   51.6   568.5
  102058  0.888759     5564   728.9   8570.4  79796.0   3.7   43.2   402.6
  105871  0.891559     4597   763.0  10108.9 153164.6   3.7   48.7   738.4
  109826  0.894414     4689   770.2   8426.7 111361.5   3.6   39.7   525.1
  113929  0.897203     4579   814.9   8771.2 182960.1   3.8   40.5   845.2
  118669  0.899874     4385   835.4   8984.1 201310.0   3.5   37.3   836.6
  123857  0.902591     4461   857.5   8981.4 113426.5   3.4   36.1   456.2
  129272  0.905365     4555   909.6  10026.9 265775.6   2.8   30.4   805.0
  135199  0.908128     4535   945.1  11733.4 143303.7   3.1   38.4   469.6
  141975  0.910980     4683  1002.5   9556.4 211868.3   2.8   26.4   585.2
  149091  0.913823     4668  1033.5  11187.9 179934.7   2.7   29.2   469.7
  156563  0.916689     4705  1097.0  10988.3 186268.8   2.7   26.9   456.5
  164410  0.919547     4693  1129.3  10124.4 117594.2   2.7   24.3   282.2
  172651  0.922386     4661  1185.7  10807.8 147713.6   2.7   24.6   336.8
  181304  0.925140     4522  1236.2  10408.2 197420.6   2.7   22.7   430.1
  189618  0.927790     4351  1278.4  11989.3 184897.8   2.7   25.4   392.1
  197911  0.930475     4409  1366.8  11116.0 126323.9   2.8   23.1   262.9
  206566  0.933204     4480  1442.2  10736.4 181266.3   2.9   21.2   358.5
  215160  0.936012     4610  1445.5  10137.9 143111.9   2.8   19.9   280.7
  223195  0.938829     4626  1561.2  12491.6 182921.5   3.1   24.6   360.5
  231530  0.941672     4668  1539.2  13557.2 186635.7   2.9   25.5   350.4
  240177  0.944554     4732  1613.6  12113.9 151074.8   2.8   21.3   265.7
  253761  0.947362     4610  1690.3  11983.0 181708.9   3.0   21.4   324.3
  268113  0.950127     4539  1814.9  13141.1 211897.0   3.1   22.4   361.1
  283277  0.952989     4700  1875.1  12475.6 184263.2   3.0   20.1   296.7
  318166  0.955762     4553  2089.2  14808.1 212081.8   3.1   21.9   313.8
  368444  0.958500     4494  2374.5  15611.4 213022.7   3.0   20.0   272.3
  426666  0.961287     4577  2812.3  16815.9 162373.2   3.1   18.6   179.3
  514641  0.964269     4895  3368.5  25659.2 217451.8   3.1   23.8   201.3
  643946  0.967100     4649  4018.7  33556.5 151724.9   2.8   23.8   107.6
  792711  0.969870     4547  5075.8  40216.9 124228.8   2.9   23.2    71.8
  940700  0.972412     4175  6111.2  42368.5 217459.1   3.1   21.6   110.9
 1000000  1.000000    45295  6426.1  54140.9 195747.1   3.1   26.2    94.7
