# Fraction of RTTS longer than a given time for homa_w4 experiment
# Includes messages <= 315 bytes; measured at 2026-04-21 06:13:43.742111
# Averaged across 1 repeated sample(s)
# Data collected at 2026-04-21 06:13:43.742111 
#       usec        frac
      19.740  0.99995525
      20.080  0.99991050
      20.680  0.99982100
      20.930  0.99973150
      21.390  0.99955249
      21.630  0.99946299
      21.860  0.99937349
      22.320  0.99901548
      22.560  0.99879173
      22.810  0.99861273
      23.040  0.99838897
      23.280  0.99803097
      23.540  0.99758346
      23.800  0.99740446
      24.060  0.99695695
      24.320  0.99673320
      24.660  0.99646469
      24.930  0.99592768
      25.180  0.99516692
      25.440  0.99471941
      25.700  0.99427191
      25.970  0.99333214
      26.230  0.99243713
      26.500  0.99136311
      26.770  0.99033384
      27.040  0.98939408
      27.320  0.98787255
      27.600  0.98603777
      27.900  0.98478475
      28.180  0.98330797
      28.470  0.98124944
      28.760  0.97914616
      29.050  0.97757988
      29.360  0.97534234
      29.660  0.97270205
      29.970  0.97077777
      30.270  0.96889824
      30.580  0.96643695
      30.890  0.96352815
      31.200  0.96026134
      31.520  0.95753155
      31.850  0.95489126
      32.170  0.95225096
      32.500  0.94907366
      32.830  0.94504609
      33.170  0.94164504
      33.510  0.93922850
      33.850  0.93654345
      34.200  0.93260539
      34.550  0.92884633
      34.900  0.92584803
      35.250  0.92249172
      35.610  0.91904591
      35.970  0.91519735
      36.330  0.91184105
      36.710  0.90843999
      37.080  0.90472568
      37.460  0.90168263
      37.840  0.89863958
      38.220  0.89546228
      38.610  0.89224022
      39.000  0.88915242
      39.390  0.88633312
      39.790  0.88270831
      40.190  0.87953101
      40.600  0.87639846
      41.010  0.87331066
      41.430  0.86928309
      41.850  0.86570303
      42.270  0.86185447
      42.700  0.85907992
      43.130  0.85576837
      43.580  0.85268057
      44.020  0.84883201
      44.470  0.84547570
      44.920  0.84229840
      45.370  0.83952385
      45.840  0.83643605
      46.300  0.83299024
      46.770  0.83039470
      47.240  0.82735165
      47.720  0.82332408
      48.210  0.81943077
      48.700  0.81634297
      49.190  0.81280766
      49.690  0.80963036
      50.190  0.80524479
      50.710  0.80166473
      51.220  0.79808467
      51.750  0.79450461
      52.280  0.79047704
      52.820  0.78653898
      53.350  0.78300367
      53.910  0.78058713
      54.450  0.77723082
      55.000  0.77302425
      55.560  0.76899669
      56.120  0.76483487
      56.690  0.76103106
      57.270  0.75669024
      57.850  0.75243892
      58.430  0.74823235
      59.030  0.74384677
      59.630  0.73964020
      60.230  0.73444912
      60.840  0.72966079
      61.460  0.72563322
      62.080  0.72057639
      62.720  0.71596706
      63.350  0.71099973
      64.000  0.70616665
      64.640  0.70213909
      65.300  0.69744026
      65.960  0.69198067
      66.620  0.68696858
      67.300  0.68061398
      67.980  0.67569140
      68.670  0.67067932
      69.360  0.66539873
      70.060  0.65931263
      70.780  0.65430055
      71.490  0.64808019
      72.210  0.64320236
      72.940  0.63787702
      73.670  0.63255169
      74.410  0.62691309
      75.160  0.62190101
      75.920  0.61702318
      76.680  0.61160834
      77.450  0.60601450
      78.220  0.59992840
      79.020  0.59455831
      79.800  0.58860646
      80.500  0.58269936
      81.230  0.57683702
      82.000  0.57106417
      82.830  0.56538083
      83.420  0.55969749
      84.100  0.55405889
      84.870  0.54850980
      85.500  0.54300546
      86.280  0.53754587
      86.900  0.53213103
      87.700  0.52680569
      88.340  0.52152511
      89.140  0.51628927
      89.900  0.51109818
      90.550  0.50595185
      91.160  0.50085026
      91.760  0.49583818
      92.430  0.49087085
      93.110  0.48594827
      93.940  0.48107044
      94.580  0.47623736
      95.300  0.47144903
      95.900  0.46670545
      96.510  0.46200662
      97.240  0.45735255
      97.890  0.45274322
      98.540  0.44817864
      99.220  0.44365882
      99.940  0.43918375
     100.800  0.43475342
     101.440  0.43036785
     102.120  0.42602703
     102.760  0.42173096
     103.320  0.41747964
     103.870  0.41327307
     104.410  0.40911125
     104.990  0.40499418
     105.730  0.40092187
     106.510  0.39689430
     107.210  0.39291148
     107.880  0.38897342
     108.420  0.38508010
     108.860  0.38118679
     109.490  0.37733823
     110.190  0.37353441
     110.620  0.36977535
     111.170  0.36606104
     111.820  0.36239148
     112.370  0.35876667
     112.990  0.35514186
     113.650  0.35156180
     114.240  0.34802649
     114.890  0.34453593
     115.430  0.34109013
     115.940  0.33764432
     116.420  0.33424327
     117.100  0.33088696
     117.660  0.32757540
     118.340  0.32426385
     118.860  0.32099705
     119.350  0.31777499
     120.000  0.31455294
     120.470  0.31137564
     121.070  0.30824309
     121.550  0.30515529
     122.070  0.30206748
     122.550  0.29902443
     123.040  0.29602613
     123.640  0.29302783
     124.240  0.29007429
     124.740  0.28716549
     125.360  0.28425669
     125.790  0.28139264
     126.410  0.27857335
     126.940  0.27575405
     127.460  0.27297950
     127.940  0.27024971
     128.320  0.26751991
     128.780  0.26483487
     129.460  0.26214983
     130.000  0.25950953
     130.590  0.25691399
     131.200  0.25431845
     131.630  0.25176765
     132.090  0.24921686
     132.460  0.24671082
     133.030  0.24420478
     133.440  0.24174349
     133.870  0.23928220
     134.260  0.23686566
     134.720  0.23449387
     135.310  0.23212208
     135.880  0.22979504
     136.530  0.22746800
     137.040  0.22518572
     137.700  0.22290343
     138.120  0.22066589
     138.690  0.21842835
     139.160  0.21623557
     139.720  0.21404278
     140.140  0.21189475
     140.580  0.20974671
     141.050  0.20764343
     141.550  0.20554014
     141.970  0.20348161
     142.620  0.20142307
     143.260  0.19936454
     143.760  0.19735076
     144.270  0.19533697
     144.730  0.19336794
     145.260  0.19139891
     145.750  0.18947463
     146.290  0.18755034
     146.960  0.18567081
     147.500  0.18379128
     148.030  0.18191175
     148.420  0.18007697
     149.020  0.17824219
     149.570  0.17645216
     149.980  0.17466213
     150.510  0.17287210
     151.170  0.17112682
     151.610  0.16938154
     152.040  0.16768102
     152.330  0.16598049
     152.780  0.16427996
     153.300  0.16262418
     153.750  0.16096841
     154.230  0.15935738
     154.690  0.15774635
     155.170  0.15613533
     155.550  0.15456905
     155.990  0.15300277
     156.420  0.15143650
     156.890  0.14991497
     157.560  0.14839345
     158.240  0.14687192
     158.870  0.14539515
     159.350  0.14391837
     159.850  0.14244160
     160.280  0.14100958
     160.650  0.13957755
     161.200  0.13814553
     161.720  0.13675826
     162.410  0.13537098
     162.980  0.13398371
     163.370  0.13264119
     163.850  0.13129867
     164.340  0.12995614
     164.910  0.12861362
     165.330  0.12731585
     165.890  0.12601808
     166.570  0.12472031
     167.080  0.12346729
     167.680  0.12221427
     168.210  0.12096125
     168.580  0.11970823
     169.000  0.11849996
     169.420  0.11729169
     170.000  0.11608342
     170.880  0.11491990
     171.230  0.11375638
     171.760  0.11259286
     172.260  0.11142934
     172.700  0.11031057
     173.350  0.10919180
     173.890  0.10807303
     174.590  0.10695426
     174.960  0.10588025
     175.390  0.10480623
     175.900  0.10373221
     176.360  0.10265819
     176.920  0.10162893
     177.350  0.10059966
     177.790  0.09957039
     178.360  0.09854113
     179.010  0.09751186
     179.400  0.09652734
     179.930  0.09554283
     180.320  0.09455831
     180.720  0.09357379
     181.530  0.09263403
     182.040  0.09169426
     182.540  0.09075450
     183.170  0.08981473
     183.760  0.08887497
     184.020  0.08797995
     184.530  0.08708494
     184.980  0.08618992
     185.270  0.08529491
     185.880  0.08439989
     186.350  0.08354963
     187.040  0.08269936
     187.510  0.08184910
     188.120  0.08099884
     188.750  0.08014857
     189.100  0.07934306
     189.640  0.07853755
     190.160  0.07773203
     190.760  0.07692652
     191.150  0.07612101
     191.610  0.07531549
     192.060  0.07455473
     192.540  0.07379397
     192.920  0.07303321
     193.730  0.07227244
     194.560  0.07151168
     194.930  0.07079567
     195.480  0.07007966
     196.040  0.06936364
     196.340  0.06864763
     196.880  0.06793162
     197.590  0.06721561
     198.280  0.06649960
     198.970  0.06582834
     199.600  0.06515708
     200.070  0.06448581
     200.520  0.06381455
     200.860  0.06314329
     201.700  0.06247203
     202.060  0.06184552
     202.510  0.06121901
     202.970  0.06059250
     203.490  0.05996599
     203.990  0.05933948
     204.340  0.05871297
     205.250  0.05808646
     205.860  0.05750470
     206.350  0.05692294
     206.910  0.05634118
     207.470  0.05575942
     208.270  0.05517766
     208.660  0.05459590
     209.140  0.05401414
     209.620  0.05343238
     209.910  0.05289537
     210.780  0.05235836
     211.500  0.05182136
     212.020  0.05128435
     212.570  0.05074734
     212.810  0.05021033
     213.990  0.04967332
     214.400  0.04913631
     215.420  0.04864405
     215.700  0.04815179
     216.250  0.04765954
     216.540  0.04716728
     217.080  0.04667502
     217.960  0.04618276
     218.920  0.04569050
     219.490  0.04519825
     219.940  0.04470599
     220.270  0.04425848
     220.910  0.04381097
     221.390  0.04336347
     222.180  0.04291596
     223.250  0.04246845
     223.560  0.04202094
     224.040  0.04157344
     224.280  0.04112593
     224.750  0.04067842
     225.370  0.04023091
     226.380  0.03982816
     227.250  0.03942540
     228.140  0.03902264
     228.700  0.03861989
     229.110  0.03821713
     230.270  0.03781437
     231.300  0.03741162
     231.720  0.03700886
     232.280  0.03660610
     232.750  0.03620335
     233.490  0.03580059
     233.830  0.03544258
     234.280  0.03508458
     235.250  0.03472657
     235.920  0.03436857
     236.270  0.03401056
     237.090  0.03365256
     237.860  0.03329455
     238.860  0.03293654
     239.970  0.03257854
     240.520  0.03222053
     241.070  0.03186253
     241.740  0.03150452
     242.660  0.03114651
     244.000  0.03083326
     244.580  0.03052000
     245.100  0.03020675
     245.570  0.02989349
     245.960  0.02958024
     246.270  0.02926698
     247.120  0.02895373
     247.470  0.02864047
     248.360  0.02832722
     249.340  0.02801396
     250.160  0.02770071
     251.090  0.02738745
     252.230  0.02707420
     252.930  0.02676094
     253.910  0.02649244
     255.170  0.02622393
     256.080  0.02595543
     256.620  0.02568692
     257.090  0.02541842
     258.360  0.02514991
     258.890  0.02488141
     259.820  0.02461291
     260.470  0.02434440
     260.900  0.02407590
     261.860  0.02380739
     262.410  0.02353889
     263.310  0.02327038
     264.290  0.02300188
     265.060  0.02273338
     266.850  0.02246487
     267.840  0.02219637
     268.600  0.02197261
     269.110  0.02174886
     270.780  0.02152511
     271.550  0.02130135
     272.270  0.02107760
     272.830  0.02085384
     273.580  0.02063009
     275.130  0.02040634
     276.070  0.02018258
     276.760  0.01995883
     278.090  0.01973508
     279.350  0.01951132
     280.370  0.01928757
     280.660  0.01906381
     281.610  0.01884006
     282.740  0.01861631
     283.400  0.01839255
     284.130  0.01816880
     284.620  0.01794505
     285.620  0.01772129
     286.660  0.01754229
     287.210  0.01736329
     288.550  0.01718428
     289.260  0.01700528
     290.060  0.01682628
     291.690  0.01664727
     293.290  0.01646827
     293.870  0.01628927
     295.630  0.01611027
     296.530  0.01593126
     297.280  0.01575226
     298.470  0.01557326
     299.810  0.01539425
     300.480  0.01521525
     301.130  0.01503625
     303.120  0.01485725
     304.990  0.01467824
     305.730  0.01449924
     306.940  0.01432024
     308.500  0.01414123
     309.880  0.01396223
     311.120  0.01378323
     312.410  0.01360422
     312.760  0.01342522
     314.360  0.01329097
     315.210  0.01315672
     316.370  0.01302246
     318.140  0.01288821
     319.010  0.01275396
     320.390  0.01261971
     321.120  0.01248546
     321.770  0.01235120
     323.360  0.01221695
     324.120  0.01208270
     324.680  0.01194845
     325.660  0.01181419
     328.230  0.01167994
     329.290  0.01154569
     330.220  0.01141144
     332.090  0.01127719
     332.550  0.01114293
     333.920  0.01100868
     335.930  0.01087443
     336.710  0.01074018
     337.670  0.01060592
     339.370  0.01047167
     340.340  0.01033742
     341.210  0.01020317
     343.370  0.01006892
     344.550  0.00993466
     345.920  0.00980041
     348.710  0.00966616
     350.130  0.00953191
     352.430  0.00939766
     353.400  0.00926340
     353.590  0.00912915
     354.430  0.00899490
     354.760  0.00886065
     355.440  0.00877114
     355.920  0.00868164
     356.200  0.00859214
     356.950  0.00850264
     358.150  0.00841314
     358.600  0.00832364
     360.030  0.00823414
     360.630  0.00814463
     360.790  0.00805513
     362.330  0.00796563
     362.830  0.00787613
     365.850  0.00778663
     368.580  0.00769713
     368.760  0.00760763
     370.730  0.00751812
     371.330  0.00742862
     371.740  0.00733912
     372.510  0.00724962
     372.780  0.00716012
     373.830  0.00707062
     376.080  0.00698112
     378.270  0.00689161
     378.600  0.00680211
     380.850  0.00671261
     381.760  0.00662311
     382.960  0.00653361
     384.700  0.00644411
     385.980  0.00635460
     386.450  0.00626510
     389.410  0.00617560
     390.930  0.00608610
     392.860  0.00599660
     394.810  0.00590710
     395.750  0.00581760
     398.100  0.00572809
     400.870  0.00563859
     402.520  0.00554909
     407.870  0.00545959
     408.750  0.00537009
     409.700  0.00528059
     411.840  0.00519109
     414.780  0.00510158
     415.890  0.00501208
     418.420  0.00492258
     419.210  0.00483308
     420.390  0.00474358
     424.350  0.00465408
     425.210  0.00456458
     427.820  0.00447507
     427.900  0.00443032
     430.170  0.00438557
     432.160  0.00434082
     432.170  0.00429607
     432.430  0.00425132
     433.610  0.00420657
     434.980  0.00416182
     435.760  0.00411707
     436.800  0.00407232
     437.390  0.00402757
     438.460  0.00398282
     439.700  0.00393806
     439.980  0.00389331
     440.310  0.00384856
     441.120  0.00380381
     441.620  0.00375906
     441.790  0.00371431
     441.910  0.00366956
     444.570  0.00362481
     444.730  0.00358006
     444.800  0.00353531
     447.960  0.00349056
     448.420  0.00344581
     448.830  0.00340106
     450.400  0.00335631
     452.730  0.00331155
     454.100  0.00326680
     454.910  0.00322205
     456.340  0.00317730
     456.920  0.00313255
     461.270  0.00308780
     462.480  0.00304305
     464.710  0.00299830
     466.750  0.00295355
     472.270  0.00290880
     479.780  0.00286405
     481.660  0.00281930
     481.830  0.00277455
     484.230  0.00272980
     484.540  0.00268504
     489.340  0.00264029
     491.810  0.00259554
     492.480  0.00255079
     494.550  0.00250604
     495.990  0.00246129
     497.430  0.00241654
     499.520  0.00237179
     504.770  0.00232704
     505.060  0.00228229
     509.140  0.00223754
     509.660  0.00219279
     509.800  0.00214804
     509.850  0.00210328
     517.160  0.00205853
     519.960  0.00201378
     520.010  0.00196903
     523.180  0.00192428
     530.460  0.00187953
     532.570  0.00183478
     535.560  0.00179003
     535.920  0.00174528
     541.050  0.00170053
     549.540  0.00165578
     557.470  0.00161103
     558.100  0.00156628
     561.430  0.00152153
     568.840  0.00147677
     574.090  0.00143202
     585.170  0.00138727
     587.080  0.00134252
     587.690  0.00129777
     589.150  0.00125302
     589.260  0.00120827
     596.790  0.00116352
     600.500  0.00111877
     624.950  0.00107402
     629.130  0.00102927
     629.550  0.00098452
     665.100  0.00093977
     675.330  0.00089501
     717.240  0.00085026
     717.630  0.00080551
     721.740  0.00076076
     731.920  0.00071601
     769.500  0.00067126
     777.460  0.00062651
     798.610  0.00058176
     809.150  0.00053701
     810.270  0.00049226
     811.460  0.00044751
     869.790  0.00040276
     949.940  0.00035801
     956.870  0.00031326
    1252.570  0.00026850
    1597.570  0.00022375
    1688.850  0.00017900
    1733.130  0.00013425
    1752.670  0.00008950
    4606.120  0.00004475
    4710.040  0.00000000
