# Fraction of RTTS longer than a given time for dctcp_w2 experiment
# Includes messages <= 12 bytes; measured at 2026-04-20 23:17:48.953785
# Averaged across 1 repeated sample(s)
# Data collected at 2026-04-20 23:17:48.953785 
#       usec        frac
      23.490  0.99999852
      23.740  0.99999557
      24.090  0.99999114
      24.340  0.99998672
      24.600  0.99998229
      24.870  0.99997786
      25.120  0.99996900
      25.390  0.99994981
      25.650  0.99993358
      25.940  0.99991439
      26.200  0.99988339
      26.470  0.99982139
      26.740  0.99977563
      27.010  0.99967969
      27.290  0.99958965
      27.580  0.99950551
      27.860  0.99938004
      28.140  0.99922063
      28.430  0.99902726
      28.720  0.99881323
      29.010  0.99857705
      29.310  0.99829069
      29.610  0.99793791
      29.910  0.99749213
      30.210  0.99706554
      30.520  0.99657843
      30.830  0.99604999
      31.140  0.99544037
      31.460  0.99474661
      31.780  0.99397757
      32.100  0.99324395
      32.430  0.99236568
      32.760  0.99144017
      33.090  0.99046743
      33.430  0.98941203
      33.770  0.98824887
      34.110  0.98704439
      34.460  0.98571886
      34.810  0.98440219
      35.160  0.98307814
      35.520  0.98164634
      35.880  0.98007726
      36.240  0.97848604
      36.610  0.97683577
      36.980  0.97513237
      37.350  0.97337140
      37.730  0.97154695
      38.110  0.96959557
      38.500  0.96762942
      38.890  0.96560275
      39.280  0.96351704
      39.680  0.96138705
      40.080  0.95917735
      40.490  0.95688498
      40.900  0.95460738
      41.310  0.95226336
      41.730  0.94988391
      42.150  0.94741884
      42.580  0.94489473
      43.010  0.94237358
      43.450  0.93972548
      43.890  0.93705081
      44.330  0.93433776
      44.780  0.93164390
      45.230  0.92872420
      45.690  0.92573808
      46.150  0.92280952
      46.620  0.91982192
      47.090  0.91674724
      47.570  0.91359284
      48.050  0.91031740
      48.540  0.90698883
      49.030  0.90361154
      49.530  0.90024459
      50.030  0.89685254
      50.540  0.89317708
      51.050  0.88968762
      51.570  0.88614648
      52.090  0.88250203
      52.620  0.87867453
      53.150  0.87481457
      53.690  0.87101660
      54.230  0.86702673
      54.780  0.86292174
      55.330  0.85870160
      55.890  0.85458332
      56.450  0.85045176
      57.020  0.84634528
      57.600  0.84202330
      58.180  0.83773379
      58.770  0.83325830
      59.360  0.82867210
      59.960  0.82413608
      60.560  0.81948051
      61.170  0.81488692
      61.790  0.80992432
      62.410  0.80498534
      63.040  0.80015558
      63.680  0.79531697
      64.320  0.79035879
      64.970  0.78553494
      65.620  0.78048230
      66.280  0.77546803
      66.950  0.77014083
      67.620  0.76494206
      68.300  0.75983627
      68.990  0.75459912
      69.680  0.74933244
      70.380  0.74379121
      71.090  0.73832231
      71.810  0.73271023
      72.530  0.72725904
      73.260  0.72168976
      74.000  0.71586808
      74.750  0.71034013
      75.500  0.70477676
      76.260  0.69903331
      77.030  0.69324410
      77.810  0.68736632
      78.590  0.68159925
      79.380  0.67556353
      80.180  0.66984222
      80.990  0.66402349
      81.800  0.65808667
      82.620  0.65211590
      83.450  0.64620417
      84.290  0.64006808
      85.140  0.63406336
      86.000  0.62789774
      86.870  0.62170851
      87.740  0.61565656
      88.620  0.60951604
      89.480  0.60341980
      90.370  0.59738556
      91.220  0.59141036
      92.120  0.58549568
      93.010  0.57964004
      93.890  0.57384345
      94.730  0.56810442
      95.600  0.56242297
      96.460  0.55679760
      97.310  0.55122833
      98.170  0.54571514
      99.020  0.54025657
      99.890  0.53485262
     100.760  0.52950328
     101.630  0.52420708
     102.480  0.51896402
     103.340  0.51377410
     104.170  0.50863584
     105.010  0.50354925
     105.840  0.49851284
     106.680  0.49352662
     107.540  0.48859059
     108.370  0.48370327
     109.210  0.47886613
     110.050  0.47407623
     110.880  0.46933504
     111.740  0.46464108
     112.590  0.45999436
     113.430  0.45539340
     114.270  0.45083820
     115.100  0.44632875
     115.950  0.44186507
     116.810  0.43744566
     117.610  0.43307054
     118.450  0.42873970
     119.260  0.42445167
     120.100  0.42020645
     120.910  0.41600403
     121.760  0.41184294
     122.580  0.40772318
     123.390  0.40364475
     124.240  0.39960766
     125.070  0.39561041
     125.890  0.39165303
     126.700  0.38773549
     127.530  0.38385781
     128.380  0.38001851
     129.220  0.37621759
     130.080  0.37245504
     130.900  0.36872940
     131.720  0.36504066
     132.530  0.36138882
     133.370  0.35777388
     134.210  0.35419585
     135.050  0.35065324
     135.880  0.34714606
     136.730  0.34367430
     137.590  0.34023650
     138.410  0.33683412
     139.270  0.33346569
     140.120  0.33012973
     140.940  0.32682773
     141.770  0.32355820
     142.620  0.32032114
     143.500  0.31711655
     144.310  0.31394444
     145.180  0.31080481
     146.000  0.30769617
     146.840  0.30461853
     147.680  0.30157188
     148.510  0.29855476
     149.350  0.29556864
     150.190  0.29261204
     151.020  0.28968496
     151.900  0.28678740
     152.740  0.28391936
     153.580  0.28107937
     154.430  0.27826743
     155.290  0.27548353
     156.130  0.27272768
     157.000  0.26999987
     157.840  0.26729863
     158.670  0.26462544
     159.490  0.26197881
     160.360  0.25935876
     161.240  0.25676380
     162.100  0.25419541
     162.950  0.25165211
     163.860  0.24913538
     164.740  0.24664375
     165.600  0.24417721
     166.450  0.24173428
     167.330  0.23931645
     168.160  0.23692224
     169.060  0.23455165
     169.950  0.23220467
     170.830  0.22988131
     171.660  0.22758156
     172.520  0.22530544
     173.390  0.22305145
     174.310  0.22081961
     175.190  0.21861139
     176.080  0.21642383
     176.990  0.21425841
     177.900  0.21211513
     178.790  0.20999252
     179.690  0.20789204
     180.620  0.20581224
     181.540  0.20375310
     182.480  0.20171462
     183.390  0.19969681
     184.300  0.19769967
     185.230  0.19572171
     186.160  0.19376442
     187.070  0.19182632
     187.990  0.18990741
     188.870  0.18800768
     189.770  0.18612715
     190.690  0.18426580
     191.630  0.18242217
     192.540  0.18059773
     193.460  0.17879100
     194.430  0.17700198
     195.340  0.17523068
     196.300  0.17347708
     197.280  0.17174121
     198.240  0.17002304
     199.180  0.16832259
     200.160  0.16663838
     201.100  0.16497187
     202.040  0.16332161
     203.010  0.16168758
     203.940  0.16006979
     204.880  0.15846824
     205.870  0.15688292
     206.800  0.15531384
     207.800  0.15375952
     208.740  0.15222144
     209.690  0.15069812
     210.720  0.14919103
     211.760  0.14769871
     212.770  0.14622114
     213.700  0.14475834
     214.700  0.14331030
     215.700  0.14187702
     216.670  0.14045703
     217.670  0.13905179
     218.680  0.13765984
     219.710  0.13628265
     220.710  0.13491875
     221.760  0.13356813
     222.820  0.13223227
     223.860  0.13090970
     224.830  0.12960041
     225.920  0.12830440
     226.930  0.12702021
     228.050  0.12574930
     229.070  0.12449167
     230.160  0.12324586
     231.270  0.12201332
     232.310  0.12079260
     233.340  0.11958368
     234.380  0.11838658
     235.420  0.11720128
     236.450  0.11602779
     237.540  0.11486611
     238.690  0.11371624
     239.740  0.11257818
     240.750  0.11145192
     241.750  0.11033600
     242.860  0.10923189
     243.900  0.10813811
     245.050  0.10705614
     246.230  0.10598450
     247.370  0.10492319
     248.490  0.10387369
     249.650  0.10283453
     250.760  0.10180570
     251.970  0.10078720
     253.190  0.09977903
     254.330  0.09878120
     255.490  0.09779222
     256.660  0.09681357
     257.890  0.09584526
     259.110  0.09488580
     260.370  0.09393668
     261.580  0.09299641
     262.820  0.09206500
     263.980  0.09114392
     265.220  0.09023170
     266.480  0.08932834
     267.710  0.08843383
     268.940  0.08754818
     270.170  0.08667138
     271.450  0.08580344
     272.650  0.08494436
     273.820  0.08409413
     275.130  0.08325276
     276.430  0.08241877
     277.710  0.08159364
     279.020  0.08077737
     280.330  0.07996847
     281.670  0.07916843
     282.960  0.07837577
     284.280  0.07759197
     285.580  0.07681555
     286.970  0.07604651
     288.240  0.07528485
     289.530  0.07453057
     290.830  0.07378514
     292.270  0.07304710
     293.630  0.07231644
     295.010  0.07159316
     296.470  0.07087578
     297.870  0.07016578
     299.300  0.06946316
     300.830  0.06876793
     302.230  0.06808007
     303.600  0.06739812
     304.970  0.06672355
     306.390  0.06605488
     307.960  0.06539359
     309.450  0.06473821
     310.890  0.06409021
     312.300  0.06344811
     313.840  0.06281339
     315.250  0.06218458
     316.650  0.06156167
     318.360  0.06094467
     319.990  0.06033504
     321.480  0.05973132
     322.940  0.05913351
     324.590  0.05854160
     326.250  0.05795559
     327.860  0.05737549
     329.410  0.05680129
     331.030  0.05623300
     332.420  0.05567061
     334.060  0.05511265
     335.810  0.05456059
     337.420  0.05401444
     339.050  0.05347419
     340.730  0.05293837
     342.310  0.05240846
     344.000  0.05188297
     345.770  0.05136339
     347.410  0.05084971
     349.130  0.05034046
     351.070  0.04983564
     352.990  0.04933672
     354.830  0.04884223
     356.610  0.04835365
     358.690  0.04786949
     360.400  0.04738976
     362.100  0.04691446
     364.020  0.04644507
     365.990  0.04598010
     367.850  0.04551956
     369.920  0.04506345
     371.750  0.04461177
     373.800  0.04416451
     375.820  0.04372169
     377.720  0.04328329
     379.690  0.04284932
     381.680  0.04241978
     383.760  0.04199467
     385.840  0.04157398
     387.960  0.04115772
     390.090  0.04074590
     392.450  0.04033702
     394.530  0.03993257
     396.620  0.03953255
     398.730  0.03913696
     400.660  0.03874432
     402.860  0.03835611
     404.820  0.03797233
     407.260  0.03759150
     409.380  0.03721510
     411.560  0.03684165
     413.970  0.03647263
     416.170  0.03610656
     418.560  0.03574491
     420.950  0.03538623
     423.590  0.03503196
     426.030  0.03468066
     428.070  0.03433378
     430.660  0.03398985
     433.310  0.03364887
     435.730  0.03331232
     437.940  0.03297873
     440.230  0.03264808
     442.620  0.03232039
     445.200  0.03199713
     447.420  0.03167682
     450.070  0.03135946
     452.520  0.03104505
     454.980  0.03073360
     457.890  0.03042510
     460.590  0.03011955
     463.630  0.02981695
     466.250  0.02951878
     468.910  0.02922356
     471.630  0.02893130
     474.430  0.02864199
     477.820  0.02835415
     480.550  0.02806926
     483.550  0.02778733
     486.370  0.02750835
     489.210  0.02723232
     492.290  0.02695925
     495.390  0.02668912
     498.770  0.02642195
     501.730  0.02615773
     504.710  0.02589499
     507.580  0.02563520
     510.490  0.02537836
     513.440  0.02512447
     516.930  0.02487206
     520.320  0.02462260
     523.940  0.02437610
     527.830  0.02413106
     530.990  0.02388899
     534.590  0.02364986
     538.080  0.02341221
     541.400  0.02317751
     545.200  0.02294429
     549.220  0.02271402
     552.860  0.02248670
     556.180  0.02226086
     559.620  0.02203797
     563.190  0.02181656
     566.560  0.02159810
     570.560  0.02138112
     574.650  0.02116708
     578.210  0.02095453
     581.980  0.02074492
     585.810  0.02053679
     590.430  0.02033014
     594.260  0.02012644
     598.510  0.01992422
     602.810  0.01972495
     606.770  0.01952715
     611.140  0.01933083
     615.320  0.01913746
     619.500  0.01894557
     624.030  0.01875516
     628.180  0.01856622
     632.970  0.01838023
     637.290  0.01819572
     641.630  0.01801269
     645.510  0.01783113
     650.080  0.01765252
     655.100  0.01747539
     659.970  0.01729974
     664.900  0.01712556
     670.330  0.01695286
     675.260  0.01678311
     679.760  0.01661483
     685.090  0.01644803
     689.950  0.01628271
     695.590  0.01611887
     699.980  0.01595650
     706.140  0.01579560
     711.040  0.01563619
     715.470  0.01547972
     721.140  0.01532473
     725.670  0.01517122
     730.770  0.01501918
     735.850  0.01486862
     740.510  0.01471954
     745.460  0.01457193
     751.630  0.01442579
     757.610  0.01428114
     762.250  0.01413796
     767.820  0.01399625
     774.770  0.01385603
     779.590  0.01371727
     786.330  0.01358000
     791.440  0.01344420
     797.680  0.01330840
     803.030  0.01317407
     808.990  0.01304123
     814.530  0.01290985
     820.500  0.01277996
     826.430  0.01265154
     831.700  0.01252460
     837.200  0.01239913
     844.110  0.01227366
     850.440  0.01214967
     856.990  0.01202715
     863.690  0.01190611
     871.440  0.01178655
     876.610  0.01166847
     884.460  0.01155038
     889.550  0.01143377
     896.000  0.01131863
     903.130  0.01120497
     909.730  0.01109279
     915.160  0.01098061
     922.470  0.01086990
     929.390  0.01076067
     935.880  0.01065292
     942.560  0.01054516
     950.230  0.01043888
     957.490  0.01033408
     966.090  0.01022928
     973.080  0.01012595
     981.170  0.01002410
     988.810  0.00992373
     996.370  0.00982336
    1003.250  0.00972446
    1009.230  0.00962704
    1016.090  0.00952962
    1024.980  0.00943367
    1031.780  0.00933920
    1040.020  0.00924473
    1049.040  0.00915174
    1055.550  0.00905874
    1062.510  0.00896723
    1070.650  0.00887719
    1078.990  0.00878714
    1086.500  0.00869858
    1095.170  0.00861149
    1103.940  0.00852440
    1112.710  0.00843879
    1121.930  0.00835317
    1129.020  0.00826904
    1137.160  0.00818490
    1147.250  0.00810224
    1156.340  0.00802105
    1164.860  0.00793987
    1171.750  0.00786016
    1181.860  0.00778045
    1190.410  0.00770222
    1200.380  0.00762399
    1209.650  0.00754723
    1219.270  0.00747047
    1229.780  0.00739519
    1237.970  0.00731991
    1248.510  0.00724611
    1255.650  0.00717231
    1263.740  0.00709998
    1271.720  0.00702765
    1284.450  0.00695827
    1295.370  0.00688742
    1306.020  0.00681804
    1315.580  0.00674867
    1328.520  0.00668077
    1336.600  0.00661287
    1347.630  0.00654644
    1361.320  0.00648150
    1370.730  0.00641655
    1381.280  0.00635160
    1393.650  0.00628665
    1407.660  0.00622318
    1420.950  0.00615971
    1431.770  0.00609771
    1444.350  0.00603572
    1457.220  0.00597520
    1469.330  0.00591468
    1478.760  0.00585416
    1492.590  0.00579512
    1507.670  0.00573902
    1522.380  0.00568146
    1531.650  0.00562389
    1542.990  0.00556632
    1552.930  0.00551023
    1564.620  0.00545414
    1578.010  0.00539952
    1588.740  0.00534491
    1602.050  0.00529029
    1611.280  0.00523716
    1624.780  0.00518402
    1639.580  0.00513088
    1654.170  0.00507921
    1667.230  0.00502755
    1684.040  0.00498032
    1697.220  0.00493013
    1707.840  0.00487994
    1725.420  0.00483566
    1737.220  0.00478695
    1749.920  0.00473824
    1762.390  0.00468953
    1779.240  0.00464229
    1791.170  0.00459506
    1804.860  0.00454782
    1816.400  0.00450206
    1833.800  0.00445631
    1846.240  0.00441055
    1864.100  0.00436626
    1879.600  0.00432198
    1890.940  0.00427770
    1905.490  0.00423489
    1924.740  0.00420389
    1939.940  0.00416109
    1955.890  0.00411828
    1972.750  0.00407695
    1993.140  0.00403857
    2009.900  0.00399724
    2030.230  0.00396182
    2050.860  0.00392344
    2071.430  0.00388949
    2092.330  0.00385111
    2114.180  0.00381421
    2131.400  0.00377583
    2152.920  0.00373745
    2170.440  0.00369907
    2189.130  0.00366069
    2208.490  0.00362379
    2223.410  0.00358689
    2245.190  0.00354999
    2269.420  0.00352194
    2286.540  0.00348652
    2309.640  0.00345257
    2333.210  0.00342304
    2352.750  0.00338762
    2371.340  0.00335367
    2391.910  0.00331972
    2414.180  0.00328577
    2441.210  0.00325920
    2466.530  0.00322525
    2492.020  0.00320458
    2518.100  0.00317654
    2543.370  0.00314702
    2568.010  0.00311454
    2594.400  0.00308945
    2618.290  0.00305845
    2640.710  0.00302745
    2665.440  0.00299646
    2691.130  0.00296546
    2721.400  0.00294922
    2750.630  0.00292118
    2780.720  0.00289165
    2809.240  0.00287099
    2837.370  0.00284147
    2866.560  0.00281637
    2895.390  0.00279571
    2919.090  0.00276766
    2948.440  0.00274109
    2978.660  0.00272486
    3011.460  0.00270714
    3036.560  0.00267910
    3067.480  0.00266138
    3098.590  0.00263334
    3132.090  0.00260972
    3168.350  0.00259053
    3200.660  0.00257725
    3245.620  0.00256249
    3278.800  0.00255068
    3315.280  0.00253296
    3357.730  0.00251820
    3391.700  0.00250492
    3426.660  0.00248278
    3461.260  0.00246064
    3496.210  0.00245030
    3532.640  0.00242816
    3569.030  0.00241488
    3621.160  0.00240159
    3657.850  0.00237798
    3701.450  0.00236617
    3745.080  0.00234550
    3784.970  0.00232631
    3827.350  0.00231450
    3876.540  0.00230417
    3917.110  0.00229384
    3959.770  0.00228941
    4005.110  0.00227465
    4045.710  0.00226432
    4090.480  0.00225546
    4141.430  0.00223480
    4183.620  0.00222299
    4235.040  0.00221118
    4278.040  0.00219937
    4321.220  0.00219346
    4365.140  0.00217575
    4412.610  0.00216542
    4463.580  0.00215951
    4523.370  0.00215213
    4579.290  0.00214771
    4625.950  0.00213295
    4678.250  0.00211818
    4729.260  0.00211376
    4786.090  0.00210638
    4836.370  0.00209752
    4887.190  0.00209014
    4940.920  0.00208276
    4990.430  0.00207981
    5050.700  0.00207390
    5109.680  0.00206505
    5169.520  0.00205766
    5228.790  0.00205176
    5282.950  0.00204290
    5336.420  0.00202667
    5419.020  0.00202076
    5478.800  0.00201486
    5534.010  0.00201191
    5603.500  0.00200010
    5691.670  0.00199272
    5779.980  0.00198976
    5841.210  0.00198534
    5928.000  0.00198091
    6049.720  0.00197648
    6124.090  0.00197205
    6195.360  0.00196910
    6271.970  0.00196467
    6371.640  0.00196024
    6451.990  0.00195434
    6539.410  0.00195286
    6617.260  0.00194991
    6687.210  0.00194843
    6904.240  0.00194548
    7027.190  0.00194253
    7250.150  0.00194105
    7709.010  0.00193810
    7801.100  0.00193515
    7889.200  0.00193367
    8006.590  0.00192925
    8379.720  0.00192629
    8511.330  0.00192334
    8816.670  0.00192186
    8924.420  0.00191891
    9494.550  0.00191744
    9708.030  0.00191448
    9907.270  0.00191153
   10081.420  0.00190858
   10251.520  0.00190563
   10493.750  0.00190415
   10611.970  0.00190120
   11089.250  0.00189825
   11262.240  0.00189677
   11640.330  0.00189530
   36078.190  0.00189382
   36945.920  0.00189234
   37365.780  0.00189087
   37952.350  0.00188791
   38434.210  0.00188644
   39031.350  0.00188201
   39517.560  0.00187168
   39915.270  0.00186282
   40347.350  0.00185249
   40663.920  0.00183330
   41030.060  0.00181411
   41360.830  0.00179492
   41681.630  0.00177573
   41866.220  0.00175654
   42090.240  0.00173883
   42302.420  0.00172112
   42552.170  0.00170340
   42745.430  0.00168569
   42948.200  0.00166798
   43164.440  0.00165026
   43394.880  0.00163255
   43558.890  0.00161484
   43689.510  0.00159860
   44070.270  0.00158236
   44213.350  0.00156613
   44327.990  0.00154989
   44478.880  0.00153365
   44604.880  0.00151742
   44773.870  0.00150118
   45012.810  0.00148494
   45243.830  0.00146871
   45410.750  0.00145395
   45500.610  0.00143918
   45619.350  0.00142442
   45753.470  0.00140966
   45886.740  0.00139490
   46042.950  0.00138014
   46190.440  0.00136538
   46326.830  0.00135062
   46472.790  0.00133586
   46607.540  0.00132110
   46801.430  0.00130781
   46923.740  0.00129453
   47048.730  0.00128124
   47215.650  0.00126796
   47300.080  0.00125467
   47403.160  0.00124139
   47510.720  0.00122810
   47584.210  0.00121482
   47668.500  0.00120153
   47824.680  0.00118825
   48020.900  0.00117496
   48108.030  0.00116316
   48213.980  0.00115135
   48262.310  0.00113954
   48332.820  0.00112773
   48416.630  0.00111592
   48511.490  0.00110411
   48632.320  0.00109230
   48795.960  0.00108050
   48910.980  0.00106869
   49071.230  0.00105688
   49228.050  0.00104507
   49326.360  0.00103326
   49429.270  0.00102293
   49532.630  0.00101260
   49654.930  0.00100226
   49826.390  0.00099193
   50016.050  0.00098160
   50162.300  0.00097127
   50467.230  0.00096093
   50653.850  0.00095060
   50971.990  0.00094027
   51361.850  0.00092993
   51889.540  0.00092108
   52256.130  0.00091075
   52922.350  0.00090041
   53342.810  0.00089008
   53543.540  0.00087975
   53851.660  0.00087089
   54823.250  0.00086351
   55518.140  0.00085761
   56835.000  0.00085613
   57600.220  0.00085318
   58311.520  0.00085023
  109454.200  0.00084727
  110747.490  0.00084285
  113138.970  0.00083694
  114439.270  0.00083251
  116516.070  0.00083104
  117775.940  0.00082661
  118606.800  0.00081775
  194193.370  0.00081480
  195669.820  0.00080594
  196829.200  0.00079709
  197093.780  0.00078823
  197348.080  0.00077937
  197610.780  0.00077052
  198139.100  0.00076166
  198314.060  0.00075280
  198547.880  0.00074395
  198736.490  0.00073509
  198906.810  0.00072771
  199053.700  0.00072033
  199103.620  0.00071295
  199188.770  0.00070557
  199287.390  0.00069819
  199368.590  0.00069081
  199426.390  0.00068343
  199514.730  0.00067605
  199632.260  0.00066867
  199690.600  0.00066129
  199729.700  0.00065391
  199913.000  0.00064653
  200057.090  0.00063915
  200250.080  0.00063177
  200370.500  0.00062438
  200401.800  0.00061700
  200535.930  0.00060962
  200653.050  0.00060224
  200744.800  0.00059486
  200848.100  0.00058748
  200903.540  0.00058158
  201010.160  0.00057567
  201091.700  0.00056977
  201149.410  0.00056387
  201258.200  0.00055796
  201338.320  0.00055206
  201404.510  0.00054615
  201541.530  0.00054025
  201609.120  0.00053434
  201704.760  0.00052844
  201801.320  0.00052253
  201872.080  0.00051663
  201940.670  0.00051073
  201960.830  0.00050482
  202095.820  0.00049892
  202179.570  0.00049301
  202211.520  0.00048711
  202253.130  0.00048120
  202283.410  0.00047530
  202316.000  0.00046940
  202381.080  0.00046349
  202476.590  0.00045759
  202637.980  0.00045168
  202681.040  0.00044578
  202717.130  0.00043987
  202809.360  0.00043545
  202829.450  0.00043102
  202889.560  0.00042659
  202906.560  0.00042216
  202995.720  0.00041773
  203039.000  0.00041330
  203127.020  0.00040888
  203242.320  0.00040445
  203256.270  0.00040002
  203312.980  0.00039559
  203403.780  0.00039116
  203427.890  0.00038673
  203474.030  0.00038231
  203526.520  0.00037788
  203594.550  0.00037345
  203632.390  0.00036902
  203711.200  0.00036459
  203742.630  0.00036017
  203771.100  0.00035574
  203819.570  0.00035131
  203840.760  0.00034688
  203857.280  0.00034245
  203929.890  0.00033802
  203947.470  0.00033360
  203976.510  0.00032917
  204018.320  0.00032474
  204027.840  0.00032031
  204124.000  0.00031588
  204211.340  0.00031145
  204300.290  0.00030703
  204331.790  0.00030260
  204343.160  0.00029817
  204371.330  0.00029374
  204392.420  0.00029079
  204444.250  0.00028784
  204448.210  0.00028488
  204588.190  0.00028193
  204601.370  0.00027898
  204622.460  0.00027603
  204645.510  0.00027308
  204658.230  0.00027012
  204696.900  0.00026717
  204742.150  0.00026422
  204753.040  0.00026127
  204768.230  0.00025832
  204777.010  0.00025536
  204847.380  0.00025241
  204886.460  0.00024946
  204894.860  0.00024651
  204951.990  0.00024355
  204963.340  0.00024060
  204973.060  0.00023765
  205039.250  0.00023470
  205062.720  0.00023175
  205119.800  0.00022879
  205169.540  0.00022584
  205284.890  0.00022289
  205343.380  0.00021994
  205361.130  0.00021698
  205399.350  0.00021403
  205446.820  0.00021108
  205456.790  0.00020813
  205468.520  0.00020518
  205612.480  0.00020222
  205669.450  0.00019927
  205689.400  0.00019632
  205769.400  0.00019337
  205779.910  0.00019042
  205839.550  0.00018746
  205864.350  0.00018451
  205890.760  0.00018156
  205956.220  0.00017861
  205986.040  0.00017565
  206004.050  0.00017270
  206041.810  0.00016975
  206054.200  0.00016680
  206139.300  0.00016385
  206194.880  0.00016089
  206239.080  0.00015794
  206316.550  0.00015499
  206332.560  0.00015204
  206378.600  0.00014908
  206472.700  0.00014613
  206486.970  0.00014466
  206491.760  0.00014318
  206500.180  0.00014170
  206515.950  0.00014023
  206524.520  0.00013875
  206594.360  0.00013728
  206597.690  0.00013580
  206646.690  0.00013432
  206655.150  0.00013285
  206675.160  0.00013137
  206711.900  0.00012990
  206778.990  0.00012842
  206784.070  0.00012694
  206799.630  0.00012547
  206801.710  0.00012399
  206931.590  0.00012252
  206967.270  0.00012104
  206995.910  0.00011956
  207014.370  0.00011809
  207020.360  0.00011661
  207080.470  0.00011513
  207209.120  0.00011366
  207212.360  0.00011218
  207218.450  0.00011071
  207276.390  0.00010923
  207341.430  0.00010775
  207403.630  0.00010628
  207407.080  0.00010480
  207418.340  0.00010333
  207470.190  0.00010185
  207491.800  0.00010037
  207506.430  0.00009890
  207506.480  0.00009742
  207532.420  0.00009595
  207679.720  0.00009447
  207710.820  0.00009299
  207723.410  0.00009152
  207728.180  0.00009004
  207753.690  0.00008857
  207777.590  0.00008709
  207820.200  0.00008561
  207831.170  0.00008414
  207865.430  0.00008266
  207876.150  0.00008118
  207941.620  0.00007971
  207943.840  0.00007823
  208019.780  0.00007676
  208023.120  0.00007528
  208051.790  0.00007380
  208081.610  0.00007233
  208185.270  0.00007085
  208475.940  0.00006938
  208620.920  0.00006790
  208648.030  0.00006642
  208661.690  0.00006495
  208740.460  0.00006347
  208775.370  0.00006200
  208809.910  0.00006052
  208903.600  0.00005904
  208933.550  0.00005757
  209004.070  0.00005609
  209026.390  0.00005462
  209030.470  0.00005314
  209099.040  0.00005166
  209120.760  0.00005019
  209323.670  0.00004871
  209400.300  0.00004723
  209436.080  0.00004576
  209520.370  0.00004428
  209537.550  0.00004281
  209667.210  0.00004133
  209751.150  0.00003985
  209791.200  0.00003838
  209805.660  0.00003690
  209817.560  0.00003543
  209922.360  0.00003395
  209966.700  0.00003247
  209982.890  0.00003100
  210042.820  0.00002952
  210079.290  0.00002805
  210352.540  0.00002657
  210376.160  0.00002509
  210718.510  0.00002362
  210945.680  0.00002214
  211011.360  0.00002067
  211151.330  0.00001919
  212270.050  0.00001771
  212753.720  0.00001624
  212823.590  0.00001476
  213029.070  0.00001328
  213084.710  0.00001181
  213387.650  0.00001033
  213399.500  0.00000886
  214211.890  0.00000738
  214639.680  0.00000590
  214851.520  0.00000443
  215543.640  0.00000295
  215867.330  0.00000148
  216452.120  0.00000000
