# Fraction of RTTS longer than a given time for dctcp_w3 experiment
# Includes messages <= 36 bytes; measured at 2026-04-20 23:17:48.953785
# Averaged across 1 repeated sample(s)
# Data collected at 2026-04-20 23:17:48.953785 
#       usec        frac
      23.180  0.99999732
      25.150  0.99999464
      25.440  0.99998391
      25.860  0.99997050
      26.180  0.99995977
      26.550  0.99993564
      26.830  0.99991686
      27.110  0.99987664
      27.390  0.99983105
      27.670  0.99977741
      27.960  0.99971305
      28.240  0.99962723
      28.530  0.99951460
      28.820  0.99943683
      29.110  0.99932687
      29.410  0.99919815
      29.710  0.99903724
      30.010  0.99887633
      30.320  0.99870202
      30.630  0.99844188
      30.940  0.99821393
      31.250  0.99784385
      31.570  0.99747644
      31.890  0.99707149
      32.210  0.99663168
      32.540  0.99611678
      32.870  0.99560992
      33.200  0.99507624
      33.540  0.99454525
      33.880  0.99389358
      34.220  0.99319095
      34.570  0.99245882
      34.920  0.99162479
      35.270  0.99087925
      35.630  0.98999158
      35.990  0.98912804
      36.350  0.98831010
      36.720  0.98733125
      37.090  0.98640067
      37.470  0.98526091
      37.850  0.98424451
      38.230  0.98307526
      38.620  0.98185236
      39.010  0.98071260
      39.410  0.97948971
      39.810  0.97819709
      40.210  0.97685352
      40.620  0.97551262
      41.030  0.97408860
      41.450  0.97257875
      41.870  0.97099918
      42.290  0.96948129
      42.720  0.96786954
      43.150  0.96627119
      43.590  0.96457899
      44.030  0.96284119
      44.480  0.96104439
      44.930  0.95913765
      45.380  0.95724162
      45.840  0.95536706
      46.300  0.95348981
      46.770  0.95156160
      47.240  0.94961999
      47.720  0.94743702
      48.200  0.94523795
      48.690  0.94322662
      49.180  0.94077546
      49.680  0.93840745
      50.180  0.93598848
      50.690  0.93345151
      51.200  0.93109154
      51.720  0.92864843
      52.240  0.92609001
      52.770  0.92360668
      53.300  0.92090076
      53.840  0.91818679
      54.380  0.91526901
      54.930  0.91251214
      55.480  0.90966140
      56.040  0.90666853
      56.610  0.90360325
      57.180  0.90048701
      57.760  0.89724473
      58.340  0.89425454
      58.930  0.89106590
      59.520  0.88778876
      60.120  0.88461621
      60.730  0.88145975
      61.340  0.87812093
      61.960  0.87451661
      62.580  0.87111074
      63.210  0.86758688
      63.850  0.86395306
      64.490  0.86038628
      65.140  0.85672028
      65.800  0.85302210
      66.460  0.84925420
      67.130  0.84543802
      67.810  0.84160306
      68.490  0.83793975
      69.180  0.83391975
      69.880  0.82991585
      70.580  0.82597630
      71.290  0.82179808
      72.010  0.81732487
      72.740  0.81297233
      73.470  0.80862516
      74.210  0.80415730
      74.960  0.79982890
      75.710  0.79558900
      76.470  0.79115601
      77.240  0.78660770
      78.020  0.78196017
      78.810  0.77728850
      79.600  0.77261951
      80.400  0.76787007
      81.210  0.76325472
      82.030  0.75846237
      82.860  0.75364589
      83.690  0.74876504
      84.530  0.74379301
      85.380  0.73863594
      86.240  0.73371486
      87.110  0.72853902
      87.990  0.72337926
      88.870  0.71853328
      89.760  0.71356393
      90.660  0.70845513
      91.570  0.70328465
      92.490  0.69822144
      93.420  0.69304023
      94.360  0.68768471
      95.310  0.68253836
      96.270  0.67728475
      97.240  0.67203918
      98.220  0.66669438
      99.210  0.66126108
     100.210  0.65556229
     101.220  0.65043740
     102.240  0.64492365
     103.270  0.63932140
     104.310  0.63385592
     105.360  0.62815177
     106.420  0.62289547
     107.490  0.61707063
     108.570  0.61136379
     109.660  0.60593586
     110.760  0.60038993
     111.870  0.59467237
     112.990  0.58907280
     114.120  0.58337133
     115.270  0.57774226
     116.430  0.57215342
     117.600  0.56654313
     118.780  0.56097306
     119.940  0.55536277
     121.140  0.55000188
     122.340  0.54450154
     123.540  0.53905483
     124.720  0.53366176
     125.890  0.52832501
     127.060  0.52303921
     128.240  0.51780705
     129.480  0.51262852
     130.670  0.50750095
     131.900  0.50242433
     133.070  0.49739867
     134.250  0.49242396
     135.470  0.48749752
     136.720  0.48262203
     137.950  0.47779482
     139.150  0.47301588
     140.360  0.46828521
     141.550  0.46360014
     142.780  0.45896333
     144.050  0.45437211
     145.290  0.44982649
     146.530  0.44532645
     147.670  0.44087201
     148.890  0.43646315
     150.120  0.43209721
     151.380  0.42777417
     152.600  0.42349404
     153.860  0.41925682
     155.150  0.41506251
     156.390  0.41091111
     157.610  0.40679993
     158.880  0.40273167
     160.160  0.39870363
     161.420  0.39471581
     162.650  0.39076822
     163.860  0.38685818
     165.130  0.38298837
     166.430  0.37915610
     167.650  0.37536405
     168.880  0.37160955
     170.150  0.36789260
     171.430  0.36421319
     172.700  0.36056865
     173.980  0.35696165
     175.270  0.35338951
     176.570  0.34985492
     177.880  0.34635519
     179.180  0.34289032
     180.470  0.33946032
     181.730  0.33606518
     183.020  0.33270222
     184.290  0.32937413
     185.610  0.32607821
     186.880  0.32281716
     188.170  0.31958829
     189.530  0.31639160
     190.860  0.31322710
     192.230  0.31009477
     193.520  0.30699195
     194.900  0.30392131
     196.280  0.30088016
     197.630  0.29787120
     199.030  0.29489174
     200.470  0.29194177
     201.850  0.28902131
     203.240  0.28613035
     204.680  0.28326888
     206.130  0.28043423
     207.520  0.27762909
     208.900  0.27485076
     210.380  0.27210193
     211.750  0.26937992
     213.140  0.26668472
     214.670  0.26401635
     216.140  0.26137479
     217.680  0.25876005
     219.160  0.25617213
     220.760  0.25360834
     222.290  0.25107137
     223.760  0.24855854
     225.240  0.24607253
     226.740  0.24361065
     228.320  0.24117291
     229.870  0.23875930
     231.320  0.23636983
     232.850  0.23400449
     234.330  0.23166330
     235.860  0.22934623
     237.360  0.22705063
     238.890  0.22477916
     240.620  0.22252914
     242.210  0.22030326
     243.790  0.21809883
     245.380  0.21591586
     247.050  0.21375434
     248.710  0.21161427
     250.380  0.20949566
     251.970  0.20739851
     253.570  0.20532281
     255.210  0.20326856
     256.860  0.20123577
     258.510  0.19922175
     260.170  0.19722918
     261.930  0.19525539
     263.600  0.19330037
     265.370  0.19136680
     267.170  0.18945200
     268.860  0.18755598
     270.750  0.18567873
     272.560  0.18382026
     274.380  0.18198055
     276.120  0.18015962
     277.910  0.17835746
     279.660  0.17657139
     281.480  0.17480410
     283.290  0.17305557
     285.190  0.17132314
     287.100  0.16960948
     288.920  0.16791191
     290.750  0.16623043
     292.860  0.16456772
     294.950  0.16292111
     296.970  0.16129058
     298.850  0.15967615
     300.740  0.15807780
     302.850  0.15649555
     304.750  0.15492939
     306.800  0.15337932
     308.890  0.15184534
     310.880  0.15032476
     313.090  0.14882028
     315.270  0.14733189
     317.400  0.14585691
     319.530  0.14439802
     321.780  0.14295254
     323.940  0.14152046
     326.200  0.14010448
     328.520  0.13870191
     330.740  0.13731274
     333.020  0.13593699
     335.390  0.13457732
     337.710  0.13323107
     340.140  0.13189822
     342.480  0.13057878
     344.980  0.12927275
     347.420  0.12797745
     349.930  0.12669556
     352.320  0.12542707
     354.890  0.12417200
     357.450  0.12292765
     360.050  0.12169671
     362.460  0.12047918
     364.960  0.11927238
     367.590  0.11807898
     370.500  0.11689632
     373.070  0.11572706
     375.730  0.11456853
     378.480  0.11342072
     381.380  0.11228633
     384.150  0.11116266
     386.840  0.11004972
     389.920  0.10894751
     392.930  0.10785602
     395.900  0.10677526
     399.080  0.10570523
     402.190  0.10464592
     405.110  0.10359735
     408.190  0.10255950
     411.280  0.10153237
     414.240  0.10051598
     417.430  0.09951031
     420.950  0.09851268
     424.190  0.09752579
     427.450  0.09654962
     430.890  0.09558149
     434.230  0.09462409
     437.510  0.09367742
     441.100  0.09273880
     444.800  0.09181090
     448.690  0.09089105
     452.390  0.08998192
     456.180  0.08908085
     459.770  0.08818781
     463.450  0.08730550
     467.450  0.08643124
     471.130  0.08556503
     475.330  0.08470685
     479.480  0.08385941
     483.420  0.08302001
     487.500  0.08218866
     491.810  0.08136535
     496.010  0.08055009
     500.450  0.07974287
     505.140  0.07894370
     509.660  0.07815257
     513.940  0.07736949
     518.820  0.07659446
     524.010  0.07586501
     528.730  0.07510606
     533.820  0.07435248
     538.820  0.07360695
     543.840  0.07286946
     548.680  0.07214001
     554.130  0.07141593
     558.890  0.07069989
     564.490  0.07005626
     569.540  0.06935364
     575.270  0.06869392
     581.080  0.06801006
     586.900  0.06734498
     592.790  0.06667453
     598.750  0.06609259
     604.700  0.06543019
     610.750  0.06481069
     616.870  0.06420729
     622.620  0.06356366
     628.860  0.06298172
     635.180  0.06237027
     641.540  0.06176687
     647.980  0.06117419
     654.470  0.06064052
     661.060  0.06009075
     667.710  0.05954367
     674.400  0.05899390
     681.000  0.05840391
     687.820  0.05784878
     694.720  0.05736069
     701.670  0.05685920
     708.770  0.05631480
     715.870  0.05582403
     723.050  0.05540567
     730.310  0.05494709
     737.650  0.05450191
     745.160  0.05403260
     752.650  0.05355524
     760.200  0.05306984
     767.810  0.05264880
     775.510  0.05215267
     783.280  0.05171822
     791.150  0.05130254
     799.140  0.05085468
     807.140  0.05047119
     815.220  0.05000188
     823.380  0.04955402
     831.660  0.04915712
     840.050  0.04874144
     848.460  0.04840085
     857.000  0.04800127
     865.610  0.04762582
     874.270  0.04724768
     883.100  0.04683469
     891.990  0.04638683
     900.940  0.04600334
     910.030  0.04559034
     919.150  0.04521757
     928.540  0.04485017
     937.830  0.04443986
     947.230  0.04406977
     956.840  0.04367287
     966.460  0.04332691
     976.080  0.04289247
     985.880  0.04247411
     995.940  0.04209598
    1005.990  0.04175539
    1016.090  0.04137189
    1026.270  0.04098304
    1036.660  0.04063977
    1047.040  0.04028845
    1057.620  0.03995055
    1068.230  0.03964214
    1079.030  0.03930424
    1089.840  0.03893147
    1100.800  0.03859356
    1111.890  0.03827443
    1123.120  0.03791776
    1134.360  0.03757985
    1145.770  0.03724463
    1157.410  0.03692549
    1168.640  0.03655541
    1180.340  0.03619873
    1192.300  0.03583669
    1204.240  0.03549610
    1216.400  0.03516356
    1228.650  0.03488734
    1241.050  0.03458698
    1253.580  0.03431075
    1265.960  0.03396749
    1278.790  0.03365104
    1290.740  0.03331313
    1303.810  0.03299936
    1316.560  0.03266682
    1328.920  0.03233964
    1342.270  0.03206342
    1355.770  0.03178720
    1369.450  0.03148147
    1383.480  0.03119184
    1396.400  0.03087807
    1410.200  0.03056698
    1424.080  0.03026126
    1438.430  0.02999308
    1451.530  0.02969272
    1466.110  0.02940309
    1480.870  0.02913759
    1495.020  0.02884528
    1510.230  0.02857442
    1522.840  0.02828747
    1537.420  0.02800320
    1552.830  0.02774038
    1568.360  0.02750438
    1582.930  0.02722816
    1598.760  0.02695998
    1614.750  0.02669449
    1630.350  0.02642631
    1644.920  0.02616081
    1661.630  0.02590336
    1678.320  0.02572100
    1695.220  0.02548232
    1712.310  0.02523023
    1729.450  0.02499960
    1746.780  0.02477433
    1763.380  0.02452492
    1781.090  0.02428624
    1795.540  0.02404220
    1812.210  0.02380084
    1830.480  0.02358898
    1846.880  0.02335298
    1863.380  0.02311698
    1881.710  0.02288367
    1900.530  0.02267181
    1919.450  0.02244386
    1939.370  0.02223468
    1956.620  0.02201209
    1975.050  0.02178950
    1990.830  0.02156959
    2010.770  0.02137919
    2029.160  0.02116465
    2049.600  0.02098228
    2070.230  0.02080797
    2091.030  0.02060415
    2112.090  0.02039766
    2132.170  0.02019116
    2153.630  0.01999271
    2175.040  0.01979157
    2197.230  0.01959580
    2219.290  0.01939735
    2241.650  0.01920158
    2264.450  0.01902458
    2287.190  0.01883417
    2308.900  0.01864377
    2332.830  0.01845872
    2352.960  0.01827368
    2373.640  0.01808864
    2398.510  0.01793041
    2422.710  0.01776682
    2447.710  0.01759251
    2470.410  0.01741551
    2495.340  0.01726265
    2517.460  0.01708833
    2537.900  0.01691670
    2563.330  0.01678529
    2586.600  0.01661634
    2606.640  0.01645007
    2628.780  0.01628380
    2655.180  0.01612825
    2674.220  0.01596466
    2701.510  0.01581985
    2728.790  0.01566430
    2753.540  0.01550608
    2781.430  0.01536126
    2802.180  0.01520572
    2824.440  0.01505286
    2852.740  0.01491609
    2881.780  0.01477932
    2906.860  0.01462914
    2936.200  0.01448432
    2965.860  0.01436900
    2992.150  0.01422419
    3018.360  0.01407937
    3042.640  0.01393724
    3071.830  0.01379778
    3101.830  0.01365833
    3130.050  0.01352156
    3163.620  0.01338479
    3195.570  0.01325338
    3228.810  0.01311929
    3256.840  0.01298788
    3286.440  0.01285648
    3318.850  0.01272775
    3343.130  0.01259902
    3378.420  0.01248907
    3410.090  0.01236303
    3445.160  0.01225844
    3479.680  0.01213508
    3515.480  0.01203585
    3551.330  0.01192858
    3588.050  0.01182399
    3622.110  0.01170331
    3659.390  0.01159336
    3698.220  0.01147804
    3732.630  0.01136272
    3766.390  0.01124741
    3804.210  0.01114282
    3839.040  0.01103018
    3877.620  0.01092023
    3917.610  0.01082905
    3957.720  0.01076200
    3987.700  0.01065205
    4027.810  0.01055550
    4065.900  0.01044823
    4106.850  0.01035705
    4148.740  0.01027124
    4190.250  0.01019883
    4220.140  0.01009424
    4262.450  0.01000842
    4302.700  0.00990651
    4348.590  0.00980997
    4392.440  0.00974024
    4435.790  0.00964102
    4478.040  0.00954447
    4524.020  0.00948279
    4569.540  0.00938625
    4613.590  0.00929238
    4659.800  0.00921461
    4708.590  0.00913416
    4758.690  0.00908589
    4806.460  0.00901616
    4856.300  0.00896521
    4905.260  0.00889548
    4955.920  0.00882307
    5006.810  0.00876139
    5058.650  0.00869703
    5110.610  0.00864607
    5163.340  0.00857903
    5217.600  0.00852271
    5270.640  0.00847176
    5325.230  0.00842080
    5383.830  0.00835912
    5438.340  0.00827867
    5497.220  0.00821431
    5553.350  0.00816067
    5611.130  0.00809094
    5667.820  0.00803999
    5725.560  0.00798636
    5783.340  0.00790858
    5844.820  0.00784690
    5903.590  0.00779327
    5965.560  0.00773695
    6027.070  0.00768063
    6087.680  0.00762968
    6149.790  0.00757872
    6216.850  0.00752509
    6282.770  0.00748218
    6347.300  0.00742586
    6414.550  0.00737759
    6480.660  0.00731859
    6553.410  0.00725691
    6621.210  0.00721400
    6694.750  0.00717646
    6762.540  0.00713623
    6834.490  0.00706918
    6904.440  0.00702628
    6977.800  0.00696728
    7051.920  0.00692437
    7122.780  0.00686805
    7196.790  0.00681710
    7276.500  0.00678223
    7349.340  0.00676078
    7425.780  0.00672592
    7502.330  0.00666692
    7580.770  0.00662937
    7658.710  0.00659183
    7751.980  0.00656501
    7831.560  0.00652478
    7934.310  0.00650333
    8014.710  0.00645237
    8095.750  0.00640678
    8187.300  0.00636388
    8295.500  0.00633974
    8410.040  0.00631024
    8495.720  0.00628342
    8586.320  0.00624856
    8683.250  0.00622979
    8826.380  0.00618688
    8933.360  0.00616810
    9028.680  0.00613861
    9140.520  0.00609838
    9233.890  0.00604474
    9346.780  0.00601793
    9448.390  0.00598843
    9543.460  0.00595893
    9643.980  0.00591334
    9746.020  0.00589188
    9872.490  0.00588652
    9986.130  0.00586506
   10091.190  0.00583825
   10203.900  0.00581679
   10311.070  0.00579802
   10415.780  0.00576852
   10520.530  0.00573634
   10646.220  0.00570684
   10768.770  0.00568270
   10884.930  0.00566125
   11042.650  0.00563979
   11163.010  0.00562370
   11370.490  0.00561298
   11487.710  0.00559420
   11628.770  0.00555934
   11748.510  0.00554325
   11890.970  0.00552448
   12029.960  0.00550034
   12168.850  0.00548157
   12325.040  0.00547084
   12462.580  0.00544939
   12669.100  0.00541452
   12800.280  0.00537966
   12964.700  0.00536357
   13161.490  0.00533943
   13294.680  0.00531798
   13464.670  0.00530725
   13648.330  0.00527775
   13893.580  0.00526971
   14037.700  0.00525093
   14191.170  0.00523753
   14344.450  0.00521607
   14567.190  0.00519730
   14847.800  0.00518925
   15007.200  0.00516512
   15204.540  0.00515171
   15379.190  0.00514098
   15601.170  0.00512757
   15794.330  0.00510344
   15953.060  0.00508198
   16230.160  0.00507126
   16404.500  0.00505785
   16599.970  0.00504176
   16863.460  0.00503103
   17088.060  0.00502030
   17264.910  0.00501494
   17546.780  0.00500957
   17895.130  0.00499885
   18108.020  0.00499617
   18349.090  0.00497471
   18558.710  0.00496130
   18774.990  0.00494521
   18988.480  0.00492376
   19323.850  0.00490767
   19561.630  0.00490498
   19787.160  0.00488621
   20136.110  0.00486744
   20370.800  0.00485403
   20664.390  0.00484867
   20880.580  0.00484599
   21187.590  0.00484062
   21419.370  0.00482989
   21831.300  0.00482453
   22145.510  0.00481917
   22566.700  0.00481649
   23158.560  0.00480576
   23391.210  0.00480308
   24145.550  0.00479235
   25895.280  0.00478162
   26163.560  0.00476553
   26514.510  0.00476017
   27141.510  0.00475212
   27532.980  0.00474408
   28313.340  0.00473871
   28715.580  0.00473335
   30029.560  0.00473067
   30651.860  0.00472799
   31482.410  0.00472530
   32382.690  0.00472262
   33119.110  0.00471994
   33500.590  0.00471190
   34566.370  0.00470653
   35335.580  0.00469849
   35723.780  0.00469312
   36130.010  0.00468776
   36658.760  0.00467435
   37060.620  0.00466094
   37532.350  0.00463949
   37976.430  0.00461803
   38363.410  0.00458853
   38748.090  0.00455367
   39138.980  0.00453490
   39504.960  0.00448931
   39930.030  0.00445176
   40301.320  0.00440617
   40578.220  0.00436058
   40835.810  0.00431499
   41107.910  0.00426940
   41368.850  0.00422649
   41615.310  0.00418358
   41783.320  0.00414068
   41991.020  0.00409777
   42132.420  0.00405486
   42345.520  0.00401195
   42530.070  0.00397172
   42676.720  0.00393150
   42915.250  0.00389127
   43036.100  0.00385104
   43206.140  0.00381082
   43396.980  0.00377059
   43499.350  0.00373036
   43609.430  0.00369282
   43745.210  0.00365527
   43867.590  0.00361773
   44077.650  0.00358018
   44240.560  0.00354264
   44317.300  0.00350509
   44455.250  0.00346755
   44564.890  0.00343268
   44730.780  0.00339782
   44867.020  0.00336296
   45013.020  0.00332809
   45106.490  0.00329323
   45205.280  0.00325837
   45330.090  0.00322351
   45454.610  0.00318864
   45548.430  0.00315646
   45703.010  0.00312428
   45797.630  0.00309210
   45875.960  0.00305992
   45926.860  0.00302774
   46037.560  0.00299555
   46112.610  0.00296337
   46186.680  0.00293119
   46284.640  0.00290169
   46393.520  0.00287219
   46473.690  0.00284269
   46551.270  0.00281319
   46651.720  0.00278369
   46754.030  0.00275419
   46892.990  0.00272469
   46991.230  0.00269519
   47056.930  0.00266569
   47155.660  0.00263888
   47255.070  0.00261206
   47328.120  0.00258524
   47408.650  0.00255842
   47466.400  0.00253160
   47531.650  0.00250479
   47629.510  0.00247797
   47688.770  0.00245115
   47748.990  0.00242433
   47829.010  0.00239752
   47879.710  0.00237338
   47925.350  0.00234924
   48027.740  0.00232511
   48106.860  0.00230097
   48204.680  0.00227684
   48304.850  0.00225270
   48414.460  0.00222856
   48456.270  0.00220443
   48496.310  0.00218029
   48537.440  0.00215615
   48581.170  0.00213202
   48654.270  0.00211056
   48705.350  0.00208911
   48767.350  0.00206766
   48796.540  0.00204620
   48852.850  0.00202475
   48910.640  0.00200329
   48984.480  0.00198184
   49011.930  0.00196038
   49043.980  0.00193893
   49187.290  0.00191748
   49270.960  0.00189602
   49375.920  0.00187457
   49468.950  0.00185580
   49513.830  0.00183702
   49576.830  0.00181825
   49617.560  0.00179948
   49731.590  0.00178071
   49782.090  0.00176193
   49832.180  0.00174316
   49887.610  0.00172439
   49927.590  0.00170562
   49956.570  0.00168684
   50050.440  0.00166807
   50083.560  0.00164930
   50183.040  0.00163053
   50248.530  0.00161175
   50302.560  0.00159298
   50394.570  0.00157689
   50456.260  0.00156080
   50549.730  0.00154471
   50613.370  0.00152862
   50715.560  0.00151253
   50776.720  0.00149644
   50879.680  0.00148035
   50937.530  0.00146425
   50988.110  0.00144816
   51073.670  0.00143207
   51134.500  0.00141598
   51180.840  0.00139989
   51237.330  0.00138380
   51316.360  0.00136771
   51480.960  0.00135162
   51576.420  0.00133553
   51635.870  0.00132212
   51675.990  0.00130871
   51765.760  0.00129530
   51823.210  0.00128189
   51920.410  0.00126848
   52020.250  0.00125508
   52102.320  0.00124167
   52270.630  0.00122826
   52399.930  0.00121485
   52497.460  0.00120144
   52550.580  0.00118803
   52592.100  0.00117462
   52716.380  0.00116121
   52845.430  0.00114780
   52920.550  0.00113439
   53013.520  0.00112099
   53095.800  0.00110758
   53176.840  0.00109417
   53233.690  0.00108076
   53412.080  0.00106735
   53588.370  0.00105662
   53794.290  0.00104590
   53880.900  0.00103517
   54126.340  0.00102444
   54253.490  0.00101371
   54335.360  0.00100299
   54612.620  0.00099226
   54713.400  0.00098153
   55153.120  0.00097081
   55655.260  0.00096008
   55896.060  0.00094935
   55993.950  0.00093862
   56660.180  0.00092790
   57124.730  0.00091717
   57935.480  0.00090913
   58766.270  0.00090376
   59757.280  0.00090108
  151610.080  0.00089840
  154220.850  0.00089572
  157603.620  0.00089035
  159702.950  0.00088499
  195097.860  0.00087963
  196455.400  0.00086890
  196744.570  0.00085817
  197055.050  0.00084744
  197505.230  0.00083672
  197667.080  0.00082599
  197857.140  0.00081526
  198207.940  0.00080454
  198606.050  0.00079381
  198844.520  0.00078576
  199084.560  0.00077772
  199425.220  0.00076967
  199493.880  0.00076163
  199616.460  0.00075358
  199827.660  0.00074554
  199934.580  0.00073749
  200034.420  0.00072945
  200166.720  0.00072140
  200277.410  0.00071335
  200395.190  0.00070531
  200602.970  0.00069726
  200674.070  0.00068922
  200707.940  0.00068117
  200844.240  0.00067313
  200927.640  0.00066508
  201030.320  0.00065704
  201069.010  0.00064899
  201157.670  0.00064095
  201233.160  0.00063290
  201311.230  0.00062486
  201440.310  0.00061681
  201501.060  0.00060877
  201604.140  0.00060072
  201700.200  0.00059267
  201756.220  0.00058463
  201896.290  0.00057658
  201943.010  0.00056854
  202016.940  0.00056049
  202118.060  0.00055245
  202195.780  0.00054440
  202353.000  0.00053636
  202479.520  0.00052831
  202547.470  0.00052295
  202864.420  0.00051758
  202890.940  0.00051222
  202919.900  0.00050686
  203029.810  0.00050149
  203133.920  0.00049613
  203156.450  0.00049077
  203157.910  0.00048540
  203170.660  0.00048004
  203213.280  0.00047468
  203325.810  0.00046931
  203373.840  0.00046395
  203402.320  0.00045859
  203464.780  0.00045322
  203563.410  0.00044786
  203597.450  0.00044249
  203738.620  0.00043713
  203831.550  0.00043177
  203915.900  0.00042640
  204003.120  0.00042104
  204027.750  0.00041568
  204069.360  0.00041031
  204075.230  0.00040495
  204097.720  0.00039959
  204129.640  0.00039422
  204232.820  0.00038886
  204271.640  0.00038350
  204297.340  0.00037813
  204318.750  0.00037277
  204402.800  0.00036740
  204475.620  0.00036204
  204495.170  0.00035668
  204651.350  0.00035131
  204694.190  0.00034595
  204746.830  0.00034059
  204814.720  0.00033522
  204947.320  0.00032986
  204959.610  0.00032450
  204991.300  0.00031913
  204994.500  0.00031377
  205029.020  0.00030841
  205040.360  0.00030304
  205109.770  0.00029768
  205212.840  0.00029231
  205250.040  0.00028695
  205315.110  0.00028159
  205370.550  0.00027622
  205421.480  0.00027086
  205449.990  0.00026550
  205455.420  0.00026281
  205458.290  0.00026013
  205461.430  0.00025745
  205528.150  0.00025477
  205557.470  0.00025209
  205585.440  0.00024941
  205720.440  0.00024672
  205741.710  0.00024404
  205753.180  0.00024136
  205753.220  0.00023868
  205818.500  0.00023600
  205826.330  0.00023332
  205838.030  0.00023063
  205840.670  0.00022795
  205859.120  0.00022527
  205861.860  0.00022259
  205881.280  0.00021991
  205956.660  0.00021722
  206020.930  0.00021454
  206022.080  0.00021186
  206053.350  0.00020918
  206068.650  0.00020650
  206185.790  0.00020382
  206393.660  0.00020113
  206650.070  0.00019845
  206721.300  0.00019577
  206761.560  0.00019309
  206800.650  0.00019041
  206807.800  0.00018772
  206872.000  0.00018504
  206886.210  0.00018236
  206906.070  0.00017968
  207010.970  0.00017700
  207067.750  0.00017432
  207265.370  0.00017163
  207295.270  0.00016895
  207302.480  0.00016627
  207323.890  0.00016359
  207330.480  0.00016091
  207349.200  0.00015823
  207362.090  0.00015554
  207373.530  0.00015286
  207475.770  0.00015018
  207478.720  0.00014750
  207498.440  0.00014482
  207532.740  0.00014213
  207641.130  0.00013945
  207671.930  0.00013677
  207674.420  0.00013409
  207865.990  0.00013141
  208039.010  0.00012873
  208057.380  0.00012604
  208337.240  0.00012336
  208340.190  0.00012068
  208433.230  0.00011800
  208542.060  0.00011532
  208613.220  0.00011263
  208754.840  0.00010995
  209010.370  0.00010727
  209078.320  0.00010459
  209079.400  0.00010191
  209213.630  0.00009923
  209284.660  0.00009654
  209290.530  0.00009386
  209338.740  0.00009118
  209581.810  0.00008850
  209647.970  0.00008582
  209749.960  0.00008314
  210037.670  0.00008045
  210053.580  0.00007777
  210104.540  0.00007509
  210151.750  0.00007241
  210332.160  0.00006973
  210453.910  0.00006704
  210475.360  0.00006436
  210823.710  0.00006168
  210878.810  0.00005900
  210928.980  0.00005632
  211429.070  0.00005364
  211439.800  0.00005095
  211466.150  0.00004827
  211596.770  0.00004559
  211639.260  0.00004291
  211715.890  0.00004023
  211805.290  0.00003754
  212699.820  0.00003486
  213043.440  0.00003218
  213070.260  0.00002950
  213202.510  0.00002682
  213539.300  0.00002414
  213805.240  0.00002145
  214361.590  0.00001877
  214629.330  0.00001609
  214862.770  0.00001341
  216288.590  0.00001073
  217537.980  0.00000805
  217723.780  0.00000536
  218690.010  0.00000268
  219567.630  0.00000000
