# Digested data for dctcp_w3 experiment, run at 2026-04-20 23:17:48.953785
# Averaged across 1 repeated sample(s)
# length  cum_frac  samples     p50      p99     p999   s50    s99    s999
      12  0.064609   223002   132.4   4165.8  53421.1   7.3  230.0  2949.8
      32  0.096855   111301   132.7   4478.4  59757.3   7.5  252.3  3366.6
      36  0.108033    38583   132.1   4383.3  52548.9   7.6  252.9  3032.2
      40  0.119538    39711   132.1   4409.3  54194.3   7.6  254.9  3132.6
      46  0.131313    40640   132.4   4917.3 199746.2   7.7  286.7 11647.0
      53  0.143149    40853   132.2   4744.2 196205.8   8.0  288.6 11934.7
      64  0.154136    37922   133.4   4840.7  54641.9   8.2  299.0  3375.0
      70  0.186960   113296   131.1   4487.9  55294.7   8.2  281.0  3462.4
      77  0.220947   117310   131.3   4594.6  58832.0   8.3  289.9  3711.8
      85  0.253437   112143   130.9   4385.9  53670.4   8.0  268.4  3284.6
      96  0.285337   110103   130.1   4268.5  53551.7   7.9  259.5  3255.4
     110  0.317051   109465   130.0   4283.5  53133.2   7.8  256.8  3185.4
     128  0.350688   116101   130.2   4358.4  55688.0   7.9  262.9  3358.7
     137  0.368770    62410   129.9   4254.0  55647.9   7.8  256.4  3354.3
     146  0.386421    60924   130.8   4543.1  57398.6   7.9  272.9  3447.4
     158  0.405280    65093   130.6   4773.3 197843.9   7.9  288.1 11939.9
     171  0.424080    64892   129.9   4671.4 199252.5   7.7  278.6 11881.5
     186  0.442693    64242   128.2   4109.4  53498.9   7.6  244.5  3182.6
     205  0.461361    64437   127.5   4096.9  53210.2   7.7  246.7  3203.5
     228  0.479748    63464   128.5   4557.0 196110.7   7.9  278.5 11987.2
     256  0.497027    59638   128.6   4521.3  55145.7   8.0  280.8  3425.2
     268  0.523284    90629   128.2   4288.1  55068.9   8.0  266.2  3418.3
     282  0.549328    89894   127.8   4617.3  52631.8   7.9  286.8  3269.1
     296  0.575366    89871   127.7   4493.7  55881.3   7.9  278.8  3466.6
     313  0.601091    88791   128.1   4191.1  54529.8   8.0  261.6  3403.9
     331  0.626545    87857   128.4   4646.6 195452.3   8.1  293.3 12339.2
     352  0.651965    87740   127.3   4620.7  53702.1   8.0  291.9  3392.4
     375  0.678127    90302   127.7   4546.4  53888.9   8.1  287.4  3406.4
     402  0.703782    88548   126.5   4364.2  55740.6   8.0  276.0  3525.7
     433  0.729709    89492   125.9   4803.4 197611.4   8.0  305.0 12546.8
     469  0.756624    92899   126.4   4522.5 156424.7   7.9  282.1  9758.2
     512  0.781220    84894   126.4   4324.9  53277.5   7.7  263.6  3246.7
     531  0.786511    18261   125.9   4234.9  54027.9   7.6  257.1  3280.4
     551  0.792636    21144   125.4   4236.1 197221.2   7.6  257.2 11974.6
     573  0.798558    20438   127.0   4811.9  54070.2   7.7  291.6  3277.0
     597  0.804574    20764   126.4   4314.9  53192.8   7.7  263.6  3249.4
     623  0.810658    21000   125.3   3855.1 157170.4   7.5  232.1  9462.4
     652  0.815845    17904   124.2   4480.2 195676.7   7.5  268.9 11745.3
     683  0.821520    19589   126.6   4607.8  51953.9   7.6  276.4  3116.6
     717  0.827623    21064   125.8   4924.6  52415.1   7.5  293.1  3119.9
     755  0.833134    19023   124.9   4181.3 157850.5   7.7  257.3  9713.9
     796  0.838909    19931   125.2   4842.0 198756.2   7.8  301.9 12391.3
     843  0.844412    18994   126.5   4588.6  52384.3   7.8  283.6  3237.6
     896  0.849633    18022   125.7   4645.6  51727.4   7.7  284.0  3161.8
     956  0.855516    20305   126.5   4351.4  54476.3   7.7  266.5  3336.0
    1024  0.861146    19432   126.5   3951.5  53289.9   7.6  238.3  3214.1
    1053  0.863398     7775   122.9   4016.1  52038.0   7.4  242.1  3136.7
    1084  0.865780     8219   127.0   4025.1  50053.6   7.4  235.8  2932.3
    1117  0.868264     8576   127.2   4262.9 201766.8   7.4  248.6 11764.8
    1152  0.870895     9081   126.2   4107.4  51242.9   7.4  239.9  2993.2
    1189  0.873538     9123   126.0   4259.8 153109.1   7.3  247.1  8881.0
    1229  0.876421     9948   124.3   4377.4  55063.1   7.2  253.2  3184.7
    1271  0.879080     9181   127.6   5180.3 204619.6   7.4  298.6 11793.6
    1317  0.881749     9212   126.5   4422.7  55199.5   7.2  253.0  3157.9
    1365  0.884125     8201   127.3   4319.5  55591.7   7.3  247.1  3180.3
    1418  0.887031    10029   125.5   4018.1 157404.0   7.0  225.4  8828.0
    1475  0.889694     9192   131.7   4353.1  54246.2   4.8  157.9  1968.3
    1536  0.892081     8240   132.3   3981.2  53287.8   5.0  150.1  2008.6
    1603  0.894584     8639   131.6   4449.5 156086.2   5.0  170.3  5975.7
    1676  0.897589    10370   129.1   4892.6  51724.0   5.1  193.2  2042.0
    1755  0.900053     8505   128.1   3489.8  51966.3   5.2  142.7  2125.4
    1843  0.902729     9238   132.8   3420.0  54797.8   5.4  138.7  2223.0
    1940  0.905137     8309   130.5   4182.4  50626.8   5.4  171.9  2080.8
    2048  0.907970     9779   129.4   4164.7 200475.1   5.3  171.1  8236.4
    2185  0.911303    11505   129.6   3939.1  55746.2   5.3  160.8  2276.3
    2341  0.914981    12694   129.9   5447.9 198128.1   5.3  223.1  8113.4
    2521  0.918354    11643   129.4   4003.2 201299.8   5.2  162.2  8156.4
    2731  0.921451    10690   128.8   4208.9 196592.5   5.2  170.1  7946.3
    2979  0.924940    12043   130.8   3796.7 153296.7   5.0  146.1  5900.6
    3277  0.928102    10913   130.0   4144.8  53167.2   5.0  158.6  2033.9
    3641  0.931079    10277   130.1   5155.6  53180.3   5.0  197.2  2033.7
    4096  0.934508    11835   128.6   4330.3 152694.5   4.9  163.7  5772.9
    4304  0.937171     9190   130.9   3519.7  50416.1   1.9   50.6   725.0
    4535  0.940002     9771   132.0   4614.6 198675.2   4.7  164.7  7090.5
    4792  0.943119    10761   130.6   4494.7  56522.5   4.6  157.4  1979.1
    5079  0.946002     9950   134.1   3743.4 199726.5   4.7  131.3  7007.9
    5403  0.948711     9348   133.4   5299.5  54739.8   4.8  188.9  1951.5
    5772  0.951597     9964   134.7   5125.1  53770.5   4.5  172.4  1809.2
    6194  0.954249     9152   132.7   4692.4 200397.2   4.5  158.4  6765.6
    6683  0.957156    10033   136.5   4069.3  52504.6   4.6  137.8  1778.6
    7256  0.960207    10533   134.6   4883.8  50542.0   4.3  156.9  1623.6
    7936  0.963173    10236   137.9   3668.5  51198.0   4.4  118.0  1647.3
    8612  0.966196    10434   136.2   4697.3 202085.1   2.5   86.6  3723.7
    9330  0.969320    10782   139.1   4911.8  58976.6   1.6   56.0   672.1
   10178  0.972171     9841   140.7   4318.2 160568.5   4.0  123.6  4596.9
   11196  0.975357    10999   143.1   4037.1  55845.8   4.1  114.9  1589.7
   12440  0.978433    10616   144.6   4012.1  54545.2   3.9  109.4  1487.9
   13995  0.981445    10395   147.2   4636.4  54534.5   3.8  120.1  1412.8
   15994  0.984406    10221   149.9   3878.1  54114.5   3.5   91.5  1276.9
   19514  0.986698     7911   160.0   4118.4  51605.4   3.1   80.4  1007.3
   23469  0.987880     4080   170.5   4321.1  51093.3   3.0   75.1   887.5
   28471  0.988945     3675   189.8   3771.4  48958.4   2.0   39.9   517.7
   34519  0.990174     4243   213.7   6676.8 195542.0   1.8   55.8  1635.2
   41486  0.991354     4073   238.4   4370.4 200682.0   1.5   27.3  1254.0
   50244  0.992167     2805   284.7   5243.9 197162.1   1.8   32.9  1236.4
   60293  0.992812     2226   315.7   7304.4  55105.8   1.9   43.1   325.0
   73270  0.993863     3628   381.9   5365.0 202606.5   1.9   26.0   981.5
   88033  0.995192     4588   430.5   8512.5 203125.8   1.4   28.1   669.6
  106275  0.996164     3355   505.3   7190.6 205041.0   1.2   16.9   480.9
  128223  0.997049     3054   571.6  43383.8 204291.2   1.6  118.0   555.5
  155442  0.997470     1455   670.3   8808.0  54731.1   1.3   17.0   105.5
  186343  0.997791     1106   785.8   7028.0  49519.0   1.4   12.1    85.1
  224152  0.998121     1138   945.3  48070.9  53873.2   1.4   73.4    82.2
  270088  0.998411     1002  1069.3  46861.3  52916.9   1.5   65.9    74.4
  324761  0.998839     1479  1221.4  43854.8  53417.3   1.2   43.8    53.4
  391298  0.999117      959  1472.3  52085.2 201492.1   1.3   47.6   184.0
  471859  0.999320      699  1676.9  53653.8 219883.5   1.4   43.6   178.5
  568408  0.999560      829  1965.8  50191.0 214765.7   1.5   37.4   159.9
  824156  0.999714      532  2515.5  52276.6 215931.8   1.4   30.7   111.7
 1000000  1.000000      987  3314.6  54400.3 207244.9   1.3   22.0    82.9
