# Fraction of RTTS longer than a given time for unloaded_w3 experiment
# Includes messages <= 85 bytes; measured at 2026-04-20 23:17:48.953785
# Averaged across 1 repeated sample(s)
# Data collected at 2026-04-20 23:17:48.953785 
#       usec        frac
      15.130  0.99980000
      15.290  0.99920000
      15.450  0.99200000
      15.530  0.98200000
      15.600  0.97200000
      15.650  0.96220000
      15.690  0.95240000
      15.730  0.94280000
      15.760  0.93320000
      15.790  0.92380000
      15.820  0.91440000
      15.840  0.90520000
      15.860  0.89600000
      15.890  0.88700000
      15.910  0.87800000
      15.940  0.86920000
      15.960  0.86040000
      15.980  0.85160000
      16.000  0.84300000
      16.020  0.83440000
      16.040  0.82600000
      16.050  0.81760000
      16.070  0.80940000
      16.090  0.80120000
      16.110  0.79300000
      16.120  0.78500000
      16.140  0.77700000
      16.160  0.76920000
      16.170  0.76140000
      16.190  0.75360000
      16.210  0.74600000
      16.230  0.73840000
      16.240  0.73100000
      16.260  0.72360000
      16.280  0.71620000
      16.290  0.70900000
      16.310  0.70180000
      16.330  0.69460000
      16.340  0.68760000
      16.360  0.68060000
      16.370  0.67360000
      16.390  0.66680000
      16.400  0.66000000
      16.410  0.65340000
      16.440  0.64680000
      16.450  0.64020000
      16.470  0.63360000
      16.490  0.62720000
      16.510  0.62080000
      16.530  0.61440000
      16.550  0.60820000
      16.560  0.60200000
      16.580  0.59580000
      16.610  0.58980000
      16.630  0.58380000
      16.640  0.57780000
      16.670  0.57200000
      16.690  0.56620000
      16.710  0.56040000
      16.740  0.55460000
      16.760  0.54900000
      16.790  0.54340000
      16.820  0.53780000
      16.840  0.53240000
      16.850  0.52700000
      16.870  0.52160000
      16.910  0.51620000
      16.930  0.51100000
      16.950  0.50580000
      16.970  0.50060000
      16.980  0.49540000
      17.000  0.49040000
      17.020  0.48540000
      17.030  0.48040000
      17.050  0.47540000
      17.060  0.47060000
      17.080  0.46580000
      17.090  0.46100000
      17.100  0.45620000
      17.120  0.45160000
      17.130  0.44700000
      17.150  0.44240000
      17.160  0.43780000
      17.170  0.43340000
      17.190  0.42900000
      17.200  0.42460000
      17.210  0.42020000
      17.220  0.41580000
      17.240  0.41160000
      17.250  0.40740000
      17.260  0.40320000
      17.270  0.39900000
      17.280  0.39500000
      17.300  0.39100000
      17.310  0.38700000
      17.320  0.38300000
      17.330  0.37900000
      17.350  0.37520000
      17.360  0.37140000
      17.370  0.36760000
      17.380  0.36380000
      17.390  0.36000000
      17.400  0.35620000
      17.410  0.35260000
      17.420  0.34900000
      17.430  0.34540000
      17.440  0.34180000
      17.450  0.33820000
      17.450  0.33480000
      17.460  0.33140000
      17.470  0.32800000
      17.480  0.32460000
      17.480  0.32120000
      17.500  0.31780000
      17.510  0.31460000
      17.520  0.31140000
      17.530  0.30820000
      17.540  0.30500000
      17.550  0.30180000
      17.560  0.29860000
      17.570  0.29560000
      17.580  0.29260000
      17.590  0.28960000
      17.600  0.28660000
      17.600  0.28360000
      17.610  0.28060000
      17.620  0.27760000
      17.630  0.27480000
      17.640  0.27200000
      17.650  0.26920000
      17.670  0.26640000
      17.670  0.26360000
      17.680  0.26080000
      17.690  0.25800000
      17.700  0.25540000
      17.710  0.25280000
      17.720  0.25020000
      17.730  0.24760000
      17.740  0.24500000
      17.750  0.24240000
      17.760  0.23980000
      17.770  0.23740000
      17.770  0.23500000
      17.790  0.23260000
      17.800  0.23020000
      17.820  0.22780000
      17.830  0.22540000
      17.840  0.22300000
      17.850  0.22060000
      17.860  0.21820000
      17.870  0.21600000
      17.880  0.21380000
      17.880  0.21160000
      17.900  0.20940000
      17.910  0.20720000
      17.920  0.20500000
      17.930  0.20280000
      17.940  0.20060000
      17.950  0.19840000
      17.960  0.19640000
      17.970  0.19440000
      17.980  0.19240000
      17.990  0.19040000
      18.000  0.18840000
      18.010  0.18640000
      18.020  0.18440000
      18.030  0.18240000
      18.040  0.18040000
      18.060  0.17840000
      18.070  0.17660000
      18.080  0.17480000
      18.090  0.17300000
      18.100  0.17120000
      18.110  0.16940000
      18.130  0.16760000
      18.140  0.16580000
      18.160  0.16400000
      18.180  0.16220000
      18.190  0.16040000
      18.210  0.15860000
      18.220  0.15700000
      18.230  0.15540000
      18.240  0.15380000
      18.260  0.15220000
      18.270  0.15060000
      18.300  0.14900000
      18.320  0.14740000
      18.330  0.14580000
      18.350  0.14420000
      18.380  0.14260000
      18.400  0.14100000
      18.420  0.13940000
      18.440  0.13800000
      18.460  0.13660000
      18.490  0.13520000
      18.510  0.13380000
      18.530  0.13240000
      18.580  0.13100000
      18.640  0.12960000
      18.670  0.12820000
      18.730  0.12680000
      18.780  0.12540000
      18.930  0.12400000
      19.120  0.12280000
      19.380  0.12220000
      19.770  0.12200000
      20.060  0.12140000
      20.340  0.12080000
      20.680  0.12000000
      21.030  0.11920000
      21.250  0.11860000
      21.550  0.11800000
      21.840  0.11680000
      21.990  0.11560000
      22.270  0.11500000
      22.730  0.11440000
      23.040  0.11400000
      23.300  0.11340000
      23.490  0.11220000
      23.660  0.11100000
      23.920  0.11000000
      24.140  0.10880000
      24.240  0.10760000
      24.300  0.10640000
      24.360  0.10520000
      24.480  0.10400000
      24.580  0.10280000
      24.720  0.10160000
      24.860  0.10040000
      24.960  0.09920000
      25.080  0.09820000
      25.290  0.09720000
      25.350  0.09620000
      25.550  0.09520000
      25.700  0.09420000
      25.840  0.09320000
      26.020  0.09220000
      26.270  0.09120000
      26.610  0.09020000
      26.700  0.08920000
      26.820  0.08820000
      27.050  0.08720000
      27.160  0.08620000
      27.350  0.08520000
      27.640  0.08420000
      27.900  0.08320000
      27.970  0.08220000
      28.060  0.08120000
      28.150  0.08020000
      28.310  0.07920000
      28.430  0.07840000
      28.580  0.07760000
      28.660  0.07680000
      28.850  0.07600000
      28.940  0.07520000
      29.140  0.07440000
      29.270  0.07360000
      29.430  0.07280000
      29.570  0.07200000
      29.860  0.07120000
      29.900  0.07040000
      30.140  0.06960000
      30.220  0.06880000
      30.270  0.06800000
      30.430  0.06720000
      30.630  0.06640000
      30.800  0.06560000
      30.850  0.06480000
      30.990  0.06400000
      31.130  0.06320000
      31.210  0.06240000
      31.320  0.06160000
      31.410  0.06080000
      31.460  0.06000000
      31.660  0.05920000
      31.700  0.05860000
      31.780  0.05800000
      31.810  0.05740000
      31.850  0.05680000
      31.870  0.05620000
      31.870  0.05560000
      31.900  0.05500000
      31.940  0.05440000
      31.970  0.05380000
      32.000  0.05320000
      32.130  0.05260000
      32.180  0.05200000
      32.240  0.05140000
      32.300  0.05080000
      32.400  0.05020000
      32.460  0.04960000
      32.560  0.04900000
      32.710  0.04840000
      32.750  0.04780000
      32.870  0.04720000
      32.890  0.04660000
      33.010  0.04600000
      33.060  0.04540000
      33.120  0.04480000
      33.150  0.04420000
      33.170  0.04360000
      33.200  0.04300000
      33.270  0.04240000
      33.270  0.04180000
      33.300  0.04120000
      33.320  0.04060000
      33.350  0.04000000
      33.400  0.03940000
      33.430  0.03900000
      33.430  0.03860000
      33.440  0.03820000
      33.470  0.03780000
      33.480  0.03740000
      33.520  0.03700000
      33.530  0.03660000
      33.570  0.03620000
      33.580  0.03580000
      33.620  0.03540000
      33.660  0.03500000
      33.660  0.03460000
      33.720  0.03420000
      33.780  0.03380000
      33.830  0.03340000
      33.850  0.03300000
      33.870  0.03260000
      33.880  0.03220000
      33.910  0.03180000
      33.940  0.03140000
      34.000  0.03100000
      34.050  0.03060000
      34.070  0.03020000
      34.090  0.02980000
      34.130  0.02940000
      34.170  0.02900000
      34.210  0.02860000
      34.270  0.02820000
      34.300  0.02780000
      34.310  0.02740000
      34.370  0.02700000
      34.470  0.02660000
      34.540  0.02620000
      34.610  0.02580000
      34.660  0.02540000
      34.690  0.02500000
      34.770  0.02460000
      34.780  0.02420000
      34.840  0.02380000
      34.860  0.02340000
      34.950  0.02300000
      34.990  0.02260000
      35.000  0.02220000
      35.000  0.02180000
      35.040  0.02140000
      35.100  0.02100000
      35.120  0.02060000
      35.160  0.02020000
      35.210  0.01980000
      35.210  0.01960000
      35.240  0.01940000
      35.240  0.01920000
      35.250  0.01900000
      35.260  0.01880000
      35.270  0.01860000
      35.300  0.01840000
      35.300  0.01820000
      35.300  0.01800000
      35.340  0.01780000
      35.390  0.01760000
      35.400  0.01740000
      35.410  0.01720000
      35.410  0.01700000
      35.420  0.01680000
      35.520  0.01660000
      35.530  0.01640000
      35.660  0.01620000
      35.690  0.01600000
      35.690  0.01580000
      35.730  0.01560000
      35.740  0.01540000
      35.750  0.01520000
      35.760  0.01500000
      35.760  0.01480000
      35.770  0.01460000
      35.780  0.01440000
      36.000  0.01420000
      36.030  0.01400000
      36.040  0.01380000
      36.110  0.01360000
      36.110  0.01340000
      36.160  0.01320000
      36.220  0.01300000
      36.230  0.01280000
      36.290  0.01260000
      36.300  0.01240000
      36.560  0.01220000
      36.650  0.01200000
      36.830  0.01180000
      36.910  0.01160000
      36.940  0.01140000
      37.230  0.01120000
      37.550  0.01100000
      37.560  0.01080000
      37.720  0.01060000
      37.780  0.01040000
      37.910  0.01020000
      37.920  0.01000000
      38.270  0.00980000
      38.330  0.00960000
      38.440  0.00940000
      39.130  0.00920000
      41.100  0.00900000
      42.080  0.00880000
      42.930  0.00860000
      43.650  0.00840000
      43.980  0.00820000
      44.360  0.00800000
      45.910  0.00780000
      46.280  0.00760000
      46.680  0.00740000
      47.270  0.00720000
      48.060  0.00700000
      48.240  0.00680000
      49.050  0.00660000
      50.340  0.00640000
      52.130  0.00620000
      53.890  0.00600000
      54.810  0.00580000
      66.680  0.00560000
      67.030  0.00540000
      83.720  0.00520000
      86.360  0.00500000
     103.310  0.00480000
     105.690  0.00460000
     111.000  0.00440000
     111.020  0.00420000
     149.680  0.00400000
     235.530  0.00380000
   14776.010  0.00360000
   14797.040  0.00340000
   14860.400  0.00320000
   14897.690  0.00300000
   14910.260  0.00280000
   14914.710  0.00260000
   15031.550  0.00240000
   15036.350  0.00220000
   15128.000  0.00200000
   15167.190  0.00180000
   15180.080  0.00160000
   15188.750  0.00140000
   15201.150  0.00120000
   15209.840  0.00100000
   15263.030  0.00080000
   15392.870  0.00060000
   15491.740  0.00040000
   15496.670  0.00020000
   15620.780  0.00000000
