# Fraction of RTTS longer than a given time for unloaded_w2 experiment
# Includes messages <= 46 bytes; measured at 2026-04-20 23:17:48.953785
# Averaged across 1 repeated sample(s)
# Data collected at 2026-04-20 23:17:48.953785 
#       usec        frac
      14.880  0.99975000
      15.030  0.99575000
      15.120  0.98575000
      15.180  0.97575000
      15.220  0.96575000
      15.240  0.95600000
      15.270  0.94625000
      15.290  0.93675000
      15.320  0.92725000
      15.340  0.91775000
      15.360  0.90850000
      15.380  0.89925000
      15.390  0.89025000
      15.410  0.88125000
      15.430  0.87225000
      15.440  0.86350000
      15.450  0.85475000
      15.460  0.84600000
      15.470  0.83750000
      15.480  0.82900000
      15.500  0.82050000
      15.510  0.81225000
      15.520  0.80400000
      15.530  0.79575000
      15.540  0.78775000
      15.560  0.77975000
      15.570  0.77175000
      15.580  0.76400000
      15.590  0.75625000
      15.600  0.74850000
      15.610  0.74100000
      15.620  0.73350000
      15.630  0.72600000
      15.640  0.71850000
      15.650  0.71125000
      15.660  0.70400000
      15.670  0.69675000
      15.680  0.68975000
      15.690  0.68275000
      15.700  0.67575000
      15.710  0.66875000
      15.720  0.66200000
      15.730  0.65525000
      15.740  0.64850000
      15.750  0.64200000
      15.760  0.63550000
      15.770  0.62900000
      15.780  0.62250000
      15.790  0.61625000
      15.810  0.61000000
      15.820  0.60375000
      15.830  0.59750000
      15.850  0.59150000
      15.860  0.58550000
      15.870  0.57950000
      15.880  0.57350000
      15.890  0.56775000
      15.900  0.56200000
      15.920  0.55625000
      15.930  0.55050000
      15.950  0.54475000
      15.960  0.53925000
      15.980  0.53375000
      15.990  0.52825000
      16.010  0.52275000
      16.030  0.51750000
      16.050  0.51225000
      16.070  0.50700000
      16.080  0.50175000
      16.100  0.49650000
      16.110  0.49150000
      16.130  0.48650000
      16.150  0.48150000
      16.170  0.47650000
      16.180  0.47150000
      16.200  0.46675000
      16.210  0.46200000
      16.230  0.45725000
      16.260  0.45250000
      16.270  0.44775000
      16.290  0.44325000
      16.310  0.43875000
      16.320  0.43425000
      16.350  0.42975000
      16.360  0.42525000
      16.390  0.42075000
      16.400  0.41650000
      16.410  0.41225000
      16.430  0.40800000
      16.440  0.40375000
      16.460  0.39950000
      16.470  0.39550000
      16.490  0.39150000
      16.500  0.38750000
      16.520  0.38350000
      16.530  0.37950000
      16.540  0.37550000
      16.560  0.37150000
      16.570  0.36775000
      16.590  0.36400000
      16.600  0.36025000
      16.620  0.35650000
      16.630  0.35275000
      16.650  0.34900000
      16.660  0.34550000
      16.670  0.34200000
      16.680  0.33850000
      16.700  0.33500000
      16.710  0.33150000
      16.720  0.32800000
      16.740  0.32450000
      16.750  0.32125000
      16.760  0.31800000
      16.770  0.31475000
      16.780  0.31150000
      16.790  0.30825000
      16.810  0.30500000
      16.820  0.30175000
      16.830  0.29850000
      16.840  0.29550000
      16.850  0.29250000
      16.870  0.28950000
      16.880  0.28650000
      16.890  0.28350000
      16.910  0.28050000
      16.920  0.27750000
      16.930  0.27450000
      16.940  0.27175000
      16.950  0.26900000
      16.960  0.26625000
      16.980  0.26350000
      16.990  0.26075000
      17.000  0.25800000
      17.020  0.25525000
      17.030  0.25250000
      17.040  0.24975000
      17.050  0.24725000
      17.060  0.24475000
      17.070  0.24225000
      17.090  0.23975000
      17.100  0.23725000
      17.110  0.23475000
      17.120  0.23225000
      17.130  0.22975000
      17.140  0.22725000
      17.150  0.22475000
      17.170  0.22250000
      17.180  0.22025000
      17.200  0.21800000
      17.210  0.21575000
      17.210  0.21350000
      17.230  0.21125000
      17.250  0.20900000
      17.260  0.20675000
      17.270  0.20450000
      17.280  0.20225000
      17.300  0.20000000
      17.310  0.19800000
      17.320  0.19600000
      17.330  0.19400000
      17.340  0.19200000
      17.350  0.19000000
      17.360  0.18800000
      17.360  0.18600000
      17.370  0.18400000
      17.390  0.18200000
      17.400  0.18000000
      17.420  0.17800000
      17.430  0.17600000
      17.450  0.17400000
      17.460  0.17225000
      17.470  0.17050000
      17.480  0.16875000
      17.490  0.16700000
      17.500  0.16525000
      17.510  0.16350000
      17.530  0.16175000
      17.540  0.16000000
      17.560  0.15825000
      17.570  0.15650000
      17.580  0.15475000
      17.590  0.15300000
      17.600  0.15125000
      17.620  0.14950000
      17.630  0.14800000
      17.660  0.14650000
      17.680  0.14500000
      17.680  0.14350000
      17.700  0.14200000
      17.710  0.14050000
      17.720  0.13900000
      17.740  0.13750000
      17.750  0.13600000
      17.780  0.13450000
      17.810  0.13300000
      17.820  0.13150000
      17.840  0.13000000
      17.850  0.12850000
      17.870  0.12700000
      17.900  0.12550000
      17.910  0.12400000
      17.920  0.12275000
      17.980  0.12150000
      18.020  0.12025000
      18.050  0.11900000
      18.100  0.11775000
      18.130  0.11650000
      18.190  0.11525000
      18.220  0.11400000
      18.320  0.11275000
      18.400  0.11150000
      18.540  0.11025000
      18.690  0.10900000
      18.940  0.10850000
      19.490  0.10725000
      19.700  0.10675000
      20.320  0.10625000
      20.550  0.10575000
      21.240  0.10525000
      21.460  0.10475000
      21.820  0.10400000
      22.050  0.10300000
      22.330  0.10225000
      22.560  0.10175000
      22.620  0.10050000
      22.720  0.09925000
      23.180  0.09825000
      23.380  0.09725000
      23.560  0.09625000
      23.760  0.09525000
      23.890  0.09425000
      24.020  0.09325000
      24.080  0.09225000
      24.240  0.09125000
      24.330  0.09025000
      24.440  0.08925000
      24.580  0.08825000
      24.700  0.08725000
      24.930  0.08625000
      25.070  0.08525000
      25.140  0.08425000
      25.280  0.08325000
      25.410  0.08225000
      25.670  0.08125000
      25.850  0.08025000
      26.130  0.07925000
      26.420  0.07825000
      26.620  0.07725000
      26.660  0.07625000
      26.870  0.07525000
      27.140  0.07425000
      27.310  0.07350000
      27.480  0.07275000
      27.610  0.07200000
      27.700  0.07125000
      27.880  0.07050000
      28.240  0.06975000
      28.400  0.06900000
      28.470  0.06825000
      28.560  0.06750000
      28.790  0.06675000
      28.900  0.06600000
      29.030  0.06525000
      29.230  0.06450000
      29.340  0.06375000
      29.530  0.06300000
      29.750  0.06225000
      29.830  0.06150000
      29.940  0.06075000
      30.110  0.06000000
      30.180  0.05925000
      30.270  0.05850000
      30.350  0.05775000
      30.370  0.05700000
      30.470  0.05625000
      30.550  0.05550000
      30.700  0.05475000
      30.780  0.05400000
      30.890  0.05325000
      30.930  0.05250000
      31.020  0.05175000
      31.050  0.05100000
      31.190  0.05025000
      31.320  0.04950000
      31.420  0.04900000
      31.430  0.04850000
      31.470  0.04800000
      31.550  0.04750000
      31.590  0.04700000
      31.610  0.04650000
      31.660  0.04600000
      31.670  0.04550000
      31.720  0.04500000
      31.790  0.04450000
      31.800  0.04400000
      31.820  0.04350000
      31.840  0.04300000
      31.890  0.04250000
      31.920  0.04200000
      32.000  0.04150000
      32.000  0.04100000
      32.030  0.04050000
      32.050  0.04000000
      32.090  0.03950000
      32.140  0.03900000
      32.170  0.03850000
      32.180  0.03800000
      32.210  0.03750000
      32.330  0.03700000
      32.360  0.03650000
      32.360  0.03600000
      32.450  0.03550000
      32.520  0.03500000
      32.540  0.03450000
      32.570  0.03400000
      32.600  0.03350000
      32.670  0.03300000
      32.680  0.03250000
      32.720  0.03200000
      32.750  0.03150000
      32.800  0.03100000
      32.820  0.03050000
      32.840  0.03000000
      32.890  0.02950000
      32.920  0.02900000
      33.010  0.02850000
      33.020  0.02800000
      33.040  0.02750000
      33.060  0.02700000
      33.120  0.02650000
      33.120  0.02600000
      33.140  0.02550000
      33.140  0.02500000
      33.160  0.02475000
      33.170  0.02450000
      33.190  0.02425000
      33.200  0.02400000
      33.230  0.02375000
      33.240  0.02350000
      33.250  0.02325000
      33.260  0.02300000
      33.290  0.02275000
      33.290  0.02250000
      33.300  0.02225000
      33.320  0.02200000
      33.370  0.02175000
      33.380  0.02150000
      33.390  0.02125000
      33.400  0.02100000
      33.410  0.02075000
      33.420  0.02050000
      33.430  0.02025000
      33.490  0.02000000
      33.520  0.01975000
      33.570  0.01950000
      33.580  0.01925000
      33.590  0.01900000
      33.670  0.01875000
      33.670  0.01850000
      33.680  0.01825000
      33.720  0.01800000
      33.770  0.01775000
      33.830  0.01750000
      33.840  0.01725000
      33.850  0.01700000
      33.870  0.01675000
      33.900  0.01650000
      33.930  0.01625000
      33.940  0.01600000
      33.970  0.01575000
      33.970  0.01550000
      34.060  0.01525000
      34.060  0.01500000
      34.070  0.01475000
      34.080  0.01450000
      34.090  0.01425000
      34.090  0.01400000
      34.130  0.01375000
      34.190  0.01350000
      34.190  0.01325000
      34.240  0.01300000
      34.270  0.01275000
      34.300  0.01250000
      34.310  0.01225000
      34.320  0.01200000
      34.370  0.01175000
      34.400  0.01150000
      34.420  0.01125000
      34.450  0.01100000
      34.470  0.01075000
      34.610  0.01050000
      34.770  0.01025000
      34.880  0.01000000
      34.880  0.00975000
      34.930  0.00950000
      34.950  0.00925000
      34.970  0.00900000
      35.090  0.00875000
      35.200  0.00850000
      35.200  0.00825000
      35.210  0.00800000
      35.220  0.00775000
      35.430  0.00750000
      35.440  0.00725000
      35.610  0.00700000
      35.670  0.00675000
      35.710  0.00650000
      35.860  0.00625000
      35.900  0.00600000
      35.960  0.00575000
      35.990  0.00550000
      36.090  0.00525000
      36.350  0.00500000
      36.390  0.00475000
      37.680  0.00450000
      37.830  0.00425000
      37.980  0.00400000
      39.080  0.00375000
      39.430  0.00350000
      40.270  0.00325000
      40.830  0.00300000
      40.850  0.00275000
      41.590  0.00250000
      45.200  0.00225000
      45.850  0.00200000
      46.540  0.00175000
      47.430  0.00150000
      48.830  0.00125000
      49.520  0.00100000
      49.800  0.00075000
      50.660  0.00050000
     105.280  0.00025000
     232.190  0.00000000
