# Digested data for unloaded_w4 experiment, run at 2026-04-21 01:13:26.813337
# Averaged across 1 repeated sample(s)
# length  cum_frac  samples     p50      p99     p999   s50    s99    s999
      60  0.005090      500    16.1     34.2     59.0   1.0    2.1     3.7
      72  0.010180      500    15.8     34.5    237.9   1.0    2.2    15.1
      92  0.015271      500    15.6     32.6     34.4   1.0    2.1     2.2
     119  0.020361      500    15.6     33.1     33.3   1.0    2.1     2.1
     154  0.025451      500    15.4     32.8     34.2   1.0    2.1     2.2
     199  0.030541      500    15.3     32.9     38.1   1.0    2.2     2.5
     222  0.035631      500    15.2     33.1     47.0   1.0    2.2     3.1
     227  0.040722      500    15.2     30.3     32.4   1.0    2.0     2.1
     232  0.045812      500    15.1     32.5     34.1   1.0    2.2     2.3
     237  0.050902      500    15.0     32.1     48.5   1.0    2.1     3.2
     243  0.055992      500    15.1     32.5    232.1   1.0    2.2    15.3
     248  0.061082      500    15.0     32.0     35.5   1.0    2.1     2.4
     254  0.066173      500    14.9     30.9     33.5   1.0    2.1     2.3
     259  0.071263      500    14.9     31.6     35.9   1.0    2.1     2.4
     265  0.076353      500    14.8     31.8     56.4   1.0    2.2     3.8
     271  0.081443      500    14.8     32.2     45.9   1.0    2.2     3.1
     279  0.086533      500    14.8     32.2    243.9   1.0    2.2    16.5
     288  0.091624      500    14.8     31.1     33.4   1.0    2.1     2.3
     297  0.096714      500    14.8     31.8     33.1   1.0    2.1     2.2
     303  0.101804      500    14.8     30.7     34.9   1.0    2.1     2.4
     305  0.106894      500    14.8     31.7     49.7   1.0    2.1     3.4
     308  0.111984      500    14.8     31.7     46.8   1.0    2.1     3.2
     310  0.117075      500    14.9     32.0     45.5   1.0    2.2     3.1
     313  0.122165      500    14.8     31.8     38.4   1.0    2.1     2.6
     315  0.127255      500    14.7     31.9     32.4   1.0    2.2     2.2
     318  0.132345      500    14.8     32.3     38.9   1.0    2.2     2.6
     321  0.137435      500    14.8     32.0    224.2   1.0    2.2    15.1
     323  0.142526      500    14.8     32.2     32.5   1.0    2.2     2.2
     326  0.147616      500    14.8     31.8     32.5   1.0    2.1     2.2
     331  0.152706      500    14.8     31.7     33.3   1.0    2.1     2.2
     335  0.157796      500    14.8     31.5     38.4   1.0    2.1     2.6
     340  0.162886      500    14.8     31.0     32.2   1.0    2.1     2.2
     345  0.167977      500    14.8     31.8    226.5   1.0    2.1    15.3
     350  0.173067      500    14.8     31.6     32.8   1.0    2.1     2.2
     355  0.178157      500    14.8     30.8     32.4   1.0    2.1     2.2
     360  0.183247      500    14.9     31.9     32.2   1.0    2.1     2.2
     365  0.188337      500    14.8     31.4     44.6   1.0    2.1     3.0
     371  0.193428      500    14.9     32.3     34.9   1.0    2.2     2.3
     376  0.198518      500    14.8     32.2     33.2   1.0    2.2     2.2
     385  0.203608      500    14.9     32.4     47.1   1.0    2.2     3.2
     395  0.208698      500    14.8     31.5     37.9   1.0    2.1     2.6
     405  0.213788      500    14.9     32.2    226.5   1.0    2.2    15.2
     415  0.218879      500    14.9     32.5     44.5   1.0    2.2     3.0
     425  0.223969      500    14.9     32.2     42.3   1.0    2.2     2.8
     430  0.229059      500    14.8     32.2     34.0   1.0    2.2     2.3
     435  0.234149      500    14.8     31.9     43.5   1.0    2.2     2.9
     441  0.239239      500    14.8     31.7     32.4   1.0    2.1     2.2
     446  0.244330      500    14.8     32.4     33.5   1.0    2.2     2.3
     452  0.249420      500    14.9     31.8    231.2   1.0    2.1    15.6
     457  0.254510      500    14.9     31.9     35.7   1.0    2.1     2.4
     463  0.259600      500    14.9     31.6     32.8   1.0    2.1     2.2
     468  0.264690      500    14.9     32.0     32.6   1.0    2.2     2.2
     474  0.269781      500    14.9     32.2     33.1   1.0    2.2     2.2
     480  0.274871      500    14.9     31.5     32.5   1.0    2.1     2.2
     491  0.279961      500    14.9     31.8     33.7   1.0    2.1     2.3
     502  0.285051      500    14.9     32.1     32.6   1.0    2.2     2.2
     513  0.290141      500    14.9     31.4     32.7   1.0    2.1     2.2
     525  0.295232      500    14.9     31.9    225.6   1.0    2.1    15.1
     537  0.300322      500    14.9     32.4     46.6   1.0    2.2     3.1
     549  0.305412      500    14.9     32.0     42.0   1.0    2.1     2.8
     561  0.310502      500    15.0     32.1     32.4   1.0    2.1     2.2
     574  0.315592      500    15.0     31.6     32.9   1.0    2.1     2.2
     587  0.320682      500    15.0     32.0     47.9   1.0    2.1     3.2
     600  0.325773      500    15.1     32.5    223.2   1.0    2.1    14.7
     607  0.330863      500    15.2     32.4     34.0   1.0    2.1     2.2
     615  0.335953      500    15.2     32.2     33.3   1.0    2.1     2.2
     623  0.341043      500    15.2     32.4     33.5   1.0    2.1     2.2
     630  0.346133      500    15.1     34.9     49.3   1.0    2.3     3.3
     638  0.351224      500    15.1     31.9     35.9   1.0    2.1     2.4
     646  0.356314      500    15.1     31.2     32.9   1.0    2.1     2.2
     654  0.361404      500    15.1     31.0     32.6   1.0    2.0     2.2
     662  0.366494      500    15.1     32.5     50.2   1.0    2.1     3.3
     671  0.371584      500    15.2     31.5    224.6   1.0    2.1    14.8
     679  0.376675      500    15.2     31.4     32.9   1.0    2.1     2.2
     685  0.381765      500    15.2     32.4     40.6   1.0    2.1     2.7
     690  0.386855      500    15.2     32.2     41.5   1.0    2.1     2.7
     696  0.391945      500    15.2     32.4     39.7   1.0    2.1     2.6
     702  0.397035      500    15.2     32.5     47.9   1.0    2.1     3.2
     707  0.402126      500    15.2     32.7     44.4   1.0    2.2     2.9
     713  0.407216      500    15.2     32.3    226.6   1.0    2.1    14.9
     719  0.412306      500    15.2     32.2     38.1   1.0    2.1     2.5
     725  0.417396      500    15.2     31.3     41.3   1.0    2.1     2.7
     731  0.422486      500    15.2     32.3     40.8   1.0    2.1     2.7
     737  0.427577      500    15.2     32.1     42.2   1.0    2.1     2.8
     749  0.432667      500    15.3     32.1     32.5   1.0    2.1     2.1
     762  0.437757      500    15.2     31.6     33.1   1.0    2.1     2.2
     774  0.442847      500    15.3     31.5     36.3   1.0    2.1     2.4
     787  0.447937      500    15.3     32.2     33.4   1.0    2.1     2.2
     800  0.453028      500    15.3     32.7    228.4   1.0    2.1    14.9
     816  0.458118      500    15.4     32.6     39.7   1.0    2.1     2.6
     833  0.463208      500    15.4     32.4     39.6   1.0    2.1     2.6
     850  0.468298      500    15.4     32.4     49.0   1.0    2.1     3.2
     867  0.473388      500    15.4     32.5     36.9   1.0    2.1     2.4
     885  0.478479      500    15.4     32.2     47.8   1.0    2.1     3.1
     914  0.483569      500    15.5     32.9    226.3   1.0    2.1    14.6
     945  0.488659      500    15.5     32.1     41.6   1.0    2.1     2.7
     976  0.493749      500    15.6     33.3     49.3   1.0    2.1     3.2
    1009  0.498839      500    15.6     33.0     33.8   1.0    2.1     2.2
    1042  0.503930      500    15.7     34.0     48.2   1.0    2.2     3.1
    1085  0.509020      500    15.7     32.6     49.1   1.0    2.1     3.1
    1130  0.514110      500    15.8     31.8     34.8   1.0    2.0     2.2
    1177  0.519200      500    15.9     33.3     44.0   1.0    2.1     2.8
    1226  0.524290      500    15.9     32.8     46.8   1.0    2.1     2.9
    1277  0.529381      500    16.0     32.9    244.9   1.0    2.1    15.3
    1316  0.534471      500    16.1     32.5     33.7   1.0    2.0     2.1
    1357  0.539561      500    16.2     33.6     41.4   1.0    2.1     2.6
    1399  0.544651      500    16.2     33.4     34.9   1.0    2.1     2.2
    1436  0.549741      500    24.1    115.2    117.3   1.0    4.8     4.9
    1484  0.554832      500    24.1     41.4    295.2   1.0    1.7    12.3
    1534  0.559922      500    24.1     30.6     50.9   1.0    1.3     2.1
    1559  0.565012      500    24.1     33.0     42.1   1.0    1.4     1.7
    1585  0.570102      500    24.2     29.8     40.0   1.0    1.2     1.7
    1611  0.575192      500    24.2     28.1     41.3   1.0    1.2     1.7
    1637  0.580283      500    24.1     32.1     42.9   1.0    1.3     1.8
    1664  0.585373      500    24.2     40.5    216.7   1.0    1.7     8.9
    1865  0.590463      500    24.2     28.3     41.9   1.0    1.2     1.7
    2091  0.595553      500    24.3     28.3     41.8   1.0    1.2     1.7
    2412  0.600643      500    24.3     31.1     42.4   1.0    1.3     1.7
    2742  0.605734      500    24.3     40.5    232.4   1.0    1.7     9.6
    3118  0.610824      500    25.9     41.2     44.4   1.0    1.6     1.7
    3544  0.615914      500    25.9     32.8     44.2   1.0    1.3     1.7
    4030  0.621004      500    26.1     37.6     44.5   1.0    1.4     1.7
    4582  0.626094      500    27.6     37.1     46.3   1.0    1.3     1.7
    5210  0.631185      500    27.9     44.6     46.4   1.0    1.6     1.7
    5652  0.636275      500    27.8     86.5    234.2   1.0    3.1     8.4
    6132  0.641365      500    29.3     32.7     48.9   1.0    1.1     1.7
    6653  0.646455      500    29.4     46.0     48.4   1.0    1.6     1.6
    7217  0.651545      500    31.2     70.5    270.6   1.0    2.3     8.7
    7830  0.656636      500    31.1     42.6     50.4   1.0    1.4     1.6
   10373  0.661726      500    34.7     52.4     72.5   1.0    1.5     2.1
   13741  0.666816      500    38.9     54.1     57.0   1.0    1.4     1.5
   18203  0.671906      500    44.1     86.7    227.7   1.0    2.0     5.2
   24115  0.676996      500    55.8     77.8     79.8   1.0    1.4     1.4
   31946  0.682087      500    65.5     89.1    353.6   1.0    1.4     5.4
   33343  0.687177      500    68.0     93.0    109.5   1.0    1.4     1.6
   34801  0.692267      500    74.4    114.3    275.9   1.0    1.5     3.7
   36322  0.697357      500    76.9    106.9    378.9   1.0    1.4     4.9
   37450  0.702447      500    81.3    103.0    118.3   1.0    1.3     1.5
   38377  0.707538      500    82.5    112.5    269.2   1.0    1.4     3.3
   39327  0.712628      500    82.6    118.9    328.0   1.0    1.4     4.0
   40382  0.717718      500    84.4    115.0    119.8   1.0    1.4     1.4
   41214  0.722808      500    85.9    128.0    292.2   1.0    1.5     3.4
   42062  0.727898      500    86.2    114.7    361.0   1.0    1.3     4.2
   42928  0.732989      500    88.0    109.1    124.1   1.0    1.2     1.4
   43811  0.738079      500    88.2    119.4    259.9   1.0    1.4     2.9
   44531  0.743169      500    89.9    122.0    345.5   1.0    1.4     3.8
   45079  0.748259      500    90.5    123.5    268.9   1.0    1.4     3.0
   45634  0.753349      500    92.3    119.3    351.2   1.0    1.3     3.8
   46195  0.758440      500    92.5    122.5    127.0   1.0    1.3     1.4
   46763  0.763530      500    92.4    127.2    263.6   1.0    1.4     2.9
   47435  0.768620      500    94.2    113.9    325.0   1.0    1.2     3.4
   47823  0.773710      500    93.9    119.0    130.9   1.0    1.3     1.4
   48215  0.778800      500    94.5    125.3    302.4   1.0    1.3     3.2
   48609  0.783891      500    95.6    117.1    328.6   1.0    1.2     3.4
   49007  0.788981      500    96.0    127.0    429.5   1.0    1.3     4.5
   49408  0.794071      500    96.1    115.5    337.7   1.0    1.2     3.5
   49813  0.799161      500    97.2    120.2    132.6   1.0    1.2     1.4
   50221  0.804251      500    97.4    127.4    304.3   1.0    1.3     3.1
   50632  0.809342      500    97.3    128.3    353.9   1.0    1.3     3.6
   51046  0.814432      500    97.7    137.3    367.1   1.0    1.4     3.8
   55381  0.819522      500   107.2    138.3    319.6   1.0    1.3     3.0
   60084  0.824612      500   112.4    155.0    317.4   1.0    1.4     2.8
   64132  0.829702      500   117.1    181.4    407.6   1.0    1.5     3.5
   66528  0.834793      500   119.2    184.9    331.7   1.0    1.6     2.8
   69014  0.839883      500   123.0    214.3    388.8   1.0    1.7     3.2
   71156  0.844973      500   126.9    213.6    334.8   1.0    1.7     2.6
   72473  0.850063      500   137.1    209.2    351.7   1.0    1.5     2.6
   73814  0.855153      500   128.5    207.9    338.4   1.0    1.6     2.6
   75180  0.860244      500   165.8    270.2    419.3   1.0    1.6     2.5
   75795  0.865334      500   143.0    312.6    386.9   1.0    2.2     2.7
   76416  0.870424      500   142.5    401.1    536.6   1.0    2.8     3.8
   77041  0.875514      500   182.9    390.9    428.8   1.0    2.1     2.3
   77672  0.880604      500   144.5    397.7    534.5   1.0    2.8     3.7
   78307  0.885695      500   145.2    368.1    429.1   1.0    2.5     3.0
   78948  0.890785      500   176.1    466.5    557.6   1.0    2.6     3.2
   79595  0.895875      500   176.8    417.6    553.5   1.0    2.4     3.1
   80246  0.900965      500   193.9    365.6    524.8   1.0    1.9     2.7
   80903  0.906055      500   149.2    358.1    476.2   1.0    2.4     3.2
   81565  0.911145      500   177.6    377.5    572.0   1.0    2.1     3.2
   85305  0.916236      500   173.1    394.1    551.3   1.0    2.3     3.2
   89216  0.921326      500   159.8    412.3    521.3   1.0    2.6     3.3
   93306  0.926416      500   169.0    402.7    513.5   1.0    2.4     3.0
  102058  0.935935      935   182.5    481.4    681.0   1.0    2.6     3.8
  109826  0.943682      761   220.6    519.5    664.2   1.0    2.5     3.3
  118669  0.950472      667   272.5    564.1    821.2   1.0    2.1     3.1
  129272  0.956784      620   323.4    577.9    621.8   1.0    1.8     2.2
  141975  0.962689      580   349.3    598.4    664.5   1.0    1.7     1.9
  156563  0.968095      531   375.2    632.4    706.8   1.0    1.7     1.9
  181304  0.975048      683   426.0    713.9    793.4   1.0    1.7     1.8
  206566  0.981003      585   506.5    749.0   1010.9   1.0    1.5     2.0
  231530  0.986491      539   545.8    816.8    886.2   1.0    1.6     1.7
  283277  0.992976      637   629.2    799.9    918.5   1.0    1.3     1.5
  643946  0.998341      527   874.1   1530.6   1651.9   1.0    1.2     1.4
 1000000  1.000000      163  1897.5   2295.9   2379.3   1.0    1.2     1.2
