# Digested data for dctcp_tfo_w4 experiment, run at 2026-04-20 23:51:43.674257
# Averaged across 1 repeated sample(s)
# length  cum_frac  samples     p50      p99     p999   s50    s99    s999
     119  0.010596      500  6580.6 1155848.2 3139552.3 414.4 72396.7 196344.7
     232  0.023015      586  6970.9 1143773.4 3078208.7 442.6 74082.2 198594.1
     259  0.036112      618  6932.5 1148428.5 1421705.5 459.1 76577.2 95224.7
     288  0.048235      572 13678.0 1213788.4 3989575.7 916.1 81571.8 267756.8
     303  0.061395      621  5369.4 1149266.3 3156668.1 360.6 77183.8 211999.2
     308  0.079261      843 12554.5 1170398.5 3156073.9 839.8 78130.7 211085.2
     313  0.096321      805 13384.6 1130209.0 3212100.5 897.7 75903.9 215432.6
     318  0.113593      815 13592.6 1203113.3 3222644.8 911.0 80637.6 215995.0
     323  0.130844      814 12528.0 1169757.0 3235662.6 841.4 78559.9 217304.4
     331  0.146103      720  6313.1 1163009.5 3175878.5 420.7 77793.3 210741.8
     340  0.158585      589  7215.9 1175983.6 3156850.0 484.6 78746.8 212011.4
     350  0.171301      600 15788.0 1183279.1 3161298.8 1055.3 79096.2 211316.8
     360  0.184695      632 13288.4 1171003.7 3147670.0 885.3 78014.9 209704.9
     371  0.198046      630 14215.9 1148922.8 2115509.8 939.0 76442.0 139453.5
     385  0.208706      503  5575.0 2114852.1 3202976.1 369.0 140802.4 211977.2
     415  0.221273      593  3968.8 1136857.8 3037376.5 264.4 75794.2 202356.9
     435  0.232908      549 15621.9 1175299.2 3174743.0 1043.6 78405.5 212499.5
     452  0.244882      565 14300.9 1365068.2 4511518.7 950.0 90883.4 300367.4
     468  0.256877      566 16249.9 1306110.9 3260922.6 1079.0 87132.1 217539.9
     491  0.285763     1363  7241.6 1167980.1 3189978.6 476.7 77718.9 210005.2
     502  0.305451      929  5316.7 1148013.3 3217967.0 352.6 76128.2 213393.0
     513  0.325287      936 13961.5 1157601.2 7223376.9 922.8 76510.3 477420.8
     525  0.344657      914  6870.6 1188861.0 3193910.2 454.1 78576.4 211097.8
     537  0.364388      931 12248.6 1169877.8 3456828.2 811.7 77526.7 229080.7
     549  0.384500      949  7930.8 1261792.2 5218440.0 524.5 83451.9 345134.9
     561  0.404018      921 12674.4 1155561.6 3117006.8 841.0 76679.6 206835.2
     574  0.422986      895  7834.5 1141594.4 3119016.5 517.1 75352.8 205875.7
     587  0.443034      946  7701.9 1157787.8 4088895.8 508.4 76421.6 269894.1
     600  0.461747      883  6653.2 1169826.3 3170652.2 439.7 77318.3 209560.6
     615  0.472619      513 12258.7 1263428.9 3123153.6 808.1 83284.7 205877.0
     630  0.484042      539  5216.7 1159609.4 1623003.7 338.7 75299.3 105389.8
     646  0.494850      510 13977.1 1160917.6 3169661.5 915.3 76026.0 206492.6
     662  0.506379      544  5693.2 1162429.7 3187749.4 372.6 76075.2 207806.3
     679  0.518014      549 13345.3 1204944.9 3458465.3 873.4 78703.1 225895.8
     702  0.531874      654  4588.8 1212081.2 3180859.0 299.1 79014.4 207357.2
     725  0.546052      669 13841.2 1117584.0 3101594.1 901.7 72806.8 201533.1
     749  0.557559      543 13204.4 1156438.3 7269095.9 858.5 75191.0 472633.0
     787  0.572649      712 12884.2 1163405.3 3179088.3 831.8 75301.3 205234.9
     833  0.584093      540 11231.5 1155309.3 1958281.7 725.1 74584.2 126422.3
     914  0.596215      572 14039.3 1646645.6 3149553.3 901.7 105757.6 201120.9
    1009  0.607511      533 14505.4 1170077.8 4265098.0 919.7 73948.9 271662.3
    1130  0.618510      519 13253.9 1315791.1 3440111.2 832.3 82754.2 215007.0
    1277  0.629297      509 13539.1 1152182.4 1439883.3 844.9 71707.6 89433.7
    1436  0.642161      607  7339.9 1146849.3 3148514.7 443.2 70394.0 194113.1
    1585  0.655809      644 14329.2 1135936.6 3192323.7 594.1 47095.2 132516.6
    1664  0.667910      571 15107.8 1148274.3 3100233.7 626.1 47587.0 128480.5
    2742  0.680265      583 10381.2 1213163.7 3232812.0 431.8 50276.2 133863.9
    5210  0.693320      616 16087.7 1225049.5 4415288.6 609.5 47354.1 173012.9
    7217  0.705633      581 13654.4 1149578.2 3325589.2 161.2 35043.1 46984.2
   18203  0.716463      511 15128.9 1169141.5 3410335.3 260.0 30812.8 110081.8
   34801  0.727462      519 17908.6 1202462.8 2309444.1 280.5 20941.4 42058.7
   39327  0.738969      543 19545.8 1405839.5 5040965.0 231.5 18163.0 61981.6
   42062  0.750392      539 18239.2 1324731.7 3804367.0 185.6 14656.3 39993.1
   44531  0.761518      525 19121.7 2265927.7 3574040.3 209.7 25508.6 41066.8
   46195  0.773662      573 20495.8 1472250.8 4337324.0 189.9 15196.7 46966.1
   47823  0.786059      585 18891.8 1569999.6 3353296.8 200.6 15572.3 34308.5
   49007  0.797821      555 19341.1 1349561.7 3884135.8 198.5 14225.4 40941.7
   50221  0.808884      522 20614.4 1635731.2 2676184.5 216.4 16996.4 27746.9
   60084  0.822384      637 20174.8 1416259.7 3469058.2 190.8 13712.3 35855.9
   71156  0.833913      544 20626.3 1558009.1 3246442.1 142.4 12458.1 25959.1
   75795  0.845484      546 19291.3 1381881.0 3149451.0 138.1 11075.4 20451.0
   78307  0.856652      527 19918.9 1966712.7 5712186.3 129.2 12718.0 37307.7
   80903  0.869156      590 20733.0 2295614.6 3807113.6 131.5 14581.8 24080.4
   93306  0.881914      602 25987.4 1471495.1 5702126.7 154.2 8745.9 32139.1
  109826  0.893570      550 23152.7 1712924.8 3239452.1 120.4 8769.8 17376.2
  129272  0.904272      505 24389.8 1837097.0 3263752.2 110.9 8027.9 15600.4
  156563  0.915420      526 25600.7 1792725.4 3859264.1  96.3 5796.5 12716.7
  189618  0.926694      532 26569.2 2404114.5 3206420.9  69.9 6458.8  8148.3
  223195  0.937715      520 40087.4 3317757.4 5395961.7  84.5 7497.2 11198.0
  268113  0.949180      541 28592.6 3205857.5 8841431.6  55.3 6057.3 16620.8
  514641  0.962552      631 40728.3 4640254.9 7564947.4  50.4 5332.0 10254.5
 1000000  1.000000     1767 108988.2 7607458.8 9322807.1  63.3 3933.9  5229.0
