# Fraction of RTTS longer than a given time for dctcp_w4 experiment
# Includes messages <= 315 bytes; measured at 2026-04-20 23:51:43.674257
# Averaged across 1 repeated sample(s)
# Data collected at 2026-04-20 23:51:43.674257 
#       usec        frac
     179.880  0.99992084
     243.920  0.99984167
     348.540  0.99976251
     387.050  0.99968334
     437.550  0.99960418
     487.900  0.99952502
     509.530  0.99936669
     532.680  0.99928752
     580.060  0.99920836
     664.530  0.99912920
     712.180  0.99897087
     739.860  0.99889170
     748.500  0.99873338
     791.620  0.99865421
     807.790  0.99857505
     842.630  0.99841672
     862.730  0.99833756
     871.800  0.99825839
     892.320  0.99817923
     911.810  0.99810006
     933.470  0.99802090
     983.850  0.99794174
    1007.610  0.99786257
    1020.770  0.99770424
    1070.020  0.99762508
    1087.210  0.99746675
    1105.980  0.99738759
    1123.510  0.99722926
    1146.960  0.99699177
    1159.660  0.99675427
    1171.430  0.99667511
    1212.500  0.99651678
    1229.830  0.99635845
    1253.910  0.99620013
    1276.480  0.99604180
    1302.480  0.99588347
    1319.640  0.99564598
    1340.120  0.99548765
    1358.180  0.99532932
    1406.520  0.99509183
    1421.740  0.99501267
    1437.310  0.99485434
    1463.560  0.99477517
    1487.080  0.99461685
    1506.960  0.99445852
    1538.700  0.99430019
    1570.430  0.99390437
    1595.010  0.99382521
    1616.450  0.99374604
    1638.140  0.99342939
    1660.210  0.99311273
    1680.180  0.99303357
    1726.520  0.99279607
    1753.500  0.99263775
    1776.410  0.99224193
    1803.140  0.99200443
    1823.840  0.99152945
    1852.900  0.99137112
    1876.610  0.99113363
    1907.290  0.99097530
    1936.110  0.99081697
    1957.930  0.99057948
    1993.060  0.99034199
    2056.200  0.99010450
    2083.750  0.98994617
    2109.530  0.98970868
    2141.310  0.98947118
    2184.040  0.98923369
    2207.090  0.98915453
    2229.500  0.98883787
    2272.620  0.98852122
    2299.480  0.98828372
    2323.590  0.98796707
    2348.660  0.98780874
    2390.470  0.98733376
    2415.780  0.98717543
    2441.670  0.98701710
    2467.410  0.98677961
    2497.100  0.98646295
    2524.880  0.98614630
    2552.300  0.98590880
    2587.010  0.98551298
    2627.700  0.98543382
    2659.880  0.98527549
    2693.980  0.98472134
    2725.730  0.98424636
    2766.130  0.98400887
    2809.620  0.98353388
    2841.410  0.98321723
    2876.800  0.98290057
    2923.380  0.98234642
    2956.300  0.98202977
    3028.540  0.98163395
    3058.920  0.98123813
    3090.350  0.98060481
    3122.560  0.98020899
    3155.110  0.97949652
    3203.490  0.97870488
    3235.670  0.97791324
    3271.510  0.97759658
    3310.210  0.97712160
    3348.700  0.97688410
    3389.080  0.97640912
    3428.470  0.97593414
    3466.510  0.97553832
    3503.850  0.97482584
    3540.710  0.97450918
    3582.580  0.97395503
    3622.010  0.97332172
    3660.080  0.97268841
    3701.700  0.97197593
    3753.310  0.97118429
    3791.250  0.97055098
    3832.920  0.97023433
    3880.520  0.96968018
    3924.420  0.96873021
    3963.780  0.96825522
    4010.310  0.96793857
    4058.030  0.96762191
    4123.660  0.96659278
    4169.640  0.96611780
    4214.240  0.96580114
    4259.560  0.96508866
    4304.450  0.96461368
    4356.310  0.96398037
    4400.620  0.96374288
    4446.390  0.96318873
    4491.040  0.96247625
    4539.890  0.96176377
    4588.150  0.96089297
    4637.020  0.96025966
    4699.280  0.95946802
    4754.390  0.95843889
    4802.920  0.95772641
    4852.670  0.95709310
    4902.110  0.95638062
    4952.420  0.95566814
    5010.140  0.95487650
    5067.160  0.95432236
    5118.900  0.95360988
    5174.610  0.95289740
    5234.600  0.95202660
    5286.990  0.95131412
    5342.760  0.95068081
    5398.110  0.94981001
    5452.720  0.94886004
    5516.460  0.94783091
    5575.820  0.94672261
    5639.980  0.94585180
    5699.820  0.94529766
    5766.530  0.94434769
    5827.930  0.94292274
    5891.690  0.94181444
    5967.150  0.94133946
    6028.740  0.94070614
    6091.200  0.93983534
    6160.000  0.93833122
    6229.050  0.93746042
    6292.870  0.93666878
    6358.030  0.93556048
    6436.150  0.93453135
    6501.010  0.93342305
    6567.010  0.93191894
    6638.630  0.93073148
    6711.340  0.92986067
    6779.770  0.92867321
    6847.990  0.92716909
    6925.300  0.92606080
    6995.700  0.92471501
    7066.190  0.92344839
    7137.500  0.92249842
    7216.070  0.92154845
    7294.600  0.92004433
    7370.240  0.91877771
    7447.990  0.91727359
    7523.630  0.91624446
    7602.070  0.91466118
    7681.690  0.91323623
    7770.210  0.91212793
    7849.800  0.91046548
    7929.510  0.90888220
    8009.580  0.90753642
    8099.000  0.90650728
    8183.030  0.90563648
    8276.500  0.90444902
    8364.310  0.90302407
    8454.010  0.90199493
    8541.570  0.90009500
    8633.070  0.89851172
    8721.060  0.89700760
    8813.710  0.89558265
    8908.720  0.89376187
    8998.640  0.89233692
    9091.860  0.89067448
    9191.310  0.88893287
    9291.430  0.88695377
    9385.150  0.88529132
    9480.380  0.88410386
    9576.640  0.88259975
    9672.740  0.88030399
    9778.250  0.87856238
    9878.430  0.87666244
    9985.150  0.87555415
   10085.220  0.87397087
   10186.580  0.87262508
   10294.570  0.87064598
   10401.340  0.86945852
   10510.850  0.86724193
   10622.510  0.86573781
   10731.330  0.86360038
   10842.040  0.86162128
   10950.960  0.85972134
   11069.620  0.85782141
   11185.600  0.85584231
   11297.700  0.85402153
   11422.910  0.85220076
   11538.050  0.85037999
   11655.500  0.84848005
   11774.490  0.84665928
   11899.110  0.84468018
   12028.540  0.84190944
   12154.220  0.83985117
   12279.560  0.83755541
   12404.700  0.83565548
   12550.780  0.83359721
   12692.590  0.83138062
   12819.840  0.82884737
   12948.650  0.82599747
   13081.260  0.82417669
   13219.770  0.82116846
   13358.460  0.81895187
   13495.680  0.81633946
   13643.950  0.81380621
   13789.850  0.81182711
   13936.540  0.80953135
   14087.000  0.80652312
   14228.570  0.80335655
   14380.610  0.80011083
   14540.290  0.79741925
   14687.480  0.79401520
   14834.830  0.79116529
   14995.810  0.78807790
   15151.750  0.78411970
   15306.100  0.78024066
   15462.820  0.77731159
   15642.260  0.77303673
   15812.080  0.76947435
   15971.050  0.76559531
   16131.190  0.76211210
   16293.540  0.75886637
   16469.640  0.75522483
   16638.870  0.75118746
   16806.550  0.74651678
   16978.410  0.74184611
   17148.670  0.73670044
   17321.200  0.73282141
   17494.680  0.72917986
   17672.220  0.72482584
   17853.080  0.72078847
   18035.980  0.71754275
   18217.950  0.71247625
   18400.520  0.70804307
   18584.840  0.70368904
   18774.850  0.69925586
   18972.010  0.69466434
   19163.140  0.69023116
   19357.250  0.68516466
   19556.760  0.68065231
   19755.710  0.67518999
   19953.570  0.66980684
   20155.010  0.66474034
   20357.120  0.65975301
   20563.950  0.65318239
   20770.920  0.64819506
   20979.280  0.64320773
   21190.610  0.63719126
   21404.080  0.63220393
   21618.530  0.62626662
   21830.100  0.61993350
   22035.740  0.61367954
   22257.780  0.60782141
   22481.340  0.60196327
   22707.140  0.59658011
   22937.070  0.59143445
   23125.860  0.58549715
   23358.460  0.58019316
   23583.060  0.57433502
   23818.080  0.56855605
   24016.850  0.56285624
   24256.620  0.55715643
   24454.230  0.55153578
   24700.530  0.54607346
   24899.960  0.54061115
   25155.180  0.53562381
   25408.620  0.53071564
   25657.510  0.52533249
   25896.430  0.52002850
   26133.060  0.51480367
   26313.640  0.50957885
   26581.350  0.50490817
   26860.820  0.49992084
   27089.800  0.49485434
   27347.720  0.48986700
   27580.820  0.48495883
   27770.420  0.48005066
   27939.100  0.47522166
   28219.490  0.47094680
   28424.780  0.46619696
   28696.790  0.46152628
   28939.880  0.45685560
   29212.480  0.45226409
   29415.100  0.44767258
   29609.460  0.44316023
   29874.520  0.43872704
   30184.250  0.43461051
   30430.010  0.43025649
   30693.060  0.42590247
   30963.550  0.42162761
   31239.720  0.41735275
   31457.550  0.41315706
   31723.710  0.40896137
   31997.720  0.40484484
   32258.420  0.40072831
   32581.930  0.39684927
   32849.880  0.39281191
   33133.550  0.38885370
   33360.220  0.38489550
   33599.720  0.38101647
   33811.180  0.37713743
   34086.160  0.37333756
   34293.180  0.36953768
   34600.330  0.36581697
   34883.790  0.36209626
   35102.270  0.35845472
   35331.570  0.35481317
   35573.530  0.35125079
   35840.970  0.34768841
   36082.300  0.34420519
   36256.460  0.34072198
   36531.070  0.33723876
   36801.600  0.33383471
   37065.850  0.33043065
   37221.140  0.32710576
   37385.420  0.32378087
   37586.730  0.32053515
   37809.340  0.31728942
   37971.850  0.31404370
   38144.940  0.31087714
   38310.630  0.30771058
   38560.790  0.30462318
   38746.810  0.30153578
   38985.210  0.29844839
   39253.450  0.29544015
   39417.360  0.29243192
   39622.520  0.28950285
   39771.200  0.28657378
   39928.240  0.28364471
   40099.570  0.28079481
   40292.450  0.27794490
   40489.580  0.27509500
   40725.050  0.27232426
   40865.980  0.26955351
   41054.460  0.26678277
   41325.490  0.26409120
   41490.220  0.26139962
   41653.560  0.25870804
   41950.880  0.25609563
   42189.380  0.25348322
   42376.950  0.25087080
   42533.030  0.24833756
   42789.430  0.24580431
   42977.460  0.24327106
   43152.370  0.24081697
   43374.960  0.23836289
   43569.490  0.23590880
   43702.690  0.23353388
   43885.100  0.23115896
   44039.550  0.22878404
   44189.010  0.22648828
   44417.720  0.22419253
   44573.860  0.22189677
   44783.730  0.21960101
   44978.360  0.21738442
   45155.010  0.21516783
   45295.550  0.21295123
   45487.660  0.21081381
   45666.650  0.20867638
   45805.790  0.20653895
   45947.200  0.20440152
   46138.850  0.20234326
   46333.180  0.20028499
   46525.810  0.19822673
   46776.110  0.19616846
   46980.520  0.19418936
   47143.740  0.19221026
   47329.610  0.19023116
   47516.060  0.18825206
   47675.990  0.18635212
   47875.850  0.18445218
   48077.580  0.18255225
   48319.200  0.18065231
   48448.510  0.17883154
   48606.990  0.17701077
   48786.700  0.17518999
   49010.590  0.17336922
   49276.780  0.17162761
   49500.810  0.16988600
   49722.290  0.16814440
   49975.540  0.16640279
   50169.830  0.16466118
   50321.900  0.16299873
   50546.850  0.16133629
   50663.230  0.15967384
   50820.640  0.15801140
   51055.390  0.15642812
   51198.460  0.15484484
   51433.680  0.15326156
   51587.260  0.15167828
   51772.110  0.15009500
   51900.470  0.14859088
   52009.280  0.14708676
   52216.730  0.14558265
   52486.200  0.14407853
   52641.380  0.14257441
   52863.400  0.14107030
   53022.090  0.13964535
   53273.460  0.13822039
   53506.700  0.13679544
   53700.410  0.13537049
   53958.140  0.13394554
   54243.320  0.13259975
   54482.540  0.13125396
   54686.940  0.12990817
   54915.710  0.12856238
   55173.460  0.12721659
   55333.590  0.12587080
   55520.680  0.12460418
   55831.570  0.12333756
   56097.050  0.12207093
   56267.880  0.12080431
   56473.640  0.11953768
   56658.820  0.11827106
   56904.570  0.11708360
   57138.240  0.11589614
   57349.020  0.11470868
   57607.350  0.11352122
   57879.460  0.11233376
   58050.710  0.11114630
   58301.050  0.10995883
   58570.870  0.10885054
   58724.640  0.10774224
   58911.690  0.10663395
   59070.340  0.10552565
   59227.080  0.10441735
   59464.370  0.10330906
   59661.440  0.10220076
   59888.900  0.10117163
   60008.410  0.10014250
   60170.340  0.09911336
   60415.230  0.09808423
   60689.660  0.09705510
   60910.380  0.09602597
   61035.430  0.09499683
   61161.020  0.09404687
   61400.340  0.09309690
   61596.090  0.09214693
   61755.350  0.09119696
   61890.220  0.09024699
   62039.720  0.08929702
   62241.010  0.08834706
   62413.360  0.08739709
   62603.340  0.08644712
   62766.800  0.08557631
   62980.920  0.08470551
   63164.380  0.08383471
   63368.180  0.08296390
   63501.820  0.08209310
   63768.730  0.08122229
   63953.130  0.08035149
   64129.820  0.07948068
   64284.630  0.07860988
   64405.370  0.07781824
   64594.520  0.07702660
   64725.510  0.07623496
   64871.700  0.07544332
   65061.250  0.07465168
   65158.700  0.07386004
   65309.880  0.07306840
   65468.640  0.07227676
   65567.070  0.07148512
   65896.280  0.07069348
   66074.140  0.06998100
   66220.380  0.06926852
   66468.780  0.06855605
   66530.680  0.06784357
   66751.630  0.06713110
   66870.590  0.06641862
   67075.390  0.06570614
   67214.440  0.06499367
   67459.950  0.06428119
   67595.330  0.06356871
   67837.420  0.06285624
   67950.030  0.06222293
   68111.710  0.06158961
   68312.590  0.06095630
   68398.340  0.06032299
   68601.770  0.05968968
   68861.600  0.05905636
   69041.390  0.05842305
   69213.390  0.05778974
   69388.510  0.05715643
   69643.790  0.05652312
   69753.300  0.05588980
   69940.070  0.05525649
   70090.490  0.05470234
   70293.970  0.05414820
   70412.960  0.05359405
   70533.060  0.05303990
   70608.850  0.05248575
   70809.820  0.05193160
   70966.580  0.05137745
   71054.550  0.05082331
   71292.310  0.05026916
   71383.770  0.04971501
   71670.620  0.04916086
   71929.430  0.04860671
   72080.800  0.04805256
   72194.750  0.04749842
   72318.570  0.04702343
   72410.990  0.04654845
   72629.100  0.04607346
   72850.060  0.04559848
   73061.760  0.04512350
   73153.700  0.04464851
   73273.740  0.04417353
   73497.420  0.04369854
   73575.690  0.04322356
   73871.050  0.04274858
   74161.200  0.04227359
   74305.770  0.04179861
   74556.730  0.04132362
   74802.040  0.04084864
   74992.030  0.04037365
   75194.590  0.03989867
   75515.370  0.03942369
   75743.660  0.03902787
   76088.280  0.03863205
   76464.020  0.03823623
   76584.550  0.03784041
   76770.240  0.03744459
   76932.890  0.03704877
   77111.380  0.03665294
   77172.280  0.03625712
   77281.330  0.03586130
   77504.810  0.03546548
   77645.380  0.03506966
   77973.830  0.03467384
   78216.380  0.03427802
   78515.620  0.03388220
   78647.770  0.03348638
   78918.440  0.03309056
   79033.320  0.03269474
   79382.440  0.03229892
   79538.350  0.03190310
   79750.730  0.03150728
   79958.570  0.03119063
   79988.180  0.03087397
   80189.520  0.03055731
   80356.370  0.03024066
   80494.970  0.02992400
   80624.120  0.02960735
   80823.500  0.02929069
   81363.440  0.02897403
   81491.680  0.02865738
   81620.630  0.02834072
   81676.440  0.02802407
   81923.530  0.02770741
   82046.380  0.02739075
   82133.120  0.02707410
   82268.580  0.02675744
   82587.680  0.02644079
   82875.540  0.02612413
   83104.370  0.02580747
   83629.010  0.02549082
   83869.520  0.02517416
   84280.510  0.02485750
   84551.890  0.02454085
   85263.760  0.02422419
   85569.800  0.02390754
   85723.330  0.02359088
   85936.800  0.02335339
   86190.080  0.02311590
   86362.390  0.02287840
   86486.910  0.02264091
   86693.590  0.02240342
   86867.410  0.02216593
   86934.220  0.02192844
   87083.340  0.02169094
   87445.500  0.02145345
   87587.430  0.02121596
   87765.930  0.02097847
   88074.170  0.02074098
   88292.350  0.02050348
   88518.250  0.02026599
   88649.620  0.02002850
   88806.400  0.01979101
   88959.460  0.01955351
   89068.950  0.01931602
   89335.490  0.01907853
   89560.980  0.01884104
   89669.040  0.01860355
   90064.860  0.01836605
   90672.640  0.01812856
   91060.910  0.01789107
   91311.130  0.01765358
   91347.730  0.01741609
   91570.760  0.01717859
   91749.560  0.01694110
   91809.490  0.01670361
   92086.010  0.01646612
   92208.310  0.01622863
   92490.500  0.01599113
   92549.240  0.01575364
   92760.870  0.01559531
   92861.360  0.01543699
   93052.700  0.01527866
   93081.060  0.01512033
   93266.550  0.01496200
   93568.200  0.01480367
   93804.860  0.01464535
   94045.990  0.01448702
   94193.530  0.01432869
   94395.440  0.01417036
   95010.880  0.01401203
   95382.730  0.01385370
   95589.390  0.01369538
   95968.070  0.01353705
   95990.460  0.01337872
   96438.480  0.01322039
   97253.820  0.01306206
   97327.130  0.01290374
   97517.140  0.01274541
   97829.940  0.01258708
   98148.970  0.01242875
   98525.710  0.01227042
   98922.010  0.01211210
   99284.040  0.01195377
   99795.900  0.01179544
  100177.720  0.01163711
  100614.960  0.01147878
  101323.700  0.01132046
  101977.510  0.01116213
  102433.540  0.01100380
  102799.390  0.01084547
  103104.970  0.01068714
  103449.020  0.01052882
  103734.680  0.01037049
  103780.950  0.01021216
  104057.360  0.01005383
  104345.020  0.00989550
  104417.210  0.00973718
  104825.630  0.00957885
  105017.520  0.00942052
  105147.380  0.00926219
  106026.850  0.00910386
  106367.100  0.00894554
  106486.430  0.00878721
  106707.330  0.00862888
  107010.400  0.00847055
  107531.270  0.00831222
  107982.890  0.00815389
  108266.810  0.00799557
  108292.250  0.00783724
  108314.980  0.00775807
  108453.580  0.00767891
  108611.630  0.00759975
  108724.430  0.00752058
  109102.990  0.00744142
  109379.850  0.00736225
  109628.370  0.00728309
  109649.850  0.00720393
  109653.120  0.00712476
  109668.940  0.00704560
  109687.440  0.00696643
  109737.560  0.00688727
  109787.240  0.00680811
  110002.770  0.00672894
  110086.480  0.00664978
  110315.150  0.00657061
  110605.830  0.00649145
  110622.510  0.00641229
  111045.380  0.00633312
  111184.700  0.00625396
  111396.430  0.00617479
  111490.300  0.00609563
  111815.460  0.00601647
  112243.260  0.00593730
  113177.320  0.00585814
  113304.860  0.00577897
  114567.250  0.00569981
  115172.380  0.00562065
  115405.450  0.00554148
  115548.300  0.00546232
  115858.780  0.00538315
  115923.390  0.00530399
  116309.640  0.00522483
  116401.450  0.00514566
  116560.400  0.00506650
  116639.380  0.00498733
  117507.650  0.00490817
  118229.440  0.00482901
  118275.890  0.00474984
  119011.650  0.00467068
  119428.330  0.00459151
  119445.360  0.00451235
  119631.840  0.00443319
  120157.260  0.00435402
  120270.110  0.00427486
  121318.170  0.00419569
  122274.100  0.00411653
  122852.600  0.00403737
  123319.100  0.00395820
  123705.100  0.00387904
  124824.940  0.00379987
  125086.290  0.00372071
  125524.160  0.00364155
  126404.140  0.00356238
  127564.220  0.00348322
  127569.610  0.00340405
  128369.430  0.00332489
  128668.660  0.00324573
  129578.060  0.00316656
  131584.010  0.00308740
  132234.920  0.00300823
  132456.150  0.00292907
  133776.060  0.00284991
  133878.830  0.00277074
  134190.170  0.00269158
  134583.530  0.00261241
  134803.280  0.00253325
  137103.800  0.00245408
  137421.320  0.00237492
  137641.970  0.00229576
  137747.980  0.00221659
  138207.700  0.00213743
  140290.630  0.00205826
  140396.350  0.00197910
  140848.310  0.00189994
  141879.530  0.00182077
  144751.490  0.00174161
  148635.030  0.00166244
  151048.810  0.00158328
  151249.970  0.00150412
  151895.460  0.00142495
  152774.290  0.00134579
  154091.360  0.00126662
  158367.060  0.00118746
  165426.140  0.00110830
  178765.000  0.00102913
  267987.230  0.00094997
  338920.610  0.00087080
 1034938.990  0.00079164
 1040169.730  0.00071248
 1049000.080  0.00063331
 1049399.460  0.00055415
 1051236.430  0.00047498
 1052129.230  0.00039582
 1065039.220  0.00031666
 1066116.040  0.00023749
 1105855.910  0.00015833
 1107912.210  0.00007916
 1129597.790  0.00000000
