# Digested data for unloaded_w4 experiment, run at 2026-04-20 23:51:43.674257
# Averaged across 1 repeated sample(s)
# length  cum_frac  samples     p50      p99     p999   s50    s99    s999
      60  0.005019      500    16.7     34.7    233.8   1.0    2.1    14.0
      72  0.010038      500    16.1     32.9     36.2   1.0    2.0     2.3
      92  0.015057      500    15.9     33.5     70.8   1.0    2.1     4.5
     119  0.020076      500    16.0     33.1     33.5   1.0    2.1     2.1
     154  0.025095      500    15.7     31.9     33.2   1.0    2.0     2.1
     199  0.030114      500    15.8     31.9     33.0   1.0    2.0     2.1
     222  0.035132      500    15.5     32.7     33.2   1.0    2.1     2.1
     227  0.040151      500    15.3     32.2     33.2   1.0    2.1     2.2
     232  0.045170      500    15.3     32.0     34.7   1.0    2.1     2.3
     237  0.050189      500    15.2     31.6     40.6   1.0    2.1     2.7
     243  0.055208      500    15.1     31.6     32.3   1.0    2.1     2.1
     248  0.060227      500    15.0     32.0     33.6   1.0    2.1     2.2
     254  0.065246      500    14.9     30.1    229.8   1.0    2.0    15.4
     259  0.070265      500    14.9     30.4     33.0   1.0    2.0     2.2
     265  0.075284      500    14.9     31.9     33.7   1.0    2.1     2.3
     271  0.080303      500    14.9     30.0     32.3   1.0    2.0     2.2
     279  0.085322      500    14.9     30.9    229.0   1.0    2.1    15.3
     288  0.090341      500    14.9     31.7     44.5   1.0    2.1     3.0
     297  0.095360      500    14.9     30.6     32.3   1.0    2.0     2.2
     303  0.100378      500    14.9     29.9     31.3   1.0    2.0     2.1
     305  0.105397      500    15.0     31.5     32.9   1.0    2.1     2.2
     308  0.110416      500    14.9     31.3     32.5   1.0    2.1     2.2
     310  0.115435      500    14.9     31.6     32.7   1.0    2.1     2.2
     313  0.120454      500    14.9     31.6     32.6   1.0    2.1     2.2
     315  0.125473      500    14.9     31.5     38.9   1.0    2.1     2.6
     318  0.130492      500    14.9     30.6     31.9   1.0    2.0     2.1
     321  0.135511      500    14.9     30.4     32.3   1.0    2.0     2.2
     323  0.140530      500    14.9     29.8     32.6   1.0    2.0     2.2
     326  0.145549      500    14.9     30.6    231.5   1.0    2.0    15.5
     331  0.150568      500    15.1     31.5     32.8   1.0    2.1     2.2
     335  0.155587      500    14.9     31.6     38.0   1.0    2.1     2.5
     340  0.160605      500    14.9     30.4     32.7   1.0    2.0     2.2
     345  0.165624      500    15.0     31.4    215.4   1.0    2.1    14.4
     350  0.170643      500    14.9     29.8     30.6   1.0    2.0     2.0
     355  0.175662      500    15.0     30.6     32.2   1.0    2.0     2.2
     360  0.180681      500    15.0     31.1     41.1   1.0    2.1     2.7
     365  0.185700      500    15.0     31.7     46.4   1.0    2.1     3.1
     371  0.190719      500    15.2     32.2     38.8   1.0    2.1     2.6
     376  0.195738      500    15.1     32.3     47.0   1.0    2.1     3.1
     385  0.200757      500    15.0     32.0     32.6   1.0    2.1     2.2
     395  0.205776      500    15.0     32.0     34.2   1.0    2.1     2.3
     405  0.210795      500    15.0     30.8     34.4   1.0    2.1     2.3
     415  0.215814      500    14.9     30.8     32.1   1.0    2.1     2.1
     425  0.220833      500    15.0     31.8     33.8   1.0    2.1     2.3
     430  0.225851      500    15.0     32.0    230.8   1.0    2.1    15.4
     435  0.230870      500    14.9     31.7     33.0   1.0    2.1     2.2
     441  0.235889      500    15.0     30.7     32.9   1.0    2.1     2.2
     446  0.240908      500    15.0     32.4    224.9   1.0    2.2    15.0
     452  0.245927      500    15.1     31.3     32.7   1.0    2.1     2.2
     457  0.250946      500    15.0     32.1     32.6   1.0    2.1     2.2
     463  0.255965      500    15.1     32.1     36.5   1.0    2.1     2.4
     468  0.260984      500    15.0     30.5     32.5   1.0    2.0     2.2
     474  0.266003      500    15.0     30.4     34.4   1.0    2.0     2.3
     480  0.271022      500    15.0     32.1     32.3   1.0    2.1     2.2
     491  0.276041      500    15.2     31.4     32.6   1.0    2.1     2.1
     502  0.281060      500    15.1     30.1     32.6   1.0    2.0     2.2
     513  0.286079      500    15.1     30.2     31.3   1.0    2.0     2.1
     525  0.291097      500    15.1     29.1     32.6   1.0    1.9     2.2
     537  0.296116      500    15.1     31.1     32.5   1.0    2.1     2.2
     549  0.301135      500    15.1     32.2     32.5   1.0    2.1     2.1
     561  0.306154      500    15.1     31.0    233.0   1.0    2.1    15.5
     574  0.311173      500    15.2     31.5     32.7   1.0    2.1     2.2
     587  0.316192      500    15.2     30.6     32.6   1.0    2.0     2.1
     600  0.321211      500    15.1     31.2    217.4   1.0    2.1    14.4
     607  0.326230      500    15.2     30.8     32.6   1.0    2.0     2.1
     615  0.331249      500    15.2     30.7     33.0   1.0    2.0     2.2
     623  0.336268      500    15.4     31.2     33.2   1.0    2.0     2.2
     630  0.341287      500    15.4     30.8     33.0   1.0    2.0     2.1
     638  0.346306      500    15.3     30.8     32.6   1.0    2.0     2.1
     646  0.351324      500    15.3     30.8     33.0   1.0    2.0     2.1
     654  0.356343      500    15.3     32.1     33.3   1.0    2.1     2.2
     662  0.361362      500    15.3     30.4     32.5   1.0    2.0     2.1
     671  0.366381      500    15.3     32.2     32.9   1.0    2.1     2.2
     679  0.371400      500    15.3     31.5     33.3   1.0    2.1     2.2
     685  0.376419      500    15.3     31.9     32.9   1.0    2.1     2.1
     690  0.381438      500    15.3     31.6     34.1   1.0    2.1     2.2
     696  0.386457      500    15.3     32.5    231.7   1.0    2.1    15.1
     702  0.391476      500    15.3     31.5     44.3   1.0    2.1     2.9
     707  0.396495      500    15.4     32.2     32.9   1.0    2.1     2.1
     713  0.401514      500    15.3     32.1    214.8   1.0    2.1    14.0
     719  0.406533      500    15.4     32.2     33.4   1.0    2.1     2.2
     725  0.411552      500    15.4     32.1     32.5   1.0    2.1     2.1
     731  0.416570      500    15.4     31.5     33.1   1.0    2.1     2.2
     737  0.421589      500    15.4     32.4     34.1   1.0    2.1     2.2
     749  0.426608      500    15.4     31.5     39.2   1.0    2.0     2.5
     762  0.431627      500    15.4     31.4     32.6   1.0    2.0     2.1
     774  0.436646      500    15.5     32.4     32.8   1.0    2.1     2.1
     787  0.441665      500    15.5     32.0     32.6   1.0    2.1     2.1
     800  0.446684      500    15.5     32.1     33.0   1.0    2.1     2.1
     816  0.451703      500    15.5     31.2     33.2   1.0    2.0     2.1
     833  0.456722      500    15.5     31.6     43.6   1.0    2.0     2.8
     850  0.461741      500    15.5     31.9    231.6   1.0    2.1    15.0
     867  0.466760      500    15.6     31.4     33.0   1.0    2.0     2.1
     885  0.471779      500    15.6     31.8     33.8   1.0    2.0     2.2
     914  0.476798      500    15.7     32.6    228.9   1.0    2.1    14.6
     945  0.481816      500    15.7     31.5     33.0   1.0    2.0     2.1
     976  0.486835      500    15.7     32.7     33.3   1.0    2.1     2.1
    1009  0.491854      500    15.8     32.9     33.1   1.0    2.1     2.1
    1042  0.496873      500    15.9     31.7     38.3   1.0    2.0     2.4
    1085  0.501892      500    15.9     31.5     35.3   1.0    2.0     2.2
    1130  0.506911      500    16.0     32.6     46.3   1.0    2.0     2.9
    1177  0.511930      500    16.0     32.9     34.1   1.0    2.1     2.1
    1226  0.516949      500    16.1     32.8     34.0   1.0    2.0     2.1
    1277  0.521968      500    16.2     32.0     33.6   1.0    2.0     2.1
    1316  0.526987      500    16.2     33.1     33.7   1.0    2.0     2.1
    1357  0.532006      500    16.3     33.3     48.6   1.0    2.0     3.0
    1399  0.537025      500    16.4     33.4    232.4   1.0    2.0    14.2
    1436  0.542044      500    24.1    147.9    155.5   1.0    6.1     6.4
    1484  0.547062      500    24.2    137.8    236.5   1.0    5.7     9.8
    1534  0.552081      500    24.1     40.4     43.1   1.0    1.7     1.8
    1559  0.557100      500    24.1     40.2     42.0   1.0    1.7     1.7
    1585  0.562119      500    24.1     40.0     42.7   1.0    1.7     1.8
    1611  0.567138      500    24.1     40.2     41.4   1.0    1.7     1.7
    1637  0.572157      500    24.1     42.0     46.6   1.0    1.7     1.9
    1664  0.577176      500    24.1     40.0     49.6   1.0    1.7     2.1
    1865  0.582195      500    24.0     49.7    294.9   1.0    2.1    12.3
    2091  0.587214      500    24.1     41.3     42.0   1.0    1.7     1.7
    2412  0.592233      500    24.1     56.1    226.6   1.0    2.3     9.4
    2742  0.597252      500    24.0     40.6     42.2   1.0    1.7     1.8
    3118  0.602271      500    25.5     42.6     49.4   1.0    1.7     1.9
    3544  0.607289      500    25.7     42.3     44.3   1.0    1.6     1.7
    4030  0.612308      500    25.9     43.0     65.0   1.0    1.7     2.5
    4582  0.617327      500    27.4     44.5     47.0   1.0    1.6     1.7
    5210  0.622346      500    27.6     45.7     53.3   1.0    1.7     1.9
    5652  0.627365      500    27.7    153.0    303.4   1.0    5.5    11.0
    6132  0.632384      500    94.2    153.5    297.9   1.0    1.6     3.2
    6653  0.637403      500    94.9    155.6    171.6   1.0    1.6     1.8
    7217  0.642422      500    31.4    141.4    247.0   1.0    4.5     7.9
    7830  0.647441      500    31.0     48.7     53.0   1.0    1.6     1.7
   10373  0.652460      500    95.1    169.2    239.2   1.0    1.8     2.5
   13741  0.657479      500    38.0     56.4     71.1   1.0    1.5     1.9
   18203  0.662498      500    42.8     67.7     94.2   1.0    1.6     2.2
   24115  0.667517      500    54.9     94.8    299.2   1.0    1.7     5.4
   31946  0.672535      500    65.4     90.7    279.6   1.0    1.4     4.3
   33343  0.677554      500    66.0     90.7     99.7   1.0    1.4     1.5
   34801  0.682573      500    68.5     91.9     93.4   1.0    1.3     1.4
   36322  0.687592      500    74.2    137.8    337.6   1.0    1.9     4.5
   37450  0.692611      500    80.3    101.1    113.2   1.0    1.3     1.4
   38377  0.697630      500    81.3    111.1    128.0   1.0    1.4     1.6
   39327  0.702649      500   113.5    205.1    393.4   1.0    1.8     3.5
   40382  0.707668      500   112.8    192.0    220.2   1.0    1.7     2.0
   41214  0.712687      500   108.3    194.6    374.2   1.0    1.8     3.5
   42062  0.717706      500    86.4    175.4    193.2   1.0    2.0     2.2
   42928  0.722725      500    88.8    193.5    349.8   1.0    2.2     3.9
   43811  0.727744      500    87.0    141.6    317.6   1.0    1.6     3.6
   44531  0.732763      500   107.7    201.0    342.4   1.0    1.9     3.2
   45079  0.737781      500   126.8    213.8    339.4   1.0    1.7     2.7
   45634  0.742800      500   118.7    198.9    357.7   1.0    1.7     3.0
   46195  0.747819      500    92.3    185.2    323.7   1.0    2.0     3.5
   46763  0.752838      500    91.8    121.8    131.5   1.0    1.3     1.4
   47435  0.757857      500   100.8    217.3    373.6   1.0    2.2     3.7
   47823  0.762876      500    93.0    111.8    119.7   1.0    1.2     1.3
   48215  0.767895      500    93.9    188.2    377.5   1.0    2.0     4.0
   48609  0.772914      500   112.5    197.7    322.9   1.0    1.8     2.9
   49007  0.777933      500    94.9    116.5    125.8   1.0    1.2     1.3
   49408  0.782952      500    95.2    181.4    346.4   1.0    1.9     3.6
   49813  0.787971      500    96.2    115.5    130.4   1.0    1.2     1.4
   50221  0.792990      500    96.5    129.1    348.7   1.0    1.3     3.6
   50632  0.798008      500    96.8    129.3    313.2   1.0    1.3     3.2
   51046  0.803027      500    98.9    190.4    378.4   1.0    1.9     3.8
   55381  0.808046      500   125.4    205.3    364.5   1.0    1.6     2.9
   60084  0.813065      500   111.9    230.9    419.2   1.0    2.1     3.7
   64132  0.818084      500   148.7    218.9    354.4   1.0    1.5     2.4
   66528  0.823103      500   146.6    220.7    366.2   1.0    1.5     2.5
   69014  0.828122      500   152.8    217.7    246.0   1.0    1.4     1.6
   71156  0.833141      500   125.1    207.7    418.3   1.0    1.7     3.3
   72473  0.838160      500   124.8    144.0    160.8   1.0    1.2     1.3
   73814  0.843179      500   125.7    204.2    385.9   1.0    1.6     3.1
   75180  0.848198      500   151.7    250.2   1022.6   1.0    1.6     6.7
   75795  0.853217      500   154.0    252.7    419.0   1.0    1.6     2.7
   76416  0.858236      500   153.1    223.2   1033.7   1.0    1.5     6.8
   77041  0.863254      500   154.6    231.1    337.7   1.0    1.5     2.2
   77672  0.868273      500   155.1    215.2    395.3   1.0    1.4     2.5
   78307  0.873292      500   157.2    216.2    392.0   1.0    1.4     2.5
   78948  0.878311      500   157.4    221.5    241.6   1.0    1.4     1.5
   79595  0.883330      500   158.1    213.7    462.3   1.0    1.4     2.9
   80246  0.888349      500   158.1    210.0    395.3   1.0    1.3     2.5
   80903  0.893368      500   159.4    250.8    439.8   1.0    1.6     2.8
   81565  0.898387      500   162.0    257.0    382.8   1.0    1.6     2.4
   85305  0.903406      500   164.6    270.1    432.3   1.0    1.6     2.6
   89216  0.908425      500   168.2    227.2    470.9   1.0    1.4     2.8
   93306  0.913444      500   177.4    236.8    433.0   1.0    1.3     2.4
   97584  0.918463      500   186.4    333.8    460.2   1.0    1.8     2.5
  102058  0.923482      500   190.5    332.4    499.7   1.0    1.7     2.6
  105871  0.928500      500   195.3    260.4    401.5   1.0    1.3     2.1
  113929  0.937876      934   207.3    403.2    527.0   1.0    2.0     2.5
  123857  0.946619      871   219.2    434.7    514.6   1.0    2.0     2.4
  135199  0.954288      764   242.1    485.2    630.8   1.0    2.0     2.6
  149091  0.960973      666   280.0    484.6    625.5   1.0    1.8     2.4
  164410  0.966715      572   357.3    555.8    618.5   1.0    1.6     1.8
  181304  0.971894      516   380.6    564.5    732.3   1.0    1.5     1.9
  206566  0.978941      702   418.8    602.3    747.6   1.0    1.4     1.9
  231530  0.985174      621   476.3    674.1    846.9   1.0    1.4     1.8
  268113  0.990775      558   534.0    720.3    770.4   1.0    1.3     1.5
  426666  0.996547      575   678.6    982.5   1133.6   1.0    1.3     1.8
 1000000  1.000000      344  1449.9   2126.6   2169.8   1.0    1.2     1.3
