# Fraction of RTTS longer than a given time for unloaded_w4 experiment
# Includes messages <= 303 bytes; measured at 2026-04-20 23:51:43.674257
# Averaged across 1 repeated sample(s)
# Data collected at 2026-04-20 23:51:43.674257 
#       usec        frac
      14.220  0.99990000
      14.370  0.99780000
      14.510  0.98780000
      14.570  0.97790000
      14.600  0.96810000
      14.630  0.95840000
      14.660  0.94880000
      14.680  0.93930000
      14.690  0.92990000
      14.710  0.92060000
      14.730  0.91130000
      14.750  0.90210000
      14.760  0.89300000
      14.770  0.88400000
      14.780  0.87510000
      14.790  0.86630000
      14.800  0.85760000
      14.810  0.84900000
      14.830  0.84050000
      14.840  0.83200000
      14.840  0.82360000
      14.850  0.81530000
      14.860  0.80710000
      14.870  0.79900000
      14.880  0.79100000
      14.880  0.78300000
      14.890  0.77510000
      14.900  0.76730000
      14.910  0.75960000
      14.920  0.75200000
      14.930  0.74440000
      14.930  0.73690000
      14.940  0.72950000
      14.950  0.72220000
      14.950  0.71490000
      14.960  0.70770000
      14.970  0.70060000
      14.980  0.69350000
      14.980  0.68650000
      14.990  0.67960000
      15.000  0.67280000
      15.010  0.66600000
      15.020  0.65930000
      15.020  0.65270000
      15.030  0.64610000
      15.040  0.63960000
      15.050  0.63320000
      15.050  0.62680000
      15.060  0.62050000
      15.070  0.61420000
      15.070  0.60800000
      15.080  0.60190000
      15.090  0.59580000
      15.090  0.58980000
      15.100  0.58390000
      15.110  0.57800000
      15.110  0.57220000
      15.120  0.56640000
      15.120  0.56070000
      15.130  0.55500000
      15.140  0.54940000
      15.150  0.54390000
      15.150  0.53840000
      15.160  0.53300000
      15.170  0.52760000
      15.170  0.52230000
      15.180  0.51700000
      15.190  0.51180000
      15.200  0.50660000
      15.200  0.50150000
      15.210  0.49640000
      15.220  0.49140000
      15.230  0.48640000
      15.240  0.48150000
      15.250  0.47660000
      15.260  0.47180000
      15.270  0.46700000
      15.280  0.46230000
      15.290  0.45760000
      15.290  0.45300000
      15.300  0.44840000
      15.310  0.44390000
      15.320  0.43940000
      15.330  0.43500000
      15.330  0.43060000
      15.340  0.42620000
      15.350  0.42190000
      15.360  0.41760000
      15.370  0.41340000
      15.380  0.40920000
      15.390  0.40510000
      15.400  0.40100000
      15.410  0.39690000
      15.420  0.39290000
      15.430  0.38890000
      15.440  0.38500000
      15.450  0.38110000
      15.460  0.37720000
      15.470  0.37340000
      15.480  0.36960000
      15.490  0.36590000
      15.490  0.36220000
      15.500  0.35850000
      15.510  0.35490000
      15.520  0.35130000
      15.530  0.34770000
      15.540  0.34420000
      15.550  0.34070000
      15.560  0.33720000
      15.570  0.33380000
      15.580  0.33040000
      15.580  0.32700000
      15.590  0.32370000
      15.600  0.32040000
      15.610  0.31710000
      15.620  0.31390000
      15.630  0.31070000
      15.640  0.30750000
      15.650  0.30440000
      15.660  0.30130000
      15.670  0.29820000
      15.670  0.29520000
      15.680  0.29220000
      15.690  0.28920000
      15.700  0.28630000
      15.700  0.28340000
      15.710  0.28050000
      15.720  0.27760000
      15.720  0.27480000
      15.730  0.27200000
      15.730  0.26920000
      15.740  0.26650000
      15.750  0.26380000
      15.760  0.26110000
      15.760  0.25840000
      15.770  0.25580000
      15.780  0.25320000
      15.780  0.25060000
      15.790  0.24800000
      15.800  0.24550000
      15.810  0.24300000
      15.820  0.24050000
      15.820  0.23800000
      15.830  0.23560000
      15.840  0.23320000
      15.840  0.23080000
      15.850  0.22840000
      15.860  0.22610000
      15.860  0.22380000
      15.870  0.22150000
      15.880  0.21920000
      15.880  0.21700000
      15.890  0.21480000
      15.900  0.21260000
      15.900  0.21040000
      15.910  0.20820000
      15.920  0.20610000
      15.920  0.20400000
      15.930  0.20190000
      15.930  0.19980000
      15.940  0.19780000
      15.950  0.19580000
      15.950  0.19380000
      15.960  0.19180000
      15.960  0.18980000
      15.970  0.18790000
      15.970  0.18600000
      15.980  0.18410000
      15.990  0.18220000
      16.000  0.18030000
      16.000  0.17840000
      16.010  0.17660000
      16.010  0.17480000
      16.020  0.17300000
      16.030  0.17120000
      16.040  0.16940000
      16.040  0.16770000
      16.050  0.16600000
      16.060  0.16430000
      16.060  0.16260000
      16.070  0.16090000
      16.080  0.15920000
      16.080  0.15760000
      16.090  0.15600000
      16.100  0.15440000
      16.100  0.15280000
      16.110  0.15120000
      16.120  0.14960000
      16.120  0.14810000
      16.130  0.14660000
      16.130  0.14510000
      16.140  0.14360000
      16.150  0.14210000
      16.160  0.14060000
      16.170  0.13910000
      16.170  0.13770000
      16.180  0.13630000
      16.190  0.13490000
      16.200  0.13350000
      16.210  0.13210000
      16.210  0.13070000
      16.220  0.12930000
      16.230  0.12800000
      16.240  0.12670000
      16.240  0.12540000
      16.250  0.12410000
      16.260  0.12280000
      16.270  0.12150000
      16.270  0.12020000
      16.280  0.11890000
      16.280  0.11770000
      16.290  0.11650000
      16.300  0.11530000
      16.310  0.11410000
      16.310  0.11290000
      16.330  0.11170000
      16.340  0.11050000
      16.350  0.10930000
      16.360  0.10820000
      16.370  0.10710000
      16.380  0.10600000
      16.390  0.10490000
      16.400  0.10380000
      16.410  0.10270000
      16.420  0.10160000
      16.420  0.10050000
      16.430  0.09940000
      16.450  0.09840000
      16.460  0.09740000
      16.460  0.09640000
      16.480  0.09540000
      16.480  0.09440000
      16.490  0.09340000
      16.500  0.09240000
      16.510  0.09140000
      16.520  0.09040000
      16.540  0.08940000
      16.540  0.08850000
      16.560  0.08760000
      16.560  0.08670000
      16.580  0.08580000
      16.600  0.08490000
      16.610  0.08400000
      16.630  0.08310000
      16.640  0.08220000
      16.650  0.08130000
      16.670  0.08040000
      16.680  0.07950000
      16.700  0.07870000
      16.710  0.07790000
      16.720  0.07710000
      16.750  0.07630000
      16.760  0.07550000
      16.780  0.07470000
      16.790  0.07390000
      16.820  0.07310000
      16.840  0.07230000
      16.850  0.07150000
      16.880  0.07070000
      16.890  0.06990000
      16.910  0.06920000
      16.930  0.06850000
      16.950  0.06780000
      16.980  0.06710000
      16.980  0.06640000
      16.990  0.06570000
      17.010  0.06500000
      17.040  0.06430000
      17.070  0.06360000
      17.100  0.06290000
      17.140  0.06220000
      17.160  0.06150000
      17.190  0.06080000
      17.220  0.06010000
      17.250  0.05940000
      17.280  0.05880000
      17.400  0.05820000
      17.500  0.05760000
      17.560  0.05700000
      17.750  0.05650000
      17.900  0.05590000
      18.110  0.05540000
      18.330  0.05500000
      18.610  0.05490000
      18.870  0.05440000
      19.280  0.05420000
      19.490  0.05410000
      19.760  0.05390000
      20.030  0.05380000
      20.260  0.05340000
      20.570  0.05310000
      20.860  0.05260000
      21.210  0.05210000
      21.560  0.05190000
      21.750  0.05130000
      21.850  0.05070000
      21.990  0.05010000
      22.200  0.04950000
      22.280  0.04900000
      22.510  0.04850000
      22.600  0.04800000
      22.750  0.04750000
      23.110  0.04710000
      23.300  0.04660000
      23.510  0.04610000
      23.680  0.04560000
      23.880  0.04510000
      23.980  0.04460000
      24.140  0.04410000
      24.250  0.04360000
      24.320  0.04310000
      24.440  0.04260000
      24.580  0.04210000
      24.740  0.04160000
      24.850  0.04110000
      24.930  0.04060000
      25.030  0.04010000
      25.070  0.03960000
      25.230  0.03920000
      25.450  0.03880000
      25.620  0.03840000
      25.730  0.03800000
      25.910  0.03760000
      26.010  0.03720000
      26.110  0.03680000
      26.240  0.03640000
      26.390  0.03600000
      26.580  0.03560000
      26.620  0.03520000
      26.800  0.03480000
      26.930  0.03440000
      27.000  0.03400000
      27.070  0.03360000
      27.160  0.03320000
      27.240  0.03280000
      27.370  0.03240000
      27.520  0.03200000
      27.580  0.03160000
      27.890  0.03120000
      27.930  0.03080000
      28.120  0.03040000
      28.220  0.03000000
      28.280  0.02960000
      28.340  0.02930000
      28.520  0.02900000
      28.690  0.02870000
      28.760  0.02840000
      28.830  0.02810000
      28.920  0.02780000
      29.020  0.02750000
      29.100  0.02720000
      29.180  0.02690000
      29.280  0.02660000
      29.370  0.02630000
      29.460  0.02600000
      29.530  0.02570000
      29.550  0.02540000
      29.590  0.02510000
      29.640  0.02480000
      29.680  0.02450000
      29.720  0.02420000
      29.760  0.02390000
      29.820  0.02360000
      29.860  0.02330000
      29.880  0.02300000
      29.960  0.02270000
      30.020  0.02240000
      30.100  0.02210000
      30.130  0.02180000
      30.230  0.02150000
      30.250  0.02120000
      30.300  0.02090000
      30.320  0.02060000
      30.340  0.02030000
      30.360  0.02000000
      30.380  0.01970000
      30.410  0.01950000
      30.430  0.01930000
      30.540  0.01910000
      30.600  0.01890000
      30.670  0.01870000
      30.710  0.01850000
      30.740  0.01830000
      30.760  0.01810000
      30.800  0.01790000
      30.860  0.01770000
      30.910  0.01750000
      30.980  0.01730000
      30.990  0.01710000
      31.000  0.01690000
      31.060  0.01670000
      31.080  0.01650000
      31.140  0.01630000
      31.220  0.01610000
      31.230  0.01590000
      31.290  0.01570000
      31.310  0.01550000
      31.340  0.01530000
      31.360  0.01510000
      31.370  0.01490000
      31.380  0.01470000
      31.390  0.01450000
      31.420  0.01430000
      31.440  0.01410000
      31.510  0.01390000
      31.520  0.01370000
      31.580  0.01350000
      31.580  0.01330000
      31.590  0.01310000
      31.610  0.01290000
      31.630  0.01270000
      31.640  0.01250000
      31.690  0.01230000
      31.720  0.01210000
      31.760  0.01190000
      31.760  0.01170000
      31.780  0.01150000
      31.840  0.01130000
      31.860  0.01110000
      31.870  0.01090000
      31.890  0.01070000
      31.900  0.01050000
      31.950  0.01030000
      31.960  0.01010000
      32.000  0.00990000
      32.010  0.00980000
      32.010  0.00970000
      32.020  0.00960000
      32.020  0.00950000
      32.030  0.00940000
      32.030  0.00930000
      32.050  0.00920000
      32.050  0.00910000
      32.070  0.00900000
      32.070  0.00890000
      32.080  0.00880000
      32.080  0.00870000
      32.110  0.00860000
      32.130  0.00850000
      32.180  0.00840000
      32.190  0.00830000
      32.220  0.00820000
      32.230  0.00810000
      32.230  0.00800000
      32.260  0.00790000
      32.270  0.00780000
      32.270  0.00770000
      32.270  0.00760000
      32.290  0.00750000
      32.290  0.00740000
      32.310  0.00730000
      32.330  0.00720000
      32.340  0.00710000
      32.340  0.00700000
      32.350  0.00690000
      32.360  0.00680000
      32.390  0.00670000
      32.390  0.00660000
      32.410  0.00650000
      32.420  0.00640000
      32.430  0.00630000
      32.450  0.00620000
      32.460  0.00610000
      32.470  0.00600000
      32.480  0.00590000
      32.490  0.00580000
      32.490  0.00570000
      32.510  0.00560000
      32.520  0.00550000
      32.550  0.00540000
      32.560  0.00530000
      32.630  0.00520000
      32.630  0.00510000
      32.640  0.00500000
      32.670  0.00490000
      32.690  0.00480000
      32.720  0.00470000
      32.730  0.00460000
      32.740  0.00450000
      32.740  0.00440000
      32.830  0.00430000
      32.890  0.00420000
      32.990  0.00410000
      33.020  0.00400000
      33.030  0.00390000
      33.030  0.00380000
      33.070  0.00370000
      33.100  0.00360000
      33.110  0.00350000
      33.160  0.00340000
      33.190  0.00330000
      33.220  0.00320000
      33.220  0.00310000
      33.230  0.00300000
      33.240  0.00290000
      33.270  0.00280000
      33.350  0.00270000
      33.350  0.00260000
      33.480  0.00250000
      33.490  0.00240000
      33.550  0.00230000
      33.570  0.00220000
      33.650  0.00210000
      33.680  0.00200000
      33.720  0.00190000
      33.750  0.00180000
      33.840  0.00170000
      34.150  0.00160000
      34.180  0.00150000
      34.310  0.00140000
      34.670  0.00130000
      34.670  0.00120000
      34.760  0.00110000
      35.600  0.00100000
      35.680  0.00090000
      36.160  0.00080000
      40.610  0.00070000
      41.280  0.00060000
      44.460  0.00050000
      70.830  0.00040000
     121.750  0.00030000
     229.020  0.00020000
     229.850  0.00010000
     233.820  0.00000000
