# Fraction of RTTS longer than a given time for dctcp_w4 experiment
# Includes messages <= 315 bytes; measured at 2026-04-20 22:36:22.005930
# Averaged across 1 repeated sample(s)
# Data collected at 2026-04-20 22:36:22.005930 
#       usec        frac
     203.660  0.99981584
     224.740  0.99963168
     259.200  0.99944751
     278.800  0.99926335
     286.320  0.99907919
     297.200  0.99889503
     309.440  0.99871087
     337.910  0.99852670
     343.270  0.99815838
     360.080  0.99797422
     368.490  0.99779006
     387.810  0.99742173
     409.750  0.99705341
     419.900  0.99594843
     429.410  0.99576427
     440.060  0.99558011
     448.430  0.99539595
     454.110  0.99521179
     460.450  0.99502762
     468.970  0.99484346
     480.350  0.99465930
     485.640  0.99410681
     490.810  0.99373849
     496.470  0.99337017
     501.560  0.99318600
     507.240  0.99281768
     516.970  0.99226519
     522.690  0.99189687
     528.220  0.99116022
     537.960  0.99042357
     546.980  0.99023941
     554.020  0.98987109
     560.560  0.98968692
     571.900  0.98895028
     577.960  0.98784530
     593.300  0.98729282
     600.910  0.98674033
     607.130  0.98637201
     614.110  0.98618785
     624.990  0.98600368
     633.220  0.98563536
     640.170  0.98526703
     646.820  0.98416206
     656.440  0.98379374
     663.680  0.98324125
     670.770  0.98268877
     677.970  0.98213628
     684.900  0.98047882
     692.170  0.97900552
     699.360  0.97826888
     706.510  0.97734807
     714.580  0.97716390
     723.410  0.97661142
     738.390  0.97587477
     747.510  0.97495396
     758.080  0.97384899
     765.950  0.97311234
     774.620  0.97219153
     782.400  0.97090239
     790.500  0.96979742
     799.080  0.96924494
     811.520  0.96813996
     820.700  0.96685083
     830.590  0.96648250
     839.410  0.96537753
     847.990  0.96408840
     858.850  0.96298343
     867.890  0.96187845
     877.300  0.96077348
     890.770  0.95930018
     900.960  0.95782689
     911.060  0.95506446
     923.520  0.95359116
     933.310  0.95174954
     942.790  0.95027624
     952.760  0.94861878
     962.350  0.94751381
     972.820  0.94585635
     984.680  0.94327808
     994.790  0.94180479
    1004.770  0.93996317
    1015.200  0.93812155
    1025.680  0.93627993
    1035.940  0.93480663
    1047.340  0.93333333
    1059.760  0.93186004
    1070.530  0.92928177
    1082.140  0.92744015
    1093.340  0.92615101
    1104.390  0.92412523
    1117.480  0.92228361
    1129.660  0.92025783
    1141.210  0.91804788
    1152.890  0.91583794
    1164.500  0.91233886
    1177.270  0.90994475
    1191.190  0.90736648
    1203.610  0.90441989
    1216.930  0.90110497
    1231.070  0.89797422
    1243.930  0.89502762
    1256.400  0.89208103
    1270.230  0.88968692
    1283.970  0.88637201
    1297.670  0.88379374
    1311.810  0.88029466
    1325.480  0.87716390
    1339.780  0.87421731
    1355.280  0.87200737
    1369.090  0.86887661
    1383.160  0.86703499
    1397.270  0.86427256
    1411.870  0.86003683
    1427.500  0.85506446
    1441.960  0.85211786
    1457.240  0.84972376
    1472.040  0.84604052
    1487.090  0.84162063
    1502.290  0.83572744
    1517.440  0.83093923
    1532.910  0.82578269
    1548.740  0.82081031
    1565.260  0.81510129
    1583.400  0.81104972
    1600.280  0.80718232
    1616.390  0.80110497
    1632.790  0.79484346
    1649.330  0.78895028
    1666.430  0.78232044
    1683.140  0.77495396
    1700.070  0.76777164
    1714.900  0.76003683
    1733.780  0.75230203
    1748.580  0.74475138
    1766.210  0.73941068
    1783.990  0.73351750
    1799.620  0.72615101
    1813.640  0.71878453
    1832.070  0.71160221
    1850.490  0.70534070
    1870.040  0.70000000
    1888.800  0.69355433
    1902.620  0.68655617
    1919.050  0.67955801
    1933.830  0.67274401
    1951.160  0.66593002
    1964.720  0.65911602
    1983.280  0.65248619
    1994.310  0.64585635
    2013.570  0.63922652
    2030.390  0.63278085
    2043.530  0.62633517
    2062.670  0.61988950
    2083.920  0.61381215
    2104.940  0.60755064
    2119.630  0.60147330
    2139.570  0.59539595
    2153.010  0.58931860
    2170.250  0.58342541
    2191.990  0.57826888
    2209.130  0.57237569
    2222.920  0.56648250
    2240.450  0.56077348
    2256.950  0.55506446
    2271.860  0.54935543
    2282.310  0.54383057
    2294.480  0.53830571
    2308.970  0.53278085
    2322.680  0.52744015
    2337.420  0.52209945
    2355.430  0.51675875
    2369.120  0.51141805
    2382.690  0.50626151
    2397.200  0.50110497
    2412.280  0.49594843
    2425.220  0.49097606
    2441.000  0.48600368
    2461.420  0.48103131
    2475.790  0.47605893
    2494.260  0.47127072
    2507.900  0.46648250
    2526.480  0.46169429
    2541.920  0.45690608
    2558.700  0.45230203
    2574.440  0.44769797
    2600.290  0.44346225
    2621.890  0.43885820
    2638.500  0.43443831
    2653.440  0.43001842
    2671.630  0.42559853
    2689.400  0.42117864
    2710.430  0.41694291
    2730.510  0.41270718
    2741.040  0.40847145
    2759.930  0.40423573
    2774.830  0.40018416
    2798.710  0.39613260
    2815.410  0.39208103
    2843.020  0.38802947
    2865.950  0.38397790
    2887.170  0.38011050
    2904.090  0.37624309
    2921.770  0.37237569
    2942.440  0.36850829
    2958.240  0.36464088
    2972.890  0.36095764
    2990.800  0.35727440
    3008.960  0.35359116
    3027.610  0.34990792
    3049.840  0.34622468
    3068.130  0.34272560
    3095.550  0.33922652
    3120.830  0.33572744
    3149.580  0.33222836
    3169.470  0.32872928
    3185.420  0.32541436
    3204.010  0.32209945
    3226.540  0.31878453
    3246.570  0.31546961
    3265.230  0.31215470
    3283.630  0.30902394
    3303.300  0.30589319
    3325.800  0.30276243
    3351.790  0.29963168
    3368.700  0.29650092
    3381.820  0.29337017
    3402.070  0.29042357
    3416.340  0.28747698
    3429.340  0.28453039
    3453.880  0.28158379
    3483.880  0.27863720
    3507.910  0.27569061
    3526.980  0.27292818
    3542.360  0.27016575
    3570.980  0.26740331
    3593.310  0.26464088
    3606.190  0.26187845
    3619.980  0.25911602
    3641.680  0.25635359
    3653.930  0.25377532
    3671.020  0.25119705
    3685.360  0.24861878
    3702.680  0.24604052
    3723.850  0.24346225
    3740.180  0.24088398
    3761.000  0.23830571
    3773.280  0.23591160
    3791.560  0.23351750
    3803.960  0.23112339
    3816.770  0.22872928
    3832.720  0.22633517
    3850.350  0.22394107
    3865.770  0.22154696
    3885.540  0.21915285
    3912.360  0.21694291
    3934.660  0.21473297
    3949.260  0.21252302
    3966.870  0.21031308
    3988.910  0.20810313
    4016.380  0.20589319
    4029.320  0.20368324
    4041.900  0.20147330
    4060.480  0.19944751
    4076.750  0.19742173
    4101.850  0.19539595
    4112.040  0.19337017
    4138.890  0.19134438
    4152.240  0.18931860
    4177.410  0.18729282
    4204.040  0.18526703
    4237.360  0.18324125
    4256.070  0.18139963
    4276.390  0.17955801
    4301.820  0.17771639
    4330.060  0.17587477
    4361.220  0.17403315
    4393.740  0.17219153
    4417.020  0.17034991
    4448.690  0.16850829
    4491.700  0.16666667
    4515.840  0.16482505
    4538.200  0.16316759
    4564.190  0.16151013
    4619.930  0.15985267
    4663.430  0.15819521
    4702.460  0.15653775
    4746.330  0.15488029
    4775.300  0.15322284
    4834.710  0.15174954
    4889.660  0.15009208
    4915.520  0.14843462
    4966.740  0.14677716
    4995.140  0.14530387
    5028.170  0.14383057
    5058.050  0.14235727
    5091.910  0.14088398
    5131.530  0.13941068
    5182.320  0.13793738
    5212.730  0.13646409
    5248.710  0.13499079
    5280.370  0.13351750
    5328.350  0.13204420
    5359.580  0.13057090
    5390.420  0.12909761
    5443.290  0.12762431
    5467.890  0.12633517
    5486.610  0.12504604
    5523.440  0.12375691
    5563.410  0.12246777
    5583.660  0.12117864
    5639.600  0.12007366
    5681.540  0.11878453
    5719.350  0.11749540
    5781.500  0.11620626
    5819.620  0.11491713
    5846.390  0.11362799
    5897.260  0.11233886
    5945.630  0.11104972
    6007.900  0.10994475
    6044.210  0.10883978
    6103.300  0.10773481
    6166.800  0.10662983
    6217.970  0.10552486
    6272.590  0.10441989
    6341.410  0.10331492
    6446.290  0.10239411
    6516.210  0.10165746
    6590.170  0.10092081
    6674.020  0.10018416
    6742.810  0.09926335
    6821.990  0.09852670
    6870.400  0.09742173
    6915.460  0.09631676
    6988.250  0.09539595
    7065.210  0.09447514
    7136.760  0.09392265
    7236.350  0.09318600
    7324.550  0.09208103
    7409.350  0.09134438
    7491.500  0.09060773
    7592.720  0.08987109
    7680.260  0.08950276
    7768.890  0.08858195
    7864.520  0.08784530
    8026.980  0.08729282
    8119.240  0.08637201
    8233.150  0.08581952
    8324.090  0.08508287
    8375.020  0.08416206
    8509.680  0.08397790
    8605.300  0.08360958
    8739.980  0.08305709
    8867.270  0.08268877
    8914.870  0.08176796
    9067.470  0.08139963
    9143.650  0.08047882
    9307.380  0.07974217
    9495.910  0.07918969
    9648.860  0.07900552
    9742.620  0.07808471
    9841.270  0.07790055
    9980.290  0.07697974
   10149.680  0.07642726
   10306.570  0.07569061
   10410.200  0.07513812
   10753.230  0.07476980
   10889.300  0.07403315
   11130.040  0.07366483
   11252.070  0.07329650
   11542.400  0.07311234
   11682.210  0.07274401
   11954.140  0.07200737
   12075.450  0.07145488
   12301.200  0.07127072
   12576.170  0.07071823
   12887.200  0.06998158
   13034.450  0.06979742
   13097.250  0.06906077
   13391.940  0.06850829
   13526.600  0.06777164
   13672.630  0.06740331
   13945.090  0.06703499
   14087.960  0.06629834
   14306.860  0.06556169
   14451.380  0.06500921
   14613.730  0.06464088
   14842.550  0.06408840
   15204.310  0.06390424
   15494.320  0.06353591
   15667.470  0.06298343
   15829.860  0.06243094
   16080.600  0.06206262
   16215.350  0.06132597
   16510.610  0.06114180
   17011.670  0.06095764
   17542.040  0.06040516
   18593.970  0.06022099
   19091.760  0.05985267
   19352.140  0.05966851
   19687.970  0.05930018
   19938.930  0.05893186
   20386.040  0.05874770
   22219.670  0.05837937
   23314.790  0.05819521
   24421.920  0.05801105
   26296.240  0.05782689
 1001821.090  0.05764273
 1002925.920  0.05690608
 1003847.590  0.05616943
 1004478.830  0.05543278
 1004758.470  0.05469613
 1005340.010  0.05414365
 1005957.280  0.05359116
 1006419.430  0.05303867
 1006781.940  0.05248619
 1007092.780  0.05193370
 1007757.510  0.05138122
 1008221.300  0.05082873
 1008469.290  0.05027624
 1008611.830  0.04972376
 1009079.170  0.04917127
 1009178.460  0.04861878
 1009348.380  0.04806630
 1009756.390  0.04751381
 1009821.450  0.04696133
 1010059.090  0.04640884
 1010118.000  0.04585635
 1010220.510  0.04530387
 1010791.800  0.04475138
 1010914.820  0.04419890
 1011147.230  0.04364641
 1011523.250  0.04309392
 1011824.780  0.04254144
 1012119.170  0.04198895
 1012253.090  0.04143646
 1012617.490  0.04088398
 1012651.380  0.04033149
 1012883.760  0.03977901
 1013261.860  0.03922652
 1013410.180  0.03867403
 1014236.350  0.03812155
 1014379.590  0.03756906
 1014575.400  0.03701657
 1014834.860  0.03646409
 1015399.370  0.03609576
 1015665.730  0.03572744
 1015733.380  0.03535912
 1015907.770  0.03499079
 1016367.780  0.03462247
 1016753.750  0.03425414
 1017168.460  0.03388582
 1017265.990  0.03351750
 1017434.890  0.03314917
 1017474.020  0.03278085
 1017787.170  0.03241252
 1017820.480  0.03204420
 1018062.920  0.03167587
 1018167.240  0.03130755
 1018356.230  0.03093923
 1018450.150  0.03057090
 1018748.300  0.03020258
 1018933.510  0.02983425
 1019117.450  0.02946593
 1019379.460  0.02909761
 1019648.230  0.02872928
 1019865.410  0.02836096
 1020011.000  0.02799263
 1020137.820  0.02762431
 1020371.030  0.02725599
 1020800.920  0.02688766
 1021046.090  0.02651934
 1021134.120  0.02615101
 1021264.410  0.02578269
 1021393.040  0.02541436
 1021477.210  0.02504604
 1021588.330  0.02467772
 1021718.520  0.02430939
 1021861.350  0.02394107
 1021943.740  0.02357274
 1022214.940  0.02320442
 1022273.790  0.02283610
 1022594.160  0.02246777
 1022673.520  0.02209945
 1022714.150  0.02173112
 1022967.230  0.02136280
 1023170.170  0.02099448
 1023216.040  0.02062615
 1023326.460  0.02025783
 1023356.710  0.01988950
 1023707.060  0.01952118
 1023754.240  0.01915285
 1023934.880  0.01878453
 1024053.140  0.01841621
 1024086.080  0.01823204
 1024189.860  0.01804788
 1024326.800  0.01786372
 1024357.470  0.01767956
 1024379.680  0.01749540
 1024383.000  0.01731123
 1024384.180  0.01712707
 1024521.650  0.01694291
 1024634.370  0.01675875
 1024674.010  0.01657459
 1024723.120  0.01639042
 1024758.520  0.01620626
 1025255.100  0.01602210
 1025494.900  0.01583794
 1025557.360  0.01565378
 1025730.670  0.01546961
 1025766.840  0.01528545
 1025774.550  0.01510129
 1025860.330  0.01491713
 1026086.080  0.01473297
 1026405.590  0.01454880
 1026407.940  0.01436464
 1026510.800  0.01418048
 1026546.650  0.01399632
 1026767.210  0.01381215
 1026811.500  0.01362799
 1026819.240  0.01344383
 1027067.870  0.01325967
 1027144.520  0.01307551
 1027189.720  0.01289134
 1027237.920  0.01270718
 1027397.960  0.01252302
 1028130.810  0.01233886
 1028160.260  0.01215470
 1028555.370  0.01197053
 1029053.740  0.01178637
 1029108.290  0.01160221
 1029221.780  0.01141805
 1029296.900  0.01123389
 1029466.350  0.01104972
 1029632.610  0.01086556
 1030085.510  0.01068140
 1030134.420  0.01049724
 1030676.570  0.01031308
 1030869.540  0.01012891
 1030929.110  0.00994475
 1030970.630  0.00976059
 1031035.150  0.00957643
 1031101.180  0.00939227
 1031237.420  0.00920810
 1031461.000  0.00902394
 1031707.880  0.00883978
 1031707.930  0.00865562
 1031764.870  0.00847145
 1032760.660  0.00828729
 1032856.450  0.00810313
 1033031.780  0.00791897
 1033194.450  0.00773481
 1033204.920  0.00755064
 1033265.350  0.00736648
 1033377.770  0.00718232
 1033472.780  0.00699816
 1033537.830  0.00681400
 1033661.730  0.00662983
 1033695.920  0.00644567
 1033885.120  0.00626151
 1034093.460  0.00607735
 1034965.250  0.00589319
 1035114.220  0.00570902
 1035274.040  0.00552486
 1036345.860  0.00534070
 1036796.360  0.00515654
 1036883.620  0.00497238
 1036959.840  0.00478821
 1037394.200  0.00460405
 1039483.070  0.00441989
 1047917.260  0.00423573
 1051328.270  0.00405157
 1054970.170  0.00386740
 1056746.580  0.00368324
 1057859.540  0.00349908
 1058183.460  0.00331492
 1082152.230  0.00313076
 1085848.940  0.00294659
 1086361.180  0.00276243
 1088311.410  0.00257827
 1105238.870  0.00239411
 1112734.410  0.00220994
 1162596.250  0.00202578
 1168965.650  0.00184162
 1171574.470  0.00165746
 1188130.520  0.00147330
 2016133.890  0.00128913
 2018656.790  0.00110497
 2024429.840  0.00092081
 2038562.330  0.00073665
 2043369.120  0.00055249
 2043534.490  0.00036832
 2057652.050  0.00018416
 2058067.370  0.00000000
