# Fraction of RTTS longer than a given time for dctcp_static_o10_w4 experiment
# Includes messages <= 315 bytes; measured at 2026-04-20 22:36:22.005930
# Averaged across 1 repeated sample(s)
# Data collected at 2026-04-20 22:36:22.005930 
#       usec        frac
     762.210  0.99906279
    2108.010  0.99812559
    2229.110  0.99718838
    2315.680  0.99625117
    2346.660  0.99531396
    2630.310  0.99437676
    2916.860  0.99343955
    3463.380  0.99250234
    3507.130  0.99156514
    3914.300  0.99062793
    4211.400  0.98969072
    4670.980  0.98781631
    4788.500  0.98687910
    4924.370  0.98594189
    5044.980  0.98406748
    5283.670  0.98313027
    5357.490  0.98219306
    5546.640  0.98125586
    5884.530  0.98031865
    5988.830  0.97938144
    6055.290  0.97844424
    6241.640  0.97750703
    6560.240  0.97656982
    7324.200  0.97563261
    7519.020  0.97469541
    7636.910  0.97375820
    7790.530  0.97188379
    7963.470  0.97094658
    8140.610  0.97000937
    8904.420  0.96907216
    9015.650  0.96813496
    9465.700  0.96719775
    9587.930  0.96532334
   10274.900  0.96438613
   10400.320  0.96344892
   15200.280  0.96251172
   15482.540  0.96157451
   15782.090  0.95970009
   16831.670  0.95876289
   17095.980  0.95782568
   17577.020  0.95688847
   17922.600  0.95595127
   18200.250  0.95407685
   18394.850  0.95313964
   18924.900  0.95126523
   19508.730  0.94845361
   19989.380  0.94751640
   20448.080  0.94657919
   20894.900  0.94376757
   21151.600  0.94189316
   21620.080  0.94001874
   21950.050  0.93720712
   22449.180  0.93533271
   22828.980  0.93439550
   23300.370  0.93158388
   23616.450  0.92877226
   24062.750  0.92596064
   24678.290  0.92408622
   24997.430  0.92221181
   25314.520  0.92127460
   25589.240  0.91846298
   25845.530  0.91471415
   26265.140  0.90534208
   26644.020  0.90346767
   27296.820  0.90253046
   27648.070  0.89690722
   27930.590  0.89315839
   28332.870  0.89034677
   28704.300  0.88753515
   29102.520  0.88472352
   29490.070  0.87910028
   29869.380  0.87535145
   30235.880  0.87347704
   30752.000  0.86879100
   31229.120  0.86597938
   31583.270  0.86316776
   32170.780  0.85941893
   32648.510  0.85754452
   33426.150  0.85379569
   33949.540  0.85098407
   34652.040  0.84723524
   35206.950  0.84442362
   36089.020  0.84254920
   36512.460  0.83880037
   38378.360  0.83692596
   38946.720  0.83598875
   41028.890  0.83505155
   41604.140  0.83411434
   42596.380  0.83223993
   43326.360  0.83130272
   43892.620  0.82942830
   44530.110  0.82755389
   45064.240  0.82661668
   46440.650  0.82474227
   46911.050  0.82005623
   48005.700  0.81818182
   48878.510  0.81630740
   49530.820  0.81162137
   50111.870  0.80787254
   51325.000  0.80412371
   51943.400  0.79943768
   52583.990  0.79662605
   53416.120  0.79287723
   54018.210  0.78819119
   54879.780  0.78537957
   55663.050  0.78256795
   56255.040  0.77975633
   56902.520  0.77600750
   57494.980  0.77225867
   58074.550  0.76944705
   58812.490  0.76382381
   59809.400  0.75820056
   60950.230  0.75726336
   61611.920  0.75538894
   63196.450  0.75257732
   64370.210  0.75070291
   65836.390  0.74976570
   68522.610  0.74882849
   69324.930  0.74789128
   70258.610  0.74695408
   73394.200  0.74601687
   74257.920  0.74039363
   75213.960  0.73945642
   77028.680  0.73851921
   78125.940  0.73383318
   79097.860  0.72727273
   80189.270  0.72258669
   81452.240  0.71977507
   82280.470  0.71602624
   83241.520  0.71321462
   84634.670  0.70852858
   85741.560  0.70290534
   86953.700  0.70103093
   87854.620  0.69821931
   89592.420  0.69634489
   92940.160  0.69447048
   95510.080  0.69259606
   97331.430  0.69165886
   99677.580  0.69072165
  101006.400  0.68978444
  102088.490  0.68509841
  103129.910  0.68228679
  104437.450  0.67947516
  105748.250  0.67385192
  106808.970  0.66729147
  107951.750  0.66447985
  109306.330  0.66073102
  110566.220  0.65885661
  111830.110  0.65323336
  113391.670  0.64854733
  114809.840  0.64573571
  117706.410  0.64292409
  119124.640  0.64104967
  120923.970  0.63917526
  122515.500  0.63730084
  124038.410  0.63636364
  125774.810  0.63448922
  127890.810  0.63261481
  129363.610  0.63074039
  131118.150  0.62699157
  132518.170  0.62417994
  134537.840  0.62043112
  135936.650  0.61668229
  137393.240  0.61387067
  138799.020  0.60918463
  140766.750  0.60637301
  143449.010  0.60074977
  148306.780  0.59887535
  151355.370  0.59793814
  153827.700  0.59606373
  156411.330  0.59512652
  159015.570  0.59231490
  160612.950  0.58950328
  162549.390  0.58575445
  164206.630  0.58013121
  165635.120  0.57357076
  167827.170  0.57169634
  170514.780  0.56794752
  172573.920  0.56607310
  174328.730  0.56326148
  176917.320  0.55951265
  179665.910  0.55670103
  182048.730  0.55388941
  184691.730  0.55107779
  187421.190  0.54826617
  189558.390  0.54545455
  192147.510  0.54076851
  194431.240  0.53701968
  198980.960  0.53233365
  201728.210  0.53045923
  204659.470  0.52858482
  206783.750  0.52764761
  209944.580  0.52296157
  212110.170  0.51827554
  214688.770  0.51640112
  217417.770  0.51452671
  219771.820  0.51171509
  223343.350  0.50890347
  226800.840  0.50609185
  229933.380  0.50421743
  235323.740  0.50328022
  238709.120  0.50234302
  243434.570  0.50140581
  246033.800  0.49859419
  250181.440  0.49297095
  259007.640  0.49203374
  261665.840  0.49015933
  266775.850  0.48453608
  271726.850  0.48172446
  275783.920  0.47891284
  287710.780  0.47422680
  290595.510  0.47047798
  297808.650  0.46954077
  301905.250  0.46860356
  306392.940  0.46579194
  315125.610  0.46391753
  319226.340  0.46298032
  325576.260  0.46110590
  328204.230  0.45641987
  331803.830  0.45360825
  337374.560  0.45079663
  343294.310  0.44985942
  348253.950  0.44798500
  354932.010  0.44329897
  362266.330  0.44142455
  366557.810  0.44048735
  371924.800  0.43861293
  376245.320  0.43767573
  378656.790  0.43298969
  384477.990  0.43017807
  388524.390  0.42736645
  393203.700  0.42455483
  401173.090  0.42268041
  406562.930  0.42174321
  412281.880  0.42080600
  414414.410  0.41611996
  420874.440  0.41143393
  425350.490  0.40674789
  433452.550  0.40299906
  439629.330  0.40112465
  448204.950  0.39831303
  452158.140  0.39362699
  461617.630  0.39175258
  470139.630  0.39081537
  477719.650  0.38894096
  484667.090  0.38425492
  491330.900  0.38144330
  498102.430  0.37675726
  505023.840  0.37394564
  513445.700  0.37207123
  520341.650  0.36925961
  525929.000  0.36738519
  535502.720  0.36457357
  538145.720  0.36082474
  547538.550  0.35707591
  554184.470  0.35613871
  559091.170  0.35238988
  563477.690  0.34864105
  570696.010  0.34676664
  579470.680  0.34489222
  586545.960  0.34301781
  594142.960  0.34114339
  598456.040  0.33739456
  607192.490  0.33364574
  611236.100  0.32989691
  622879.300  0.32708529
  631179.940  0.32427366
  641087.210  0.32146204
  645694.110  0.31771321
  654684.490  0.31396439
  663657.790  0.31302718
  670697.450  0.31021556
  677071.390  0.30646673
  680785.600  0.30271790
  691084.920  0.29990628
  699799.280  0.29709466
  707730.070  0.29428304
  716577.870  0.29147142
  723883.270  0.28959700
  730849.810  0.28584817
  738332.080  0.28397376
  747058.600  0.28116214
  754963.120  0.28022493
  763438.890  0.27741331
  771346.310  0.27553889
  784544.790  0.27460169
  793002.660  0.27272727
  796723.940  0.26991565
  801429.560  0.26710403
  812595.840  0.26522962
  822157.930  0.26241799
  834418.830  0.25960637
  844244.330  0.25679475
  853734.690  0.25398313
  857821.930  0.25117151
  863957.660  0.24835989
  874848.920  0.24648547
  879749.690  0.24367385
  885747.370  0.24086223
  894065.130  0.23805061
  916343.880  0.23711340
  932804.830  0.23523899
  938238.300  0.23242737
  943944.160  0.22961575
  947770.150  0.22680412
  968428.190  0.22399250
  972969.810  0.22118088
  995188.020  0.21930647
 1000996.400  0.21649485
 1008390.670  0.21368322
 1010878.840  0.21087160
 1018457.060  0.20805998
 1024399.010  0.20524836
 1034779.940  0.20243674
 1037009.610  0.19962512
 1043547.250  0.19681350
 1054281.420  0.19493908
 1058455.010  0.19212746
 1064160.480  0.18931584
 1066193.740  0.18650422
 1068150.310  0.18462980
 1071148.270  0.18275539
 1073196.980  0.18088097
 1074772.520  0.17900656
 1075854.520  0.17713215
 1077837.780  0.17525773
 1078951.840  0.17338332
 1081767.630  0.17150890
 1086866.450  0.16963449
 1091087.170  0.16776007
 1093714.180  0.16588566
 1107538.420  0.16401125
 1115328.770  0.16213683
 1124056.030  0.16026242
 1127722.430  0.15838800
 1129342.150  0.15651359
 1130713.340  0.15463918
 1132469.680  0.15276476
 1134195.980  0.15089035
 1140920.250  0.14901593
 1142759.560  0.14714152
 1149616.460  0.14526710
 1158731.280  0.14339269
 1167327.690  0.14151828
 1171943.040  0.13964386
 1175599.590  0.13776945
 1181390.690  0.13589503
 1182368.640  0.13402062
 1183412.930  0.13214620
 1196215.590  0.13120900
 1211697.970  0.12933458
 1220733.760  0.12746017
 1225420.320  0.12558575
 1235813.050  0.12371134
 1247446.960  0.12183693
 1249912.650  0.11996251
 1251304.860  0.11808810
 1256836.580  0.11621368
 1260645.040  0.11433927
 1268686.790  0.11246485
 1275239.630  0.11059044
 1278765.770  0.10871603
 1283368.710  0.10684161
 1296421.660  0.10496720
 1300871.960  0.10309278
 1305212.810  0.10121837
 1324143.270  0.09934396
 1326603.240  0.09746954
 1350784.680  0.09559513
 1369630.440  0.09465792
 1379810.450  0.09278351
 1389281.830  0.09184630
 1390311.510  0.09090909
 1390384.840  0.08997188
 1404607.580  0.08903468
 1410245.350  0.08809747
 1421101.430  0.08716026
 1425649.320  0.08622306
 1427047.410  0.08528585
 1434401.950  0.08434864
 1437038.950  0.08341143
 1439196.650  0.08247423
 1440282.650  0.08153702
 1441055.280  0.08059981
 1441538.840  0.07966261
 1450625.750  0.07872540
 1450855.540  0.07778819
 1451300.270  0.07685098
 1460729.480  0.07591378
 1462483.290  0.07497657
 1487742.000  0.07403936
 1496496.690  0.07310216
 1519689.560  0.07216495
 1520114.330  0.07122774
 1520834.040  0.07029053
 1522785.800  0.06935333
 1535208.360  0.06841612
 1539095.180  0.06747891
 1547853.180  0.06654171
 1555528.750  0.06560450
 1561924.510  0.06466729
 1570933.380  0.06373008
 1579171.180  0.06279288
 1592757.280  0.06185567
 1602665.720  0.06091846
 1606428.060  0.05998126
 1609676.160  0.05904405
 1610274.120  0.05810684
 1611864.310  0.05716963
 1627026.860  0.05623243
 1629154.040  0.05529522
 1642561.620  0.05435801
 1656615.220  0.05342081
 1663025.970  0.05248360
 1663370.110  0.05154639
 1686179.120  0.05060918
 1702466.580  0.04967198
 1703669.920  0.04873477
 1704912.020  0.04779756
 1709589.800  0.04686036
 1736897.840  0.04592315
 1737997.310  0.04498594
 1747318.540  0.04404873
 1750960.010  0.04311153
 1757588.990  0.04217432
 1773775.360  0.04123711
 1775608.870  0.04029991
 1800284.600  0.03936270
 1806671.860  0.03842549
 1828915.700  0.03748828
 1839413.970  0.03655108
 1871644.490  0.03561387
 1874998.790  0.03467666
 1883033.210  0.03373946
 1887726.030  0.03280225
 1889856.010  0.03186504
 1951738.100  0.03092784
 1956697.650  0.02999063
 1968249.500  0.02905342
 1987389.580  0.02811621
 1995818.510  0.02717901
 2015390.140  0.02624180
 2018708.500  0.02530459
 2018727.030  0.02436739
 2023772.530  0.02343018
 2037836.120  0.02249297
 2049204.980  0.02155576
 2053156.160  0.02061856
 2055301.690  0.01968135
 2085412.970  0.01874414
 2085624.420  0.01780694
 2103673.210  0.01686973
 2109506.730  0.01593252
 2126015.740  0.01499531
 2133677.950  0.01405811
 2164091.490  0.01312090
 2164826.760  0.01218369
 2169699.860  0.01124649
 2201969.430  0.01030928
 2225614.790  0.00937207
 2225792.460  0.00843486
 2298182.080  0.00749766
 2333317.110  0.00656045
 2434535.560  0.00562324
 2454747.590  0.00468604
 2707138.060  0.00374883
 2943996.660  0.00281162
 2946485.670  0.00187441
 3118092.690  0.00093721
 3505112.670  0.00000000
