# Digested data for dctcp_w4 experiment, run at 2026-04-21 01:35:47.095429
# Averaged across 1 repeated sample(s)
# length  cum_frac  samples     p50      p99     p999   s50    s99    s999
     154  0.012285      562 89470.4 209189.5 234331.2 5327.3 12538.3 14014.9
     232  0.023587      517 88845.8 216410.1 233955.9 5392.0 13236.1 14187.7
     254  0.034539      501 89570.9 209918.3 239973.4 5541.3 12941.9 14840.7
     288  0.048289      629 87519.8 202639.5 267596.1 5455.5 12633.4 16683.1
     303  0.060881      576 87504.5 200690.4 249280.5 5434.4 12457.5 15473.6
     308  0.077692      769 86342.9 208787.9 1089584.1 5370.7 13000.5 67508.3
     313  0.095224      802 86447.4 199414.3 263480.4 5362.4 12375.1 16314.6
     318  0.111837      760 86920.0 205222.6 1092960.0 5404.8 12770.5 68012.4
     323  0.130178      839 85272.4 203888.4 227491.3 5282.8 12640.3 14103.6
     331  0.144519      656 87786.6 201216.0 260608.8 5446.0 12505.7 16116.8
     340  0.157044      573 91989.2 209167.0 235341.2 5695.0 12919.5 14536.2
     350  0.170948      636 86020.1 208899.6 234834.7 5319.7 12951.0 14558.9
     360  0.184020      598 88172.3 215954.6 317844.9 5459.0 13380.1 19693.0
     371  0.197027      595 86088.4 196199.6 253567.5 5302.9 12096.2 15633.0
     385  0.207979      501 87469.7 219228.2 288338.3 5429.5 13608.2 17820.7
     425  0.223106      692 86520.7 206615.2 277788.4 5368.9 12714.2 17493.0
     441  0.234780      534 88128.7 229861.6 267793.8 5448.5 14197.7 16499.9
     457  0.246103      518 91724.3 217081.8 270198.0 5667.1 13400.1 16803.4
     474  0.259001      590 87140.9 190743.6 251062.0 5384.3 11752.5 15469.0
     491  0.280971     1005 89723.0 208938.2 223601.8 5526.3 12849.8 13814.2
     502  0.300098      875 89782.2 226321.6 1198292.7 5518.3 13910.4 73650.4
     513  0.319204      874 90660.3 198390.4 227402.9 5575.7 12201.1 13985.4
     525  0.337982      859 87416.5 204150.0 1103124.8 5389.4 12586.3 68010.2
     537  0.356760      859 87546.1 211089.5 261919.1 5400.7 13022.2 16157.9
     549  0.376303      894 86154.5 208180.6 314726.0 5318.2 12850.7 19427.5
     561  0.395715      888 88416.7 197523.9 240640.5 5447.7 12170.3 14826.9
     574  0.414668      867 86698.3 217225.6 301259.2 5348.4 13400.7 18584.8
     587  0.435304      944 89388.6 203280.9 282400.5 5477.2 12455.9 17304.0
     600  0.454257      867 91282.0 211299.5 1096964.4 5566.0 12884.1 66888.1
     615  0.465559      517 93418.1 195449.6 1086463.8 5710.2 11917.7 66409.8
     630  0.476905      519 87183.8 216360.9 245233.0 5274.8 13160.6 14916.9
     646  0.488731      541 85345.0 201055.3 242146.5 5197.6 12281.9 14747.0
     662  0.500689      547 89057.4 220646.3 248849.1 5422.2 13478.7 15201.5
     679  0.512231      528 85839.4 220114.7 244090.8 5214.5 13348.4 14802.4
     702  0.526921      672 92193.9 200013.0 231483.9 5580.7 12107.3 13986.9
     725  0.540168      606 84871.0 200442.9 231013.7 5118.9 12089.4 13858.1
     749  0.552126      547 84403.4 193762.7 1088822.7 5066.2 11630.4 65004.3
     787  0.566291      648 89523.2 216486.8 245823.7 5340.4 12932.7 14632.4
     850  0.580326      642 88502.9 214339.2 272633.0 5287.6 12842.4 16335.1
     945  0.594338      641 90028.1 213893.5 262255.0 5377.0 12800.3 15694.5
    1042  0.605880      528 86337.9 201774.0 233674.2 5094.0 11869.1 13745.5
    1177  0.617445      529 91035.1 205830.1 247939.2 5283.5 12015.8 14474.0
    1357  0.630692      606 86504.6 203278.3 226831.6 4918.4 11582.8 12885.9
    1534  0.642322      532 93590.2 191572.6 1094928.5 4135.3 9692.2 62141.2
    1611  0.653492      511 84978.7 199833.1 243947.5 3372.2 7955.1  9734.5
    2091  0.667483      640 89206.4 212310.9 239831.8 3551.2 8445.1  9543.6
    3544  0.679550      552 88778.6 231212.3 1097979.6 3423.3 9135.2 43570.6
    5652  0.691223      534 86422.2 239780.5 1133152.6 3005.7 8186.4 41629.4
    7830  0.702219      503 87473.0 212941.3 246254.1 2745.3 6726.7  7857.5
   31946  0.715925      627 89631.6 215891.7 241583.2 1804.0 5024.8  6600.6
   37450  0.727577      533 92658.4 216915.5 286026.0 1053.0 2751.8  3096.3
   41214  0.741065      617 88473.6 206398.7 271725.2 800.1 1889.9  2339.8
   43811  0.752148      507 88296.2 219936.6 239102.8 862.8 2113.9  2387.7
   45634  0.764368      559 91582.0 210567.6 1085884.7 840.4 2022.0 10945.3
   47435  0.778402      642 90907.5 220456.6 299465.9 811.4 2018.4  2883.6
   49007  0.793529      692 89261.4 217746.2 299544.6 776.0 1936.6  2709.1
   50632  0.807826      654 93371.3 230426.6 283313.4 780.7 1912.3  2411.2
   64132  0.821707      635 88745.2 224624.8 256722.5 627.8 1881.0  2245.6
   73814  0.835501      631 96063.4 241415.8 1190854.8 572.7 1420.3  7047.7
   77041  0.847918      568 94314.6 227603.6 296838.7 557.5 1321.4  1723.4
   79595  0.860247      564 93249.9 227068.4 288324.2 545.0 1326.4  1600.9
   85305  0.873013      584 101588.1 250533.5 286514.0 542.7 1348.0  1547.1
  102058  0.885998      594 143596.3 356203.4 417871.4 654.1 1616.7  1928.2
  123857  0.899770      630 171505.1 377290.5 1118660.0 669.2 1630.5  4875.0
  156563  0.913127      611 171245.0 330941.5 495793.6 421.8  839.4  1267.5
  189618  0.924910      539 178847.4 402041.8 465040.5 187.8  723.5   825.2
  223195  0.936321      522 220917.7 458837.4 491421.1 114.7  238.3   258.5
  268113  0.948453      555 231515.8 475687.3 1172782.5 121.8  577.1   721.1
  426666  0.960586      555 269007.3 556646.2 676796.6 336.0  663.5   714.0
  940700  0.971625      505 438484.2 959600.2 1609223.2 311.3  684.6  1216.8
 1000000  1.000000     1298 596676.9 1216066.9 1806815.4 296.2  603.6   896.8
