# Fraction of RTTS longer than a given time for homa_w4 experiment
# Includes messages <= 315 bytes; measured at 2026-04-21 01:35:47.095429
# Averaged across 1 repeated sample(s)
# Data collected at 2026-04-21 01:35:47.095429 
#       usec        frac
      17.810  0.99995399
      17.990  0.99990798
      18.380  0.99986197
      18.690  0.99981597
      18.930  0.99976996
      19.730  0.99963193
      20.010  0.99953991
      20.220  0.99940189
      20.470  0.99917184
      20.730  0.99907983
      21.000  0.99898781
      21.230  0.99884978
      21.490  0.99857373
      21.710  0.99834369
      21.980  0.99806763
      22.230  0.99756154
      22.490  0.99705544
      22.720  0.99668737
      22.980  0.99636531
      23.210  0.99595123
      23.490  0.99530711
      23.730  0.99484702
      24.000  0.99429492
      24.250  0.99378882
      24.550  0.99323671
      24.800  0.99259259
      25.060  0.99194847
      25.320  0.99098229
      25.580  0.99052220
      25.860  0.98960202
      26.130  0.98858983
      26.400  0.98748562
      26.670  0.98651944
      26.950  0.98541523
      27.230  0.98426501
      27.510  0.98260870
      27.790  0.98145848
      28.070  0.98017023
      28.370  0.97874396
      28.710  0.97667357
      29.010  0.97501725
      29.310  0.97354497
      29.620  0.97202669
      29.930  0.97083046
      30.230  0.96903612
      30.570  0.96747182
      30.890  0.96558546
      31.200  0.96383713
      31.520  0.96245687
      31.840  0.96024845
      32.160  0.95808604
      32.490  0.95629170
      32.830  0.95449735
      33.160  0.95215091
      33.500  0.95012652
      33.840  0.94837819
      34.180  0.94598574
      34.540  0.94414539
      34.900  0.94239706
      35.250  0.94041868
      35.610  0.93844030
      35.970  0.93613987
      36.350  0.93351737
      36.730  0.93098689
      37.140  0.92854842
      37.520  0.92624799
      37.900  0.92394755
      38.290  0.92187716
      38.680  0.91893260
      39.070  0.91631010
      39.470  0.91428571
      39.870  0.91152519
      40.280  0.90858063
      40.690  0.90582011
      41.110  0.90374971
      41.530  0.90112721
      41.960  0.89864274
      42.390  0.89634231
      42.820  0.89390384
      43.250  0.89109731
      43.690  0.88838279
      44.130  0.88557626
      44.580  0.88281573
      45.030  0.87968714
      45.500  0.87701863
      45.960  0.87393605
      46.420  0.87131355
      46.900  0.86864504
      47.370  0.86565447
      47.850  0.86247987
      48.340  0.85994939
      48.830  0.85682080
      49.320  0.85360018
      49.820  0.85102369
      50.320  0.84738900
      50.830  0.84439844
      51.360  0.84168392
      51.910  0.83860133
      52.430  0.83547274
      52.970  0.83252818
      53.500  0.82907752
      54.070  0.82654704
      54.620  0.82360248
      55.190  0.82070393
      55.750  0.81739130
      56.310  0.81430872
      56.880  0.81067403
      57.470  0.80763745
      58.050  0.80395675
      58.640  0.79986197
      59.230  0.79613527
      59.830  0.79176444
      60.430  0.78822176
      61.050  0.78334484
      61.670  0.77883598
      62.300  0.77464918
      62.930  0.77069243
      63.570  0.76632160
      64.230  0.76250288
      64.880  0.75762595
      65.550  0.75265700
      66.210  0.74764205
      66.890  0.74235105
      67.560  0.73687601
      68.250  0.73186105
      68.940  0.72693812
      69.640  0.72238325
      70.350  0.71805843
      71.060  0.71318150
      71.780  0.70766046
      72.500  0.70338164
      73.240  0.69809064
      73.980  0.69183345
      74.720  0.68631240
      75.510  0.68014723
      76.270  0.67398206
      77.060  0.66777088
      77.840  0.66238785
      78.620  0.65677479
      79.410  0.65166782
      80.210  0.64550265
      81.020  0.63929147
      81.790  0.63289625
      82.610  0.62751323
      83.440  0.62199218
      84.260  0.61573499
      85.110  0.60961583
      85.970  0.60363469
      86.650  0.59756154
      87.360  0.59158040
      88.030  0.58564527
      88.890  0.57975615
      89.710  0.57391304
      90.480  0.56816195
      91.270  0.56245687
      92.040  0.55679779
      92.840  0.55118473
      93.490  0.54566368
      94.220  0.54018864
      94.960  0.53475960
      95.630  0.52937658
      96.310  0.52403957
      96.960  0.51879457
      97.740  0.51359558
      98.500  0.50844260
      99.130  0.50333563
      99.830  0.49827467
     100.550  0.49325972
     101.340  0.48829078
     102.080  0.48336784
     102.830  0.47849091
     103.520  0.47366000
     104.240  0.46892110
     104.840  0.46422820
     105.480  0.45958132
     106.120  0.45498045
     106.690  0.45042558
     107.330  0.44591672
     107.870  0.44145388
     108.620  0.43703704
     109.330  0.43266621
     109.960  0.42829538
     110.580  0.42397055
     111.220  0.41969174
     111.770  0.41545894
     112.490  0.41127214
     113.140  0.40713135
     113.760  0.40303658
     114.250  0.39898781
     115.050  0.39498505
     115.610  0.39102830
     116.150  0.38711755
     116.710  0.38320681
     117.300  0.37934207
     117.840  0.37552335
     118.310  0.37175063
     118.920  0.36802392
     119.500  0.36434323
     120.080  0.36066253
     120.730  0.35702784
     121.410  0.35343915
     122.020  0.34989648
     122.560  0.34635381
     123.080  0.34285714
     123.720  0.33940649
     124.390  0.33600184
     124.990  0.33259719
     125.590  0.32923856
     126.050  0.32592593
     126.620  0.32265931
     127.230  0.31939268
     127.760  0.31617207
     128.250  0.31299747
     128.750  0.30982287
     129.420  0.30669427
     129.920  0.30361169
     130.410  0.30057511
     131.060  0.29753853
     131.560  0.29454796
     132.120  0.29155740
     132.530  0.28861284
     133.090  0.28571429
     133.790  0.28281573
     134.320  0.27996319
     134.930  0.27715666
     135.370  0.27435013
     135.890  0.27158960
     136.470  0.26882908
     137.040  0.26611456
     137.650  0.26344605
     138.100  0.26077755
     138.660  0.25815505
     139.200  0.25553255
     139.710  0.25295606
     140.300  0.25042558
     140.970  0.24789510
     141.640  0.24541063
     142.180  0.24292616
     142.710  0.24048769
     143.360  0.23804923
     143.800  0.23565677
     144.270  0.23326432
     144.790  0.23091787
     145.420  0.22857143
     145.920  0.22627099
     146.430  0.22397055
     146.900  0.22171613
     147.460  0.21946170
     147.970  0.21725328
     148.340  0.21504486
     148.970  0.21288245
     149.510  0.21072004
     150.010  0.20860363
     150.670  0.20648723
     151.070  0.20441684
     151.600  0.20234645
     152.180  0.20032206
     152.680  0.19829768
     153.130  0.19627329
     153.590  0.19429492
     154.100  0.19231654
     154.630  0.19038417
     155.150  0.18845181
     155.680  0.18656545
     156.090  0.18467909
     156.550  0.18279273
     157.080  0.18095238
     157.570  0.17911203
     158.040  0.17731769
     158.640  0.17552335
     159.200  0.17372901
     159.640  0.17198068
     160.220  0.17023234
     160.610  0.16853002
     161.170  0.16682770
     161.650  0.16512537
     162.220  0.16346906
     162.850  0.16181274
     163.480  0.16015643
     163.930  0.15854612
     164.460  0.15693582
     165.170  0.15532551
     165.680  0.15376121
     166.100  0.15219692
     166.790  0.15063262
     167.320  0.14911433
     167.880  0.14759604
     168.510  0.14607775
     169.060  0.14460548
     169.570  0.14313320
     170.060  0.14166092
     170.570  0.14023464
     171.330  0.13880837
     171.830  0.13738210
     172.160  0.13600184
     172.890  0.13462158
     173.270  0.13324132
     173.860  0.13190706
     174.250  0.13057281
     174.890  0.12923856
     175.480  0.12790430
     175.930  0.12661606
     176.380  0.12532781
     176.770  0.12403957
     177.200  0.12279733
     177.680  0.12155510
     178.030  0.12031286
     178.400  0.11907062
     178.900  0.11787440
     179.450  0.11667817
     180.050  0.11548194
     180.350  0.11428571
     180.710  0.11313550
     181.000  0.11198528
     181.580  0.11083506
     182.370  0.10968484
     183.080  0.10858063
     183.460  0.10747642
     183.870  0.10637221
     184.440  0.10526800
     184.980  0.10420980
     185.640  0.10315160
     186.150  0.10209340
     186.570  0.10103520
     187.010  0.10002300
     187.670  0.09901081
     188.280  0.09799862
     188.750  0.09698643
     189.360  0.09597424
     189.910  0.09500805
     190.440  0.09404187
     190.910  0.09307568
     191.540  0.09210950
     191.960  0.09114332
     192.310  0.09022314
     192.770  0.08930297
     193.230  0.08838279
     193.970  0.08746262
     194.330  0.08654244
     194.680  0.08566828
     195.220  0.08479411
     195.940  0.08391994
     196.360  0.08304578
     196.970  0.08217161
     197.310  0.08134346
     197.770  0.08051530
     198.620  0.07968714
     199.020  0.07885898
     199.450  0.07803083
     199.950  0.07724868
     200.610  0.07646653
     200.990  0.07568438
     201.390  0.07490223
     201.810  0.07412008
     202.200  0.07333793
     202.710  0.07260179
     203.240  0.07186565
     203.800  0.07112951
     204.310  0.07039337
     204.850  0.06965723
     205.450  0.06892110
     205.940  0.06823096
     206.710  0.06754083
     207.280  0.06685070
     207.580  0.06616057
     208.250  0.06547044
     208.710  0.06478031
     209.270  0.06409018
     209.650  0.06344605
     210.450  0.06280193
     210.950  0.06215781
     211.400  0.06151369
     211.920  0.06086957
     212.380  0.06022544
     212.750  0.05958132
     213.230  0.05898321
     213.630  0.05838509
     213.870  0.05778698
     214.340  0.05718887
     214.870  0.05659075
     215.600  0.05599264
     216.430  0.05539452
     217.000  0.05479641
     217.420  0.05424431
     218.440  0.05369220
     219.250  0.05314010
     219.800  0.05258799
     220.360  0.05203589
     220.960  0.05148378
     221.630  0.05093168
     221.950  0.05037957
     222.520  0.04987348
     223.450  0.04936738
     224.120  0.04886128
     224.730  0.04835519
     225.350  0.04784909
     225.930  0.04734300
     227.000  0.04683690
     227.900  0.04633080
     228.410  0.04582471
     229.040  0.04536462
     229.650  0.04490453
     230.160  0.04444444
     230.750  0.04398436
     231.590  0.04352427
     232.350  0.04306418
     232.480  0.04260409
     232.830  0.04214401
     233.330  0.04168392
     234.000  0.04122383
     234.580  0.04080975
     235.490  0.04039568
     236.090  0.03998160
     236.790  0.03956752
     237.660  0.03915344
     238.040  0.03873936
     238.390  0.03832528
     238.980  0.03791120
     239.830  0.03749712
     240.550  0.03708305
     241.020  0.03666897
     241.860  0.03630090
     242.280  0.03593283
     243.360  0.03556476
     244.900  0.03519669
     245.420  0.03482862
     246.220  0.03446055
     246.870  0.03409248
     247.590  0.03372441
     248.500  0.03335634
     248.990  0.03298827
     250.380  0.03262020
     251.810  0.03225213
     252.660  0.03188406
     253.410  0.03156200
     254.250  0.03123994
     254.560  0.03091787
     255.190  0.03059581
     256.290  0.03027375
     256.660  0.02995169
     257.930  0.02962963
     258.530  0.02930757
     259.680  0.02898551
     260.500  0.02866345
     260.950  0.02834138
     262.980  0.02801932
     263.830  0.02769726
     264.500  0.02737520
     265.850  0.02709915
     267.290  0.02682310
     268.180  0.02654704
     268.600  0.02627099
     269.420  0.02599494
     271.190  0.02571889
     272.420  0.02544283
     274.250  0.02516678
     274.720  0.02489073
     275.960  0.02461468
     276.480  0.02433862
     277.050  0.02406257
     278.280  0.02378652
     279.260  0.02351047
     280.380  0.02323441
     280.930  0.02295836
     281.830  0.02272832
     282.830  0.02249827
     284.040  0.02226823
     284.720  0.02203819
     285.650  0.02180814
     285.900  0.02157810
     286.990  0.02134806
     288.000  0.02111801
     289.150  0.02088797
     290.190  0.02065793
     291.440  0.02042788
     292.440  0.02019784
     293.440  0.01996779
     294.320  0.01973775
     295.630  0.01950771
     296.800  0.01927766
     297.400  0.01904762
     298.970  0.01881758
     300.190  0.01858753
     301.800  0.01835749
     302.620  0.01817345
     304.370  0.01798942
     304.820  0.01780538
     307.300  0.01762135
     308.440  0.01743731
     309.890  0.01725328
     310.690  0.01706924
     311.130  0.01688521
     311.540  0.01670117
     313.580  0.01651714
     314.750  0.01633310
     315.780  0.01614907
     316.800  0.01596503
     317.030  0.01578100
     320.610  0.01559696
     322.030  0.01541293
     324.630  0.01522889
     326.430  0.01504486
     328.280  0.01486082
     331.270  0.01467679
     334.090  0.01449275
     336.810  0.01430872
     339.890  0.01412468
     341.390  0.01394065
     343.290  0.01375661
     344.800  0.01361859
     347.460  0.01348056
     349.550  0.01334254
     351.800  0.01320451
     353.900  0.01306648
     355.480  0.01292846
     359.340  0.01279043
     360.340  0.01265240
     363.820  0.01251438
     364.810  0.01237635
     366.320  0.01223833
     368.030  0.01210030
     369.170  0.01196227
     371.660  0.01182425
     375.280  0.01168622
     380.310  0.01154819
     382.220  0.01141017
     383.760  0.01127214
     384.530  0.01113412
     387.700  0.01099609
     388.470  0.01085806
     390.040  0.01072004
     390.800  0.01058201
     395.140  0.01044398
     399.350  0.01030596
     403.340  0.01016793
     406.160  0.01002991
     408.650  0.00989188
     411.910  0.00975385
     416.950  0.00961583
     422.330  0.00952381
     428.720  0.00947780
     431.390  0.00933977
     433.140  0.00920175
     436.930  0.00910973
     439.710  0.00901771
     441.830  0.00892570
     444.440  0.00883368
     452.390  0.00874166
     457.400  0.00864964
     461.880  0.00855763
     468.460  0.00851162
     468.670  0.00841960
     471.710  0.00832758
     473.290  0.00823556
     477.300  0.00814355
     479.630  0.00805153
     481.160  0.00795951
     481.680  0.00786749
     484.980  0.00777548
     492.940  0.00768346
     497.510  0.00759144
     518.610  0.00749942
     521.580  0.00740741
     524.070  0.00731539
     529.640  0.00726938
     535.600  0.00717736
     542.100  0.00708535
     554.650  0.00699333
     561.450  0.00690131
     569.350  0.00680929
     582.300  0.00676329
     590.630  0.00667127
     600.820  0.00662526
     607.360  0.00657925
     630.490  0.00648723
     646.720  0.00644122
     666.080  0.00634921
     673.500  0.00625719
     681.000  0.00621118
     692.310  0.00611916
     719.720  0.00607315
     733.180  0.00602715
     825.540  0.00598114
     855.140  0.00593513
     932.240  0.00588912
     948.160  0.00584311
     973.560  0.00579710
    1002.800  0.00575109
    1108.030  0.00570508
    1127.800  0.00565908
    1155.720  0.00561307
    1263.950  0.00556706
    1385.330  0.00552105
    1457.400  0.00547504
    1842.030  0.00542903
    1855.450  0.00533701
    2113.880  0.00524500
    2198.090  0.00519899
    2269.990  0.00510697
    2431.690  0.00506096
    2484.380  0.00501495
    2528.010  0.00496894
    2743.930  0.00492294
    2854.930  0.00487693
    2987.130  0.00478491
    3069.310  0.00473890
    3086.100  0.00464688
    3117.790  0.00460087
    3131.890  0.00455487
    3220.260  0.00450886
    3250.150  0.00446285
    3282.720  0.00441684
    3359.880  0.00437083
    3469.490  0.00432482
    3589.710  0.00427881
    3590.470  0.00423280
    3616.200  0.00418680
    3797.040  0.00414079
    3932.880  0.00409478
    3986.650  0.00404877
    4034.900  0.00400276
    4097.120  0.00395675
    4146.470  0.00391074
    4167.980  0.00386473
    4255.870  0.00381873
    4276.470  0.00377272
    4324.460  0.00372671
    4416.420  0.00368070
    4873.950  0.00363469
    4894.080  0.00358868
    4951.590  0.00354267
    5073.940  0.00349666
    5081.750  0.00345066
    5173.200  0.00340465
    5195.610  0.00335864
    5342.550  0.00331263
    5595.390  0.00326662
    5684.360  0.00322061
    5709.810  0.00317460
    5861.890  0.00312859
    5890.780  0.00308259
    5940.160  0.00303658
    6144.790  0.00299057
    6430.050  0.00294456
    6520.160  0.00289855
    6655.300  0.00285254
    6686.760  0.00280653
    6728.180  0.00276052
    6734.330  0.00271452
    6743.100  0.00266851
    6748.220  0.00262250
    6766.390  0.00257649
    6766.840  0.00253048
    6767.970  0.00248447
    6773.700  0.00243846
    6774.210  0.00239245
    6777.850  0.00234645
    6791.910  0.00230044
    6812.730  0.00225443
    6818.070  0.00220842
    6820.170  0.00216241
    6839.180  0.00211640
    6842.140  0.00207039
    6842.160  0.00202438
    6852.920  0.00197838
    6854.240  0.00193237
    6897.480  0.00188636
    6900.810  0.00184035
    6929.010  0.00179434
    6931.580  0.00174833
    6938.210  0.00170232
    6951.300  0.00165631
    6961.890  0.00161031
    6965.980  0.00156430
    6980.230  0.00151829
    6994.650  0.00147228
    7055.150  0.00142627
    7077.060  0.00138026
    7082.850  0.00133425
    7102.710  0.00128824
    7115.150  0.00124224
    7146.250  0.00119623
    7171.540  0.00115022
    7174.770  0.00110421
    7181.030  0.00105820
    7187.370  0.00101219
    7211.580  0.00096618
    7214.570  0.00092017
    7236.990  0.00087417
    7250.780  0.00082816
    7252.030  0.00078215
    7265.460  0.00073614
    7280.190  0.00069013
    7282.730  0.00064412
    7294.300  0.00059811
    7311.470  0.00055210
    7313.620  0.00050610
    7321.380  0.00046009
    7333.800  0.00041408
    7344.490  0.00036807
    7374.860  0.00032206
    7451.500  0.00027605
    7453.960  0.00023004
    7472.070  0.00018403
    7494.190  0.00013803
    7563.190  0.00009202
    7601.840  0.00004601
   36618.130  0.00000000
