# Digested data for homa_w4 experiment, run at 2026-04-21 04:07:09.410260
# Averaged across 1 repeated sample(s)
# length  cum_frac  samples     p50      p99     p999   s50    s99    s999
      60  0.002465      530    86.8    389.0   4370.1   4.9   21.9   245.6
      92  0.007759     1138    91.0    333.1    511.7   5.4   19.6    30.0
     119  0.010112      506    92.6    356.0    499.8   5.6   21.4    30.1
     199  0.014624      970    91.5    390.4   4069.3   5.6   23.8   248.1
     222  0.017978      721    89.6    339.0    460.7   5.5   20.8    28.2
     227  0.020643      573    91.1    272.1    316.3   5.6   16.8    19.5
     232  0.023462      606    93.7    357.6   1971.5   5.8   22.0   121.3
     237  0.026099      567    92.6    377.5    536.4   5.8   23.5    33.5
     243  0.028629      544    88.0    337.2    417.2   5.5   21.0    26.0
     248  0.031016      513    92.8    313.0    537.4   5.8   19.6    33.7
     254  0.033509      536    88.7    340.1    517.0   5.6   21.4    32.5
     259  0.036248      589    88.9    389.0    645.6   5.6   24.3    40.4
     265  0.038755      539    88.4    324.7   3053.3   5.5   20.4   191.7
     271  0.041495      589    91.5    351.9    701.8   5.7   21.9    43.7
     279  0.044816      714    90.0    368.5    914.8   5.6   23.0    57.1
     288  0.048030      691    91.4    434.8   2456.4   5.7   27.2   153.7
     297  0.050998      638    91.8    326.3   1194.7   5.7   20.4    74.8
     303  0.060366     2014    92.1    308.9    472.5   5.8   19.3    29.6
     305  0.068617     1774    89.4    368.6    939.7   5.6   23.0    58.6
     308  0.077074     1818    90.4    353.5   3120.1   5.6   22.1   195.0
     310  0.085502     1812    88.2    316.1   1045.9   5.5   19.7    65.2
     313  0.094019     1831    90.9    368.3   3430.8   5.7   23.0   214.4
     315  0.102438     1810    92.3    344.5    984.4   5.8   21.5    61.5
     318  0.110717     1780    90.7    327.8   2719.9   5.7   20.6   170.5
     321  0.119192     1822    87.6    312.6    530.1   5.5   19.6    33.2
     323  0.127439     1773    86.8    316.7    975.7   5.4   19.8    61.1
     326  0.136012     1843    90.0    321.5    637.9   5.6   20.2    40.0
     331  0.142817     1463    88.0    307.9    725.8   5.5   19.3    45.4
     335  0.149310     1396    92.5    360.7   1223.9   5.8   22.6    76.7
     340  0.155603     1353    93.1    349.5    577.6   5.8   21.8    36.1
     345  0.161832     1339    87.6    334.3    800.6   5.5   20.9    50.1
     350  0.168427     1418    89.5    345.2    541.3   5.6   21.6    33.9
     355  0.175074     1429    91.6    308.1   1408.6   5.7   19.3    88.0
     360  0.181628     1409    90.1    303.9    461.1   5.6   18.9    28.7
     365  0.188065     1384    89.8    328.1    497.6   5.6   20.5    31.0
     371  0.194745     1436    94.1    351.8    688.8   5.9   21.9    42.9
     376  0.201382     1427    92.3    313.8    505.5   5.8   19.6    31.5
     385  0.205466      878    91.8    397.3   1522.1   5.7   24.7    94.7
     395  0.209513      870    90.8    338.1   2784.0   5.7   21.1   173.7
     405  0.213685      897    92.0    379.5   3860.8   5.7   23.6   240.2
     415  0.217676      858    94.1    322.3    445.0   5.9   20.1    27.8
     425  0.221779      882    88.8    360.7   1992.3   5.5   22.5   124.1
     430  0.225663      835    93.9    324.8    426.9   5.9   20.2    26.6
     435  0.229812      892    92.6    316.6    447.1   5.7   19.5    27.6
     441  0.233900      879    90.4    322.1    557.0   5.7   20.1    34.8
     446  0.237952      871    95.2    309.4    670.6   6.0   19.4    42.0
     452  0.242217      917    88.8    320.6   2003.2   5.6   20.1   125.6
     457  0.246315      881    92.6    372.6   3673.4   5.8   23.3   230.0
     463  0.250478      895    92.5    381.1   1076.5   5.8   23.9    67.5
     468  0.254618      890    88.1    393.2   2283.9   5.5   24.5   142.3
     474  0.258646      866    85.4    340.2   1235.5   5.4   21.3    77.5
     480  0.262781      889    91.7    361.1   3423.5   5.8   22.6   214.6
     491  0.282363     4210    91.6    308.1    799.0   5.7   19.3    50.0
     502  0.301620     4140    90.2    360.0    643.4   5.6   22.5    40.2
     513  0.321765     4331    92.5    321.0    590.0   5.8   20.0    36.8
     525  0.341827     4313    90.1    308.3    525.4   5.6   19.3    32.8
     537  0.361470     4223    89.3    335.5    540.8   5.6   21.0    33.8
     549  0.381126     4226    90.7    324.6    528.7   5.7   20.2    33.0
     561  0.401179     4311    89.0    343.6   1184.6   5.5   21.3    73.4
     574  0.420273     4105    90.6    313.9    659.9   5.6   19.5    41.0
     587  0.440213     4287    91.5    334.9    628.2   5.7   20.8    38.9
     600  0.458833     4003    90.2    327.4    617.4   5.6   20.3    38.3
     607  0.464721     1266    90.1    386.4    733.1   5.6   23.9    45.4
     615  0.470759     1298    87.8    319.3   1137.5   5.4   19.7    70.2
     623  0.476262     1183    88.6    336.0   2959.8   5.5   20.7   182.1
     630  0.481778     1186    91.6    301.1    434.6   5.6   18.5    26.7
     638  0.487760     1286    90.5    346.8    513.9   5.6   21.4    31.7
     646  0.493635     1263    88.8    338.4    521.0   5.4   20.8    32.0
     654  0.499542     1270    91.1    340.3   1049.8   5.6   20.8    64.3
     662  0.505486     1278    93.4    343.1    703.5   5.7   21.0    43.1
     671  0.511063     1199    90.9    343.1    588.5   5.6   21.0    36.0
     679  0.517087     1295    93.7    308.9    564.7   5.7   18.8    34.4
     685  0.520715      780    86.3    338.3   3003.2   5.3   20.6   183.1
     690  0.524297      770    89.1    366.9    541.7   5.4   22.4    33.0
     696  0.527692      730    90.2    318.1    640.3   5.5   19.3    38.9
     702  0.531302      776    91.1    387.6    925.5   5.5   23.6    56.3
     707  0.534660      722    86.2    361.2   2907.9   5.2   22.0   176.9
     713  0.538548      836    89.0    317.7   1566.8   5.4   19.3    95.2
     719  0.542111      766    93.7    406.5   1439.6   5.7   24.7    87.5
     725  0.545749      782    88.6    292.6    692.4   5.4   17.8    42.2
     731  0.549214      745    93.5    347.3    993.0   5.7   21.2    60.5
     737  0.552749      760    91.7    305.9    597.5   5.6   18.6    36.3
     749  0.557433     1007    90.8    349.5   1013.7   5.5   21.1    61.2
     762  0.562187     1022    88.2    352.5    497.4   5.4   21.4    30.2
     774  0.567066     1049    88.9    317.8    455.4   5.4   19.3    27.7
     787  0.572378     1142    91.4    365.0   1718.8   5.5   22.1   104.2
     800  0.577285     1055    92.0    356.7    449.4   5.6   21.6    27.2
     816  0.580620      717    91.5    372.1   1405.0   5.5   22.4    84.4
     833  0.583528      625    89.9    336.7    653.4   5.4   20.3    39.5
     850  0.586449      628    97.5    352.2    814.4   5.9   21.3    49.3
     867  0.589719      703    88.1    331.8   2731.2   5.3   20.0   164.9
     885  0.592849      673    91.5    404.8   3496.3   5.5   24.4   211.0
     914  0.596537      793    86.5    332.8   3247.9   5.2   20.1   196.0
     945  0.600026      750    89.9    352.8    921.2   5.4   21.2    55.3
     976  0.603747      800    92.3    395.4   1166.7   5.5   23.7    69.9
    1009  0.607445      795    91.0    347.9   4037.9   5.4   20.7   240.1
    1042  0.610766      714    96.1    310.5    377.6   5.7   18.4    22.4
    1085  0.614459      794    91.8    332.9    446.2   5.4   19.7    26.4
    1130  0.618232      811    96.6    381.1   1861.2   5.7   22.5   109.7
    1177  0.621804      768    92.4    370.9    683.0   5.4   21.8    40.1
    1226  0.625432      780    91.9    394.9    770.8   5.3   23.0    44.9
    1277  0.629372      847    93.7    406.6   2392.1   5.4   23.5   138.4
    1316  0.632744      725    94.1    284.5    849.1   5.5   16.5    49.2
    1357  0.636046      710    92.6    422.5    597.2   5.3   24.3    34.4
    1399  0.639563      756    89.4    300.8    404.5   5.1   17.2    23.2
    1436  0.642238      575   111.3    408.6   3467.6   4.4   16.1   136.7
    1484  0.645247      647   100.7    364.2    994.1   4.0   14.5    39.6
    1534  0.648331      663   108.5    511.8    797.4   4.3   20.4    31.8
    1559  0.652233      839   106.4    392.3    805.7   4.2   15.6    32.1
    1585  0.656229      859   106.7    373.1    650.3   4.2   14.8    25.9
    1611  0.660276      870   104.5    392.6   2817.8   4.1   15.6   111.9
    1637  0.664155      834   106.9    386.0    872.7   4.2   15.3    34.6
    1664  0.668113      851   107.2    418.0   1066.0   4.3   16.6    42.3
    1865  0.670923      604   109.3    356.6    392.5   4.3   14.2    15.6
    2091  0.673732      604   104.4    337.6   3565.9   4.1   13.4   141.6
    2412  0.677281      763   106.4    416.2    818.8   4.2   16.5    32.5
    2742  0.680105      607   111.6    557.6   2211.8   4.4   22.2    88.0
    3118  0.682844      589   107.4    354.8   3790.9   4.0   13.2   141.6
    3544  0.685584      589   112.4    435.1    579.5   4.2   16.2    21.5
    4030  0.688072      535   107.5    383.4    553.1   4.0   14.2    20.5
    4582  0.690835      594   109.7    417.8   2005.6   3.8   14.4    69.3
    5210  0.693812      640   120.9    440.7   3513.6   4.2   15.2   121.2
    5652  0.696752      632   112.5    440.9   1577.4   3.9   15.1    54.1
    6132  0.699785      652   112.5    317.8    501.1   1.2    3.3     5.2
    6653  0.702636      613   114.4    428.7   5136.7   3.5   13.3   159.3
    7217  0.705422      599   116.8    413.4   3524.2   3.6   12.7   107.8
    7830  0.708176      592   118.1    437.2   3684.7   3.6   13.3   112.3
   10373  0.710771      558   127.3    436.4    564.7   1.9    6.5     8.4
   13741  0.713381      561   128.3    397.3    551.3   3.2    9.9    13.7
   18203  0.715906      543   139.0    504.8   1386.2   3.0   11.0    30.2
   24115  0.718232      500   169.0    529.9    557.6   2.8    8.7     9.2
   31946  0.720916      577   178.7    577.9   3556.5   1.8    5.7    35.3
   33343  0.723595      576   181.4    573.6   2717.4   1.8    5.6    26.7
   34801  0.726512      627   185.1    579.2    861.2   1.9    6.0     8.9
   36322  0.729144      566   186.9    592.0   1926.0   2.0    6.2    20.2
   37450  0.732028      620   194.5    600.4   3449.1   1.9    5.7    33.0
   38377  0.734949      628   202.6    632.3   1208.0   1.8    5.6    10.6
   39327  0.737494      547   195.0    669.2    901.1   1.8    6.1     8.2
   40382  0.741005      755   212.4    619.5    861.7   1.8    5.3     7.3
   41214  0.745043      868   203.8    580.6   1030.0   1.7    4.9     8.6
   42062  0.748541      752   211.2    690.4   1130.2   1.8    5.8     9.5
   42928  0.752238      795   209.1    737.2    997.9   1.7    6.2     8.3
   43811  0.755964      801   213.9    656.1    979.2   1.8    5.4     8.1
   44531  0.759792      823   219.5    613.5    910.4   1.8    5.0     7.4
   45079  0.763904      884   210.1    660.3   1078.2   1.7    5.3     8.6
   45634  0.768053      892   214.9    635.3   3414.5   2.3    6.7    36.0
   46195  0.772346      923   213.2    669.0   3245.6   2.2    7.0    33.9
   46763  0.776682      932   212.3    647.0   1127.5   2.2    6.8    11.9
   47435  0.782417     1233   220.8    659.1    858.8   2.3    6.8     8.9
   47823  0.786194      812   221.4    778.1   2533.3   2.3    8.1    26.5
   48215  0.789980      814   225.0    600.1   3866.1   2.4    6.3    40.7
   48609  0.793664      792   221.1    709.3   1117.8   2.3    7.4    11.6
   49007  0.797776      884   220.4    647.7   4793.3   2.3    6.7    49.9
   49408  0.801636      830   219.8    637.9    862.6   2.3    6.6     9.0
   49813  0.805590      850   221.4    708.8   1107.3   2.3    7.3    11.5
   50221  0.809469      834   225.3    747.1   4423.4   2.3    7.7    45.6
   50632  0.813163      794   226.3    697.0   3183.4   2.3    7.2    32.8
   51046  0.816726      766   221.4    673.1   3267.4   2.3    6.9    33.7
   55381  0.819595      617   241.0    721.5   1049.4   2.3    6.8     9.9
   60084  0.822735      675   247.4    641.5    886.0   2.2    5.8     8.0
   64132  0.826079      719   262.6    709.1   1575.4   2.3    6.1    13.6
   66528  0.828949      617   271.2    838.0   1081.9   2.3    7.1     9.2
   69014  0.831810      615   271.3    712.9    945.9   2.2    5.8     7.7
   71156  0.834345      545   279.8    819.5   1194.1   1.7    4.9     7.1
   72473  0.837020      575   281.5    916.9   4073.0   2.2    7.3    32.2
   73814  0.839871      613   272.8    838.9   1306.9   2.1    6.6    10.3
   75180  0.842429      550   409.6   1076.0   2151.6   2.3    6.0    12.0
   75795  0.845164      588   418.7   1154.7   2079.8   2.1    5.9    10.6
   76416  0.848039      618   405.8   1072.5   2870.3   2.1    5.6    15.0
   77041  0.851006      638   426.4   1204.7   3705.3   2.1    5.9    18.3
   77672  0.853932      629   431.9   1318.2   1626.0   2.2    6.6     8.2
   78307  0.856835      624   430.1   1210.1   1791.5   2.1    5.8     8.6
   78948  0.859653      606   424.5   1230.4   2459.2   2.1    6.0    12.0
   79595  0.862546      622   443.8   1187.7   3550.4   2.3    6.2    18.7
   80246  0.865463      627   442.3   1161.2   3013.8   2.0    5.4    13.9
   80903  0.868598      674   434.3   1106.7   2012.6   2.1    5.3     9.7
   81565  0.871431      609   428.5   1210.5   2669.2   1.9    5.4    12.0
   85305  0.874566      674   441.4   1165.6   1355.8   2.1    5.5     6.4
   89216  0.877677      669   461.4   1255.4   1827.9   2.6    7.1    10.3
   93306  0.881180      753   481.6   1499.2   2073.4   2.2    6.7     9.3
   97584  0.884673      751   472.5   1293.4   4202.8   2.0    5.5    17.9
  102058  0.888073      731   492.1   1438.4   5079.8   2.1    6.1    21.5
  105871  0.890771      580   520.2   1710.8   4276.1   1.9    6.1    15.2
  109826  0.893664      622   510.0   1454.7   5989.2   1.7    4.8    19.7
  113929  0.896655      643   536.3   1402.3   3643.9   2.2    5.7    14.8
  118669  0.899465      604   540.2   1362.5   1928.2   2.1    5.3     7.5
  123857  0.902353      621   568.4   1410.7   1922.6   1.9    4.7     6.4
  129272  0.905004      570   636.5   1696.6   3146.4   2.0    5.3     9.7
  135199  0.907763      593   647.5   1702.5   2304.3   1.8    4.8     6.5
  141975  0.910619      614   635.8   1755.7   2224.2   1.7    4.7     6.0
  149091  0.913316      580   726.9   1778.8   8852.1   1.9    4.6    22.7
  156563  0.916089      596   761.5   1987.2   4169.2   1.8    4.8    10.0
  164410  0.918610      542   797.4   1984.5   2544.8   1.8    4.5     5.8
  172651  0.921308      580   838.4   2164.7   2729.5   1.9    4.8     6.1
  181304  0.924368      658   849.2   2512.7   6498.5   1.9    5.5    14.3
  189618  0.927303      631   876.8   2344.8   3725.3   1.9    5.0     8.0
  197911  0.930224      628   942.2   2427.8   3076.4   2.0    5.1     6.4
  206566  0.933024      602   996.9   2501.2   3363.1   2.0    5.0     6.8
  215160  0.935834      604  1054.8   2596.3   3875.0   2.1    5.0     7.5
  223195  0.938397      551  1097.3   2809.6   4729.1   2.0    5.2     8.8
  231530  0.941285      621  1113.8   2954.4   9616.8   2.0    5.4    17.7
  240177  0.944183      623  1165.0   3282.9   9121.9   2.1    5.8    16.2
  253761  0.947081      623  1177.2   3570.4   4850.8   2.0    6.2     8.4
  268113  0.949937      614  1313.9   3507.0   7007.9   2.2    5.8    11.6
  283277  0.952560      564  1397.9   3831.3   9266.8   2.2    6.0    14.5
  318166  0.955193      566  1629.5   4409.1   5322.6   2.4    6.6     7.9
  368444  0.958212      649  1802.2   5624.4  10684.5   2.4    7.4    14.0
  426666  0.961128      627  2206.9   5399.6   6584.1   2.5    6.2     7.6
  514641  0.964194      659  2666.3   7372.8   9061.8   2.5    6.9     8.5
  643946  0.966970      597  3505.8   9461.4  11546.3   2.4    6.5     8.0
  792711  0.969691      585  4760.3  12657.1  14951.7   2.9    7.7     9.1
  940700  0.972394      581  5799.2  15972.7  20848.7   2.9    8.0    10.4
 1000000  1.000000     5935  8096.4 927721.2 960272.5   3.8  437.8   453.2
