# Digested data for unloaded_w4 experiment, run at 2026-04-21 05:42:41.889438
# Averaged across 1 repeated sample(s)
# length  cum_frac  samples     p50      p99     p999   s50    s99    s999
      60  0.005041      500    16.7     35.2    137.4   1.0    2.1     8.2
      72  0.010081      500    16.0     33.8     35.0   1.0    2.1     2.2
      92  0.015122      500    15.8     32.5     33.7   1.0    2.1     2.1
     119  0.020162      500    15.7     32.8     34.3   1.0    2.1     2.2
     154  0.025203      500    15.5     33.4     44.6   1.0    2.2     2.9
     199  0.030243      500    15.6     32.7     34.5   1.0    2.1     2.2
     222  0.035284      500    15.4     31.9     33.0   1.0    2.1     2.1
     227  0.040325      500    15.3     31.2     33.5   1.0    2.0     2.2
     232  0.045365      500    15.3     32.2    231.1   1.0    2.1    15.1
     237  0.050406      500    15.2     29.5     32.0   1.0    1.9     2.1
     243  0.055446      500    15.1     32.2    228.1   1.0    2.1    15.1
     248  0.060487      500    15.1     29.9     32.3   1.0    2.0     2.1
     254  0.065527      500    14.9     31.6     35.5   1.0    2.1     2.4
     259  0.070568      500    15.0     31.3     37.6   1.0    2.1     2.5
     265  0.075609      500    14.9     30.1     32.1   1.0    2.0     2.2
     271  0.080649      500    14.9     30.6     32.5   1.0    2.0     2.2
     279  0.085690      500    14.9     29.8     33.5   1.0    2.0     2.2
     288  0.090730      500    14.9     31.4     32.4   1.0    2.1     2.2
     297  0.095771      500    14.9     30.2     32.7   1.0    2.0     2.2
     303  0.100812      500    14.9     30.3     32.1   1.0    2.0     2.2
     305  0.105852      500    14.9     31.9     48.8   1.0    2.1     3.3
     308  0.110893      500    15.0     31.6     32.2   1.0    2.1     2.1
     310  0.115933      500    14.9     30.6     32.0   1.0    2.1     2.1
     313  0.120974      500    14.9     31.5     47.2   1.0    2.1     3.2
     315  0.126014      500    15.0     31.8    230.2   1.0    2.1    15.4
     318  0.131055      500    15.1     29.4     32.9   1.0    2.0     2.2
     321  0.136096      500    15.0     30.3    225.8   1.0    2.0    15.0
     323  0.141136      500    15.1     29.2     32.6   1.0    1.9     2.2
     326  0.146177      500    15.0     31.6     35.5   1.0    2.1     2.4
     331  0.151217      500    15.0     31.8     32.2   1.0    2.1     2.1
     335  0.156258      500    14.9     31.8     33.0   1.0    2.1     2.2
     340  0.161298      500    15.0     32.1     38.0   1.0    2.1     2.5
     345  0.166339      500    15.0     30.5     33.8   1.0    2.0     2.3
     350  0.171380      500    14.9     30.4     32.2   1.0    2.0     2.2
     355  0.176420      500    15.1     31.6     32.9   1.0    2.1     2.2
     360  0.181461      500    15.0     30.2     32.3   1.0    2.0     2.2
     365  0.186501      500    15.0     31.1     32.1   1.0    2.1     2.1
     371  0.191542      500    15.0     30.2     32.1   1.0    2.0     2.1
     376  0.196582      500    15.0     31.4     33.8   1.0    2.1     2.3
     385  0.201623      500    14.9     30.5     42.0   1.0    2.0     2.8
     395  0.206664      500    15.0     31.9    231.3   1.0    2.1    15.4
     405  0.211704      500    15.1     31.3     33.0   1.0    2.1     2.2
     415  0.216745      500    15.1     32.3    225.2   1.0    2.1    15.0
     425  0.221785      500    15.1     31.8     32.6   1.0    2.1     2.2
     430  0.226826      500    15.0     30.8     32.2   1.0    2.1     2.1
     435  0.231867      500    15.0     31.7     32.5   1.0    2.1     2.2
     441  0.236907      500    15.0     32.2     39.5   1.0    2.1     2.6
     446  0.241948      500    15.0     31.7     33.0   1.0    2.1     2.2
     452  0.246988      500    15.0     30.8     39.3   1.0    2.1     2.6
     457  0.252029      500    15.0     31.3     32.1   1.0    2.1     2.1
     463  0.257069      500    15.0     31.4     32.1   1.0    2.1     2.1
     468  0.262110      500    15.0     31.7     32.7   1.0    2.1     2.2
     474  0.267151      500    15.0     31.6     35.0   1.0    2.1     2.3
     480  0.272191      500    15.0     31.2     32.7   1.0    2.1     2.2
     491  0.277232      500    15.0     31.4     32.0   1.0    2.1     2.1
     502  0.282272      500    15.1     31.5     32.3   1.0    2.1     2.1
     513  0.287313      500    15.1     32.1    229.2   1.0    2.1    15.2
     525  0.292353      500    15.1     29.1     32.7   1.0    1.9     2.2
     537  0.297394      500    15.2     32.5    217.5   1.0    2.1    14.3
     549  0.302435      500    15.1     28.5     32.3   1.0    1.9     2.1
     561  0.307475      500    15.1     29.4     32.5   1.0    1.9     2.1
     574  0.312516      500    15.1     30.6     32.3   1.0    2.0     2.1
     587  0.317556      500    15.1     28.9     30.5   1.0    1.9     2.0
     600  0.322597      500    15.1     27.8     29.8   1.0    1.8     2.0
     607  0.327637      500    15.1     31.5     40.3   1.0    2.1     2.7
     615  0.332678      500    15.2     29.8     35.1   1.0    2.0     2.3
     623  0.337719      500    15.3     32.2     33.0   1.0    2.1     2.2
     630  0.342759      500    15.2     32.2     32.3   1.0    2.1     2.1
     638  0.347800      500    15.2     31.5     32.7   1.0    2.1     2.1
     646  0.352840      500    15.2     29.0     31.8   1.0    1.9     2.1
     654  0.357881      500    15.3     31.4     33.0   1.0    2.0     2.2
     662  0.362922      500    15.4     31.0    240.5   1.0    2.0    15.6
     671  0.367962      500    15.5     30.6     32.7   1.0    2.0     2.1
     679  0.373003      500    15.4     32.3    223.9   1.0    2.1    14.5
     685  0.378043      500    15.4     32.3     32.9   1.0    2.1     2.1
     690  0.383084      500    15.3     32.1     32.9   1.0    2.1     2.1
     696  0.388124      500    15.5     32.2     38.1   1.0    2.1     2.5
     702  0.393165      500    15.3     27.5     32.2   1.0    1.8     2.1
     707  0.398206      500    15.4     29.4     32.7   1.0    1.9     2.1
     713  0.403246      500    15.4     31.8     32.8   1.0    2.1     2.1
     719  0.408287      500    15.4     29.7     33.0   1.0    1.9     2.1
     725  0.413327      500    15.3     28.2     32.5   1.0    1.8     2.1
     731  0.418368      500    15.4     30.5     32.4   1.0    2.0     2.1
     737  0.423408      500    15.3     31.8     32.9   1.0    2.1     2.1
     749  0.428449      500    15.4     30.9     32.7   1.0    2.0     2.1
     762  0.433490      500    15.4     28.8     33.0   1.0    1.9     2.1
     774  0.438530      500    15.5     32.3     34.0   1.0    2.1     2.2
     787  0.443571      500    15.4     30.9    234.5   1.0    2.0    15.2
     800  0.448611      500    15.5     30.9     33.1   1.0    2.0     2.1
     816  0.453652      500    15.5     33.0    227.3   1.0    2.1    14.7
     833  0.458692      500    15.6     32.6     33.0   1.0    2.1     2.1
     850  0.463733      500    15.5     32.6     33.4   1.0    2.1     2.2
     867  0.468774      500    15.5     27.1     32.4   1.0    1.7     2.1
     885  0.473814      500    15.6     31.9     48.2   1.0    2.1     3.1
     914  0.478855      500    15.6     32.1     33.2   1.0    2.1     2.1
     945  0.483895      500    15.7     32.3     33.3   1.0    2.1     2.1
     976  0.488936      500    15.7     31.9     32.6   1.0    2.0     2.1
    1009  0.493977      500    15.7     32.5     36.0   1.0    2.1     2.3
    1042  0.499017      500    15.8     31.2     33.3   1.0    2.0     2.1
    1085  0.504058      500    15.8     31.7     33.1   1.0    2.0     2.1
    1130  0.509098      500    16.0     33.1     34.5   1.0    2.1     2.2
    1177  0.514139      500    16.1     32.8     45.0   1.0    2.0     2.8
    1226  0.519179      500    16.2     31.9    235.4   1.0    2.0    14.5
    1277  0.524220      500    16.3     31.9     34.4   1.0    2.0     2.1
    1316  0.529261      500    16.3     32.3    224.6   1.0    2.0    13.8
    1357  0.534301      500    16.5     32.7     33.4   1.0    2.0     2.0
    1399  0.539342      500    16.5     32.8     34.4   1.0    2.0     2.1
    1436  0.544382      500    86.3    142.8    170.0   1.0    1.7     2.0
    1484  0.549423      500    24.4     40.4     45.3   1.0    1.7     1.9
    1534  0.554463      500    24.3     41.5     41.9   1.0    1.7     1.7
    1559  0.559504      500    24.3     41.7     55.2   1.0    1.7     2.3
    1585  0.564545      500    24.4    130.1    306.7   1.0    5.3    12.6
    1611  0.569585      500    24.3     98.4    229.4   1.0    4.1     9.4
    1637  0.574626      500    24.3     42.1     64.4   1.0    1.7     2.7
    1664  0.579666      500    24.3     41.8     60.5   1.0    1.7     2.5
    1865  0.584707      500    24.2     41.4     42.4   1.0    1.7     1.8
    2091  0.589747      500    24.2     41.7     42.8   1.0    1.7     1.8
    2412  0.594788      500    24.3     42.0     46.8   1.0    1.7     1.9
    2742  0.599829      500    24.2     41.9     47.0   1.0    1.7     1.9
    3118  0.604869      500    25.7     43.7     63.9   1.0    1.7     2.5
    3544  0.609910      500    25.9     43.7     62.7   1.0    1.7     2.4
    4030  0.614950      500    26.1     44.1    273.5   1.0    1.7    10.5
    4582  0.619991      500    27.9     46.6    231.0   1.0    1.7     8.3
    5210  0.625032      500    28.1     46.5     63.5   1.0    1.7     2.3
    5652  0.630072      500    28.0     45.9     47.1   1.0    1.6     1.7
    6132  0.635113      500    29.6     46.5     47.3   1.0    1.6     1.6
    6653  0.640153      500    29.8     47.4     64.5   1.0    1.6     2.2
    7217  0.645194      500    31.3     49.5     49.9   1.0    1.6     1.6
    7830  0.650234      500    31.4     49.0     58.3   1.0    1.6     1.9
   10373  0.655275      500    35.1     93.0    250.7   1.0    2.7     7.1
   13741  0.660316      500    39.0     90.9    241.3   1.0    2.3     6.2
   18203  0.665356      500    44.0     66.1     75.7   1.0    1.5     1.7
   24115  0.670397      500    57.4     81.5    126.0   1.0    1.4     2.2
   31946  0.675437      500    67.2     90.0    103.7   1.0    1.3     1.5
   33343  0.680478      500    84.6    195.3    319.1   1.0    2.3     3.8
   34801  0.685518      500    74.1    150.9    165.2   1.0    2.0     2.2
   36322  0.690559      500    75.5    106.3    315.5   1.0    1.4     4.2
   37450  0.695600      500   152.3    201.6    309.8   1.0    1.3     2.0
   38377  0.700640      500    84.0    189.3    309.5   1.0    2.3     3.7
   39327  0.705681      500    97.6    208.6    321.8   1.0    2.1     3.3
   40382  0.710721      500    85.4    110.7    118.2   1.0    1.3     1.4
   41214  0.715762      500    87.4    197.9    397.2   1.0    2.3     4.5
   42062  0.720802      500   135.6    205.6    237.2   1.0    1.5     1.7
   42928  0.725843      500   141.5    230.1    340.9   1.0    1.6     2.4
   43811  0.730884      500    90.8    178.3    200.6   1.0    2.0     2.2
   44531  0.735924      500    93.1    216.3    356.5   1.0    2.3     3.8
   45079  0.740965      500   137.2    225.8    231.6   1.0    1.6     1.7
   45634  0.746005      500   156.4    221.9    387.7   1.0    1.4     2.5
   46195  0.751046      500   157.7    227.1    237.3   1.0    1.4     1.5
   46763  0.756086      500   157.5    225.7    403.3   1.0    1.4     2.6
   47435  0.761127      500   147.9    234.0    316.1   1.0    1.6     2.1
   47823  0.766168      500    95.6    114.4    122.2   1.0    1.2     1.3
   48215  0.771208      500    95.3    125.3    127.4   1.0    1.3     1.3
   48609  0.776249      500   159.8    226.4    309.1   1.0    1.4     1.9
   49007  0.781289      500   156.7    233.9    496.6   1.0    1.5     3.2
   49408  0.786330      500   160.5    222.9    267.9   1.0    1.4     1.7
   49813  0.791371      500   158.8    228.3    368.8   1.0    1.4     2.3
   50221  0.796411      500   150.8    215.0    348.9   1.0    1.4     2.3
   50632  0.801452      500   100.6    198.9    456.6   1.0    2.0     4.5
   51046  0.806492      500    99.5    132.4    136.8   1.0    1.3     1.4
   55381  0.811533      500   160.9    258.6    351.0   1.0    1.6     2.2
   60084  0.816573      500   157.6    233.6    378.5   1.0    1.5     2.4
   64132  0.821614      500   155.3    265.4    952.0   1.0    1.7     6.1
   66528  0.826655      500   137.5    224.8    366.6   1.0    1.6     2.7
   69014  0.831695      500   126.8    227.5    324.6   1.0    1.8     2.6
   71156  0.836736      500   160.0    238.0    328.1   1.0    1.5     2.1
   72473  0.841776      500   126.6    275.6   1100.8   1.0    2.2     8.7
   73814  0.846817      500   126.8    192.4    221.5   1.0    1.5     1.7
   75180  0.851857      500   177.0    329.7    419.3   1.0    1.9     2.4
   75795  0.856898      500   155.0    354.1    378.8   1.0    2.3     2.4
   76416  0.861939      500   153.3    241.5    260.3   1.0    1.6     1.7
   77041  0.866979      500   181.2    383.1    453.8   1.0    2.1     2.5
   77672  0.872020      500   178.8    366.1    436.3   1.0    2.0     2.4
   78307  0.877060      500   185.7    398.8    450.1   1.0    2.1     2.4
   78948  0.882101      500   188.6    401.1    503.0   1.0    2.1     2.7
   80246  0.891234      906   203.0    409.1    502.8   1.0    2.0     2.6
   80903  0.896275      500   182.4    366.0    586.8   1.0    2.0     3.2
   85305  0.905862      951   188.0    415.8    560.0   1.0    2.3     3.2
   89216  0.910903      500   174.8    394.2    424.0   1.0    2.3     2.4
   97584  0.920540      956   189.7    413.8    658.8   1.0    2.2     3.5
  105871  0.930007      939   198.7    389.0    564.6   1.0    2.0     2.9
  113929  0.938757      868   212.0    413.7    494.2   1.0    1.9     2.3
  123857  0.947034      821   221.7    463.7    807.2   1.0    2.1     3.6
  135199  0.954221      713   240.9    589.5    760.4   1.0    2.4     3.1
  149091  0.960371      610   330.2    581.1    692.5   1.0    1.8     2.2
  164410  0.965916      550   368.2    612.0    731.3   1.0    1.7     2.0
  181304  0.971097      514   384.8    612.5    662.7   1.0    1.6     1.7
  206566  0.978215      706   418.1    585.4    723.1   1.0    1.4     1.7
  231530  0.984636      637   461.0    706.0   1283.3   1.0    1.5     2.7
  268113  0.990453      577   513.7    791.9    920.0   1.0    1.5     1.7
  426666  0.996562      606   649.0    968.2   1107.6   1.0    1.4     1.6
 1000000  1.000000      341  1470.0   2181.1   2247.1   1.0    1.2     1.8
