# Digested data for dctcp_w4 experiment, run at 2026-04-21 01:23:19.687976
# Averaged across 1 repeated sample(s)
# length  cum_frac  samples     p50      p99     p999   s50    s99    s999
      92  0.007790      688 44150.8 121939.6 1137839.1 2650.1 7376.3 69253.8
     199  0.014845      623 42670.3 121886.5 1120179.6 2637.0 7603.6 69880.2
     227  0.020982      542 46138.4 126282.6 1092542.0 2927.6 8014.0 69500.1
     243  0.028625      675 44180.0 121706.7 1112735.8 2844.1 7847.3 72443.7
     259  0.036212      670 43319.4 137000.3 1104625.1 2857.7 9031.0 72244.9
     279  0.044455      728 41945.9 126590.5 1119531.0 2774.2 8389.0 74190.3
     297  0.051260      601 42882.7 126769.0 171814.1 2792.9 8319.4 11171.3
     303  0.060613      826 43178.7 120704.7 1103880.7 2833.2 7920.3 72433.1
     305  0.069230      761 43263.5 146861.5 1086161.8 2853.8 9687.4 71646.6
     308  0.077700      748 42187.9 122628.5 1132892.5 2773.7 8062.4 74483.4
     310  0.086283      758 42702.6 130448.9 1080326.1 2800.2 8554.0 70841.1
     313  0.095240      791 40443.4 124603.9 1107816.1 2655.5 8181.5 72739.1
     315  0.104004      774 40338.5 119066.4 1072510.1 2646.9 7812.8 70374.7
     318  0.112462      747 42215.5 132051.5 1131931.0 2777.3 8687.6 74469.1
     321  0.121408      790 42280.7 131702.1 1069586.0 2768.9 8624.9 70044.9
     323  0.130081      766 41271.1 131025.8 1099659.5 2709.9 8603.1 72203.5
     326  0.138574      750 41153.9 127229.8 146930.6 2698.6 8342.9  9634.8
     331  0.145311      595 42152.6 134108.6 1064028.7 2764.1 8794.0 69772.4
     335  0.152139      603 42350.7 126910.2 1115169.0 2771.6 8305.6 72982.3
     340  0.158763      585 43146.2 118287.0 1079110.8 2836.7 7776.9 70947.5
     345  0.164968      548 42263.2 117115.2 1056604.5 2782.3 7710.0 69559.2
     350  0.171547      581 43760.9 130173.6 1063041.2 2882.8 8575.3 70029.1
     355  0.178058      575 39384.2 127973.9 1070716.4 2580.9 8386.2 70164.9
     360  0.184342      555 44079.5 123046.9 1059990.0 2888.6 8063.4 69462.0
     365  0.190898      579 42899.5 124336.3 139156.1 2822.3 8180.0  9155.0
     371  0.197738      604 42935.2 130166.9 1088205.0 2821.0 8552.4 71498.4
     376  0.203875      542 41985.5 119992.8 148490.6 2762.2 7894.3  9769.1
     395  0.212446      757 42247.3 120305.7 1083546.6 2775.8 7904.5 71005.7
     415  0.220826      740 43090.8 129204.2 1073386.1 2825.6 8505.9 70664.0
     430  0.228684      694 40574.3 126376.0 1064066.5 2669.4 8325.2 70096.6
     441  0.236520      692 39970.1 116750.6 1077077.6 2603.9 7605.9 70167.9
     452  0.245091      757 41878.5 126011.3 138948.8 2751.5 8279.3  9129.4
     463  0.253414      735 42537.9 114664.8 1052877.4 2796.7 7538.8 69222.7
     474  0.261771      738 43602.1 123085.2 1120207.6 2868.6 8097.7 73697.9
     491  0.285832     2125 41824.0 126033.6 1093384.9 2746.2 8275.3 71933.2
     502  0.304584     1656 42168.8 129299.5 1073034.0 2757.9 8456.5 70178.8
     513  0.323788     1696 41941.4 122188.4 163966.8 2750.3 8012.4 10751.9
     525  0.342856     1684 42820.8 133497.2 1137400.9 2802.4 8736.7 74437.2
     537  0.361653     1660 41905.1 124709.4 1107985.6 2738.9 8150.9 72417.4
     549  0.381355     1740 42123.5 124225.3 1101028.0 2751.4 8114.0 71915.6
     561  0.400797     1717 41693.9 123613.4 158864.1 2723.3 8074.0 10376.5
     574  0.419888     1686 42590.8 127584.7 1117634.2 2787.4 8349.8 73143.6
     587  0.439625     1743 44451.9 128393.1 1092202.9 2888.4 8342.6 70968.4
     600  0.458568     1673 42336.7 133443.0 1095912.9 2752.7 8676.4 71255.7
     607  0.464253      502 44061.0 129655.8 142551.1 2861.1 8419.2  9256.6
     615  0.470526      554 40723.3 130623.6 1059807.4 2637.5 8460.1 68640.4
     623  0.476504      528 42205.1 125447.7 1120155.6 2740.6 8146.0 72737.4
     638  0.487646      984 41727.9 120020.4 1117321.9 2715.1 7783.4 72742.3
     646  0.493331      502 44228.0 126894.8 1048874.1 2864.5 8218.6 67932.3
     654  0.499321      529 40651.3 128346.6 1070380.3 2624.4 8285.8 69101.4
     662  0.505537      549 40916.7 115101.3 1109088.5 2646.6 7445.1 71739.2
     671  0.511380      516 43364.6 125658.2 231804.1 2797.7 8107.0 14955.1
     685  0.520461      802 43158.2 135162.9 1114058.0 2784.3 8708.9 71782.1
     696  0.527096      586 43406.4 123057.9 1077844.9 2789.6 7923.9 69404.0
     707  0.534026      612 41708.0 124646.4 1068259.4 2683.9 8000.4 68742.6
     719  0.540911      608 42552.7 141212.2 1110259.1 2697.4 8920.5 70796.4
     731  0.548078      633 41340.9 122480.7 1122650.9 2628.2 7786.4 71370.1
     749  0.557103      797 40884.3 115942.3 131156.8 2617.4 7422.7  8343.3
     774  0.566377      819 40126.2 120660.6 1123718.6 2571.1 7714.9 71849.0
     800  0.576217      869 41977.5 117766.7 1048852.2 2677.1 7510.6 66891.1
     833  0.582750      577 43180.5 130298.9 1099756.8 2746.9 8288.7 69959.1
     867  0.589046      556 41672.3 115722.4 1098151.9 2649.2 7324.2 69562.7
     914  0.595840      600 42180.6 130861.5 1111625.4 2666.3 8271.9 70267.1
     976  0.603404      668 43308.2 134479.8 1062693.6 2722.1 8468.5 66794.1
    1042  0.611092      679 46419.7 122266.2 149256.9 2903.0 7634.6  9334.4
    1130  0.618305      637 41572.3 127375.8 1113887.0 2577.2 7887.0 69357.8
    1226  0.626481      722 43236.5 124005.4 165850.3 2668.9 7654.7 10237.7
    1316  0.633388      610 41409.9 131289.4 1131608.1 2529.2 8005.5 69253.9
    1399  0.640170      599 40659.3 138772.1 173222.3 2452.1 8425.8 10410.0
    1534  0.648380      725 42347.3 118808.5 1104881.6 1783.8 4990.3 46619.5
    1585  0.656249      695 40831.3 132248.9 1264461.7 1720.7 5570.7 53262.9
    1637  0.665070      779 41579.5 124554.0 1137766.6 1750.7 5242.2 47885.8
    1865  0.672113      622 43310.9 176429.9 1124670.1 1824.4 7431.8 47294.8
    2412  0.678386      554 42298.8 131676.8 1127597.1 1770.6 5504.9 47140.3
    3118  0.684410      532 43581.7 122536.8 1137657.6 1743.5 5018.5 47600.7
    4582  0.692982      757 42324.3 125768.7 157965.6 1616.1 4874.8  6122.7
    6132  0.701089      716 42530.1 125409.7 1095083.4 1525.9 4602.2 37683.5
    7217  0.707204      540 40060.0 119053.7 1094114.8 1345.7 4075.8 37456.9
   10373  0.712865      500 45957.5 130892.4 1085499.8 1406.9 3931.8 35243.5
   24115  0.721097      727 44039.9 135993.5 157775.8 987.7 3181.1  3991.4
   34801  0.728967      695 43390.4 129740.9 1134050.7 651.8 1958.6 16711.6
   38377  0.737527      756 41699.1 131781.7 1073701.5 528.4 1648.7 13433.0
   40382  0.743959      568 42775.9 132973.4 154148.1 515.4 1610.2  1866.7
   42062  0.751319      650 44248.6 144466.0 1107869.4 520.6 1694.4 13157.6
   43811  0.759166      693 44438.7 129999.1 1162325.5 512.9 1506.2 13397.0
   45079  0.766266      627 44377.2 119379.4 141995.5 503.7 1354.4  1611.0
   46195  0.774192      700 42467.4 131175.1 1109634.8 467.8 1444.8 12222.0
   47435  0.783794      848 43028.3 129475.8 1088049.0 465.8 1402.3 12000.1
   48215  0.791403      672 46963.6 134193.5 171124.9 506.6 1442.6  1853.2
   49007  0.799375      704 43375.2 127850.3 1078155.3 460.7 1357.8 11445.4
   49813  0.806486      628 41984.7 135186.8 1152898.8 440.3 1402.9 11964.5
   50632  0.813721      639 43480.3 129735.4 1066524.7 453.7 1346.4 11068.1
   55381  0.820425      592 44189.3 135104.0 1064427.4 444.9 1323.4 10996.7
   64132  0.826505      537 42657.1 129232.8 172958.4 351.3 1113.5  1556.4
   69014  0.832280      510 43761.2 134251.8 1046246.7 343.0 1102.9  7995.8
   72473  0.838248      527 44568.6 120028.2 1120437.2 354.7  952.2  8917.1
   75795  0.846717      748 44273.2 131931.4 1141606.1 282.6  907.2  7858.1
   77672  0.855142      744 44857.8 131347.9 155588.2 288.4  837.2  1002.8
   78948  0.860973      515 48006.5 125141.1 1125000.1 307.2  800.7  7190.3
   80903  0.869387      743 52051.8 150485.5 1079417.3 329.1  968.9  6950.1
   85305  0.876237      605 67136.5 152154.8 1123065.0 427.2  964.5  7119.3
   93306  0.882963      594 71540.0 191643.3 1106988.5 421.5 1090.6  6682.2
  102058  0.889429      571 75193.6 217161.7 1224100.4 397.4 1158.5  6283.2
  113929  0.897763      736 75550.6 214656.2 1216410.1 361.4  990.9  5756.7
  129272  0.906221      747 75221.2 205149.6 1130242.4 306.5  811.3  4424.5
  141975  0.912052      515 75705.4 211656.1 1215126.6 266.8  747.3  4100.6
  164410  0.920092      710 80582.7 1099428.0 1205333.6 232.3 3156.1  3674.3
  181304  0.925946      517 86437.1 205697.4 267901.7 224.3  543.0   688.6
  197911  0.931925      528 93489.6 243074.1 1165651.4 237.6  613.4  2928.5
  223195  0.939908      705 97127.6 278344.9 1290850.6 226.9  645.5  3030.2
  253761  0.948140      727 99521.0 283266.5 1240097.4 211.8  599.9  2765.4
  318166  0.956270      718 101592.1 315994.0 1283827.6 180.5  569.2  2372.4
  514641  0.964773      751 129207.5 1149004.3 1401572.4 154.2 1258.2  1577.6
  940700  0.972756      705 198281.5 1275753.6 1544071.0 122.5  712.5  1056.5
 1000000  1.000000     2406 237929.6 1332473.1 1562422.5 118.0  660.7   774.7
