# Fraction of RTTS longer than a given time for dctcp_w4 experiment
# Includes messages <= 315 bytes; measured at 2026-04-21 01:23:19.687976
# Averaged across 1 repeated sample(s)
# Data collected at 2026-04-21 01:23:19.687976 
#       usec        frac
     239.800  0.99989113
     256.460  0.99978225
     295.300  0.99967338
     423.940  0.99956451
     431.510  0.99945563
     460.690  0.99934676
     497.350  0.99923789
     538.570  0.99912901
     571.690  0.99902014
     647.410  0.99891127
     766.780  0.99880240
     825.740  0.99858465
     875.640  0.99847578
     963.250  0.99836690
    1027.750  0.99814916
    1081.660  0.99804028
    1149.540  0.99782254
    1218.450  0.99760479
    1235.650  0.99749592
    1302.570  0.99738704
    1376.270  0.99727817
    1419.160  0.99716930
    1459.300  0.99706042
    1515.120  0.99695155
    1537.480  0.99684268
    1559.040  0.99673381
    1595.460  0.99662493
    1638.790  0.99651606
    1667.500  0.99618944
    1697.220  0.99597169
    1723.050  0.99586282
    1764.840  0.99575395
    1809.910  0.99553620
    1859.270  0.99531845
    1926.490  0.99520958
    1950.750  0.99499183
    1981.740  0.99488296
    2127.790  0.99466522
    2223.330  0.99433860
    2258.720  0.99422972
    2318.110  0.99412085
    2394.320  0.99390310
    2456.130  0.99379423
    2594.250  0.99368536
    2628.900  0.99346761
    2697.020  0.99335874
    2725.450  0.99324986
    2892.370  0.99314099
    2953.600  0.99303212
    2991.160  0.99281437
    3026.720  0.99270550
    3064.770  0.99237888
    3100.950  0.99216113
    3184.250  0.99194339
    3274.750  0.99161677
    3330.450  0.99150789
    3379.140  0.99129015
    3445.690  0.99118127
    3480.370  0.99107240
    3518.450  0.99096353
    3632.530  0.99085465
    3728.980  0.99074578
    3771.160  0.99031029
    3848.140  0.98987480
    3897.400  0.98976592
    3999.430  0.98954818
    4134.090  0.98922156
    4194.890  0.98900381
    4244.840  0.98878606
    4334.390  0.98867719
    4427.710  0.98845944
    4490.880  0.98802395
    4537.840  0.98780621
    4609.300  0.98769733
    4703.900  0.98726184
    4754.490  0.98671747
    4847.530  0.98639085
    4911.420  0.98617311
    5012.670  0.98584649
    5065.350  0.98541100
    5150.680  0.98508438
    5202.460  0.98464888
    5258.170  0.98410452
    5333.070  0.98388677
    5446.570  0.98366903
    5510.290  0.98334241
    5593.190  0.98279804
    5651.020  0.98247142
    5736.710  0.98214480
    5818.480  0.98170931
    5891.160  0.98094720
    5951.590  0.98072945
    6055.410  0.98018508
    6125.050  0.97985846
    6189.750  0.97942297
    6261.260  0.97887861
    6326.030  0.97855199
    6397.170  0.97811649
    6476.370  0.97746326
    6541.360  0.97702776
    6614.640  0.97648340
    6701.700  0.97615678
    6786.950  0.97561241
    6872.000  0.97485030
    6948.320  0.97441481
    7030.050  0.97376157
    7117.730  0.97321720
    7200.870  0.97289058
    7274.170  0.97234622
    7359.230  0.97180185
    7462.240  0.97114861
    7543.220  0.97049537
    7624.400  0.96984213
    7719.090  0.96929777
    7810.230  0.96864453
    7946.110  0.96788242
    8048.970  0.96722918
    8144.600  0.96614045
    8265.720  0.96526946
    8353.410  0.96450735
    8464.320  0.96385411
    8555.310  0.96309200
    8642.560  0.96265651
    8730.140  0.96178552
    8824.810  0.96102341
    8913.320  0.96026130
    9016.540  0.95906369
    9110.870  0.95819271
    9204.750  0.95699510
    9314.640  0.95634186
    9418.660  0.95557975
    9534.700  0.95470876
    9630.170  0.95383778
    9746.700  0.95264017
    9871.530  0.95231355
    9971.980  0.95155144
   10101.230  0.95078933
   10245.350  0.94904736
   10365.220  0.94817637
   10472.620  0.94730539
   10579.590  0.94665215
   10686.210  0.94545455
   10820.520  0.94414807
   10954.530  0.94327708
   11079.780  0.94207948
   11199.040  0.94077300
   11316.570  0.93924878
   11430.620  0.93848666
   11563.570  0.93707131
   11682.770  0.93554709
   11816.050  0.93434948
   11936.690  0.93271639
   12082.830  0.93151878
   12204.570  0.92988568
   12328.180  0.92934132
   12489.990  0.92825259
   12627.040  0.92727273
   12769.200  0.92651062
   12899.590  0.92520414
   13040.050  0.92400653
   13205.680  0.92270005
   13351.050  0.92117583
   13498.820  0.92019597
   13639.870  0.91856287
   13776.290  0.91758302
   13916.920  0.91594992
   14061.030  0.91420795
   14238.430  0.91333696
   14395.800  0.91203048
   14561.880  0.91039739
   14714.900  0.90854654
   14866.370  0.90658683
   15022.080  0.90495373
   15174.020  0.90266739
   15370.840  0.89972782
   15535.370  0.89787697
   15690.990  0.89624388
   15851.050  0.89417529
   16058.950  0.89254219
   16228.250  0.89080022
   16391.700  0.88862275
   16556.200  0.88677191
   16729.570  0.88524769
   16904.230  0.88285248
   17074.150  0.88023952
   17248.820  0.87860642
   17431.640  0.87664671
   17605.980  0.87370713
   17792.290  0.87098530
   17972.000  0.86891671
   18167.170  0.86630376
   18349.820  0.86325531
   18534.730  0.86096897
   18724.250  0.85759390
   18914.160  0.85465433
   19103.910  0.85291236
   19295.160  0.85040827
   19496.700  0.84812194
   19703.850  0.84474687
   19913.850  0.84191617
   20116.750  0.83810561
   20326.480  0.83516603
   20530.630  0.83309744
   20741.970  0.83037561
   20962.850  0.82765378
   21181.240  0.82460533
   21395.940  0.82188351
   21613.850  0.81894393
   21838.840  0.81622210
   22060.910  0.81360915
   22285.170  0.80958084
   22514.000  0.80696788
   22741.230  0.80424605
   22976.180  0.80032662
   23227.800  0.79782254
   23475.740  0.79433860
   23717.600  0.79150789
   23955.250  0.78889494
   24194.880  0.78584649
   24439.000  0.78236255
   24687.420  0.77811649
   24943.970  0.77463255
   25196.440  0.77082199
   25453.070  0.76712030
   25707.960  0.76298312
   25971.090  0.75851932
   26235.640  0.75394665
   26504.820  0.75035384
   26775.390  0.74567229
   27055.340  0.74120849
   27326.190  0.73674469
   27616.820  0.73304300
   27906.550  0.72857921
   28190.550  0.72400653
   28476.490  0.71954273
   28768.110  0.71464344
   29067.290  0.71039739
   29373.410  0.70615133
   29693.750  0.70146979
   29993.140  0.69700599
   30293.500  0.69286881
   30633.990  0.68786064
   30941.700  0.68361459
   31252.450  0.67915079
   31566.320  0.67370713
   31890.900  0.66848122
   32213.470  0.66314643
   32551.250  0.65704954
   32880.370  0.65127926
   33211.910  0.64659771
   33552.760  0.64267828
   33913.880  0.63854110
   34261.600  0.63331519
   34605.160  0.62787153
   34954.480  0.62308111
   35276.250  0.61676647
   35629.520  0.61088732
   35939.300  0.60468155
   36307.700  0.59858465
   36676.120  0.59390310
   36987.290  0.58791508
   37369.190  0.58258029
   37721.670  0.57670114
   38007.060  0.57093087
   38356.920  0.56516059
   38623.490  0.55949918
   38984.230  0.55383778
   39387.890  0.54850299
   39760.720  0.54295046
   40112.070  0.53750680
   40449.700  0.53206315
   40787.790  0.52672836
   41212.930  0.52204682
   41482.850  0.51682090
   41863.410  0.51159499
   42171.820  0.50647795
   42516.380  0.50136091
   42825.530  0.49624388
   43129.710  0.49123571
   43441.550  0.48622754
   43867.290  0.48132825
   44192.960  0.47642896
   44465.990  0.47163854
   44826.590  0.46684812
   45190.940  0.46216658
   45453.020  0.45748503
   45825.060  0.45280348
   46073.690  0.44823081
   46427.300  0.44365814
   46755.450  0.43919434
   46980.420  0.43473054
   47296.150  0.43037561
   47680.040  0.42602069
   48017.050  0.42166576
   48457.350  0.41741971
   48774.070  0.41317365
   49055.630  0.40903647
   49388.390  0.40489929
   49712.390  0.40076211
   50075.270  0.39673381
   50341.830  0.39270550
   50625.520  0.38867719
   50974.530  0.38475776
   51235.340  0.38083832
   51471.110  0.37702776
   51784.530  0.37321720
   52133.770  0.36940664
   52490.990  0.36570495
   52763.040  0.36200327
   53032.120  0.35830158
   53298.980  0.35470876
   53560.250  0.35111595
   53824.530  0.34752314
   54072.740  0.34403919
   54354.930  0.34055525
   54613.100  0.33707131
   54902.110  0.33369624
   55146.430  0.33032118
   55499.430  0.32694611
   55765.960  0.32357104
   56017.530  0.32030484
   56314.180  0.31703865
   56674.490  0.31377246
   56947.410  0.31061513
   57203.890  0.30745781
   57480.540  0.30430049
   57686.670  0.30125204
   57951.100  0.29820359
   58220.240  0.29515514
   58482.050  0.29210670
   58783.480  0.28916712
   59115.730  0.28622754
   59403.240  0.28328797
   59756.400  0.28034839
   60041.140  0.27751769
   60317.130  0.27468699
   60588.850  0.27185629
   60907.090  0.26913446
   61149.940  0.26641263
   61555.270  0.26369080
   61797.420  0.26096897
   61996.390  0.25835602
   62271.910  0.25574306
   62419.590  0.25313010
   62658.090  0.25051715
   63055.170  0.24790419
   63243.860  0.24540011
   63562.470  0.24289603
   63954.130  0.24039194
   64211.980  0.23788786
   64417.280  0.23549265
   64642.660  0.23309744
   65003.850  0.23070223
   65210.150  0.22830702
   65487.450  0.22602069
   65746.790  0.22373435
   66061.030  0.22144801
   66417.330  0.21916168
   66750.620  0.21687534
   66941.020  0.21469788
   67200.920  0.21252041
   67464.470  0.21034295
   67834.430  0.20816549
   68134.910  0.20598802
   68471.210  0.20391943
   68792.810  0.20185084
   69025.500  0.19978225
   69319.260  0.19771366
   69534.280  0.19564507
   69866.630  0.19368536
   70144.590  0.19172564
   70350.580  0.18976592
   70674.430  0.18780621
   70983.520  0.18584649
   71273.150  0.18388677
   71536.280  0.18203593
   71754.650  0.18018508
   72071.760  0.17833424
   72310.330  0.17648340
   72502.520  0.17463255
   72744.650  0.17278171
   72943.840  0.17103974
   73245.760  0.16929777
   73480.170  0.16755580
   73654.420  0.16581383
   73888.560  0.16407186
   74087.090  0.16232989
   74404.530  0.16069679
   74683.800  0.15906369
   74878.750  0.15743059
   75039.050  0.15579750
   75246.790  0.15416440
   75555.370  0.15253130
   75839.480  0.15089820
   76025.690  0.14937398
   76187.760  0.14784976
   76375.580  0.14632553
   76524.540  0.14480131
   76719.250  0.14327708
   76952.690  0.14175286
   77125.480  0.14022863
   77351.080  0.13881328
   77579.660  0.13739793
   77783.670  0.13598258
   78014.270  0.13456723
   78231.890  0.13315188
   78429.380  0.13173653
   78556.490  0.13032118
   78722.210  0.12901470
   78917.460  0.12770822
   79016.490  0.12640174
   79236.350  0.12509526
   79419.180  0.12378879
   79577.670  0.12248231
   79814.620  0.12117583
   80113.980  0.11986935
   80342.790  0.11856287
   80597.990  0.11736527
   80813.500  0.11616766
   80962.970  0.11497006
   81098.910  0.11377246
   81318.260  0.11257485
   81549.530  0.11137725
   81785.100  0.11017964
   82031.140  0.10898204
   82183.750  0.10778443
   82309.150  0.10669570
   82460.470  0.10560697
   82652.500  0.10451824
   82967.090  0.10342950
   83130.330  0.10234077
   83345.950  0.10125204
   83624.740  0.10016331
   83870.430  0.09907458
   84094.890  0.09798585
   84221.500  0.09700599
   84439.510  0.09602613
   84587.780  0.09504627
   84792.010  0.09406641
   85054.950  0.09308655
   85273.310  0.09210670
   85476.050  0.09112684
   85831.070  0.09014698
   86026.880  0.08916712
   86391.630  0.08818726
   86569.920  0.08720740
   86792.180  0.08622754
   87004.710  0.08535656
   87314.480  0.08448557
   87496.510  0.08361459
   87649.440  0.08274360
   87782.480  0.08187262
   87965.170  0.08100163
   88274.560  0.08013065
   88631.120  0.07925966
   89008.110  0.07838868
   89207.270  0.07751769
   89519.720  0.07664671
   89724.130  0.07577572
   89894.000  0.07501361
   90071.770  0.07425150
   90150.510  0.07348938
   90288.710  0.07272727
   90596.110  0.07196516
   90739.540  0.07120305
   90849.950  0.07044094
   91057.850  0.06967882
   91219.630  0.06891671
   91530.240  0.06815460
   91911.000  0.06739249
   91999.200  0.06663038
   92111.120  0.06586826
   92529.850  0.06510615
   92635.130  0.06445291
   92913.870  0.06379967
   92964.840  0.06314643
   93194.920  0.06249320
   93504.020  0.06183996
   93671.580  0.06118672
   93994.180  0.06053348
   94191.580  0.05988024
   94378.450  0.05922700
   94526.600  0.05857376
   94613.180  0.05792052
   94789.790  0.05726728
   95062.740  0.05661404
   95194.400  0.05596081
   95318.850  0.05530757
   95503.240  0.05465433
   95681.580  0.05400109
   95999.680  0.05345672
   96255.160  0.05291236
   96435.040  0.05236799
   96549.060  0.05182363
   96738.460  0.05127926
   97071.800  0.05073489
   97396.450  0.05019053
   97526.480  0.04964616
   97588.930  0.04910180
   97834.660  0.04855743
   97980.960  0.04801306
   98125.750  0.04746870
   98370.510  0.04692433
   98796.320  0.04637997
   98923.960  0.04583560
   99174.360  0.04529124
   99371.910  0.04474687
   99489.470  0.04420250
   99769.210  0.04365814
   99871.950  0.04311377
  100129.950  0.04267828
  100352.330  0.04224279
  100540.370  0.04180729
  100835.160  0.04137180
  101016.640  0.04093631
  101190.340  0.04050082
  101504.200  0.04006532
  101813.870  0.03962983
  101912.420  0.03919434
  102226.050  0.03875885
  102561.590  0.03832335
  102642.900  0.03788786
  102840.950  0.03745237
  103148.000  0.03701688
  103418.270  0.03658138
  103524.690  0.03614589
  103878.930  0.03571040
  104029.400  0.03527490
  104340.550  0.03483941
  104436.290  0.03440392
  104770.210  0.03396843
  104927.930  0.03353293
  105017.680  0.03309744
  105257.850  0.03266195
  105310.500  0.03222646
  105483.000  0.03189984
  105545.560  0.03157322
  105718.030  0.03124660
  106081.800  0.03091998
  106290.220  0.03059336
  106355.180  0.03026674
  106622.740  0.02994012
  106931.650  0.02961350
  107277.950  0.02928688
  107357.640  0.02896026
  107580.040  0.02863364
  107838.840  0.02830702
  108070.430  0.02798040
  108177.590  0.02765378
  108343.940  0.02732716
  108554.370  0.02700054
  109423.940  0.02667392
  109490.310  0.02634731
  109854.300  0.02602069
  110339.700  0.02569407
  110480.370  0.02536745
  110545.500  0.02504083
  110615.530  0.02471421
  110790.450  0.02438759
  111039.320  0.02406097
  111387.530  0.02373435
  111799.340  0.02340773
  111881.980  0.02308111
  112081.380  0.02275449
  112580.870  0.02242787
  112842.910  0.02210125
  113087.570  0.02177463
  113209.380  0.02144801
  113284.240  0.02123027
  113430.590  0.02101252
  113616.630  0.02079477
  113791.280  0.02057703
  113819.710  0.02035928
  113981.920  0.02014154
  114191.290  0.01992379
  114366.840  0.01970604
  114435.730  0.01948830
  114794.270  0.01927055
  114840.600  0.01905280
  115050.690  0.01883506
  115402.420  0.01861731
  115820.820  0.01839956
  115993.250  0.01818182
  116632.160  0.01796407
  116863.330  0.01774633
  116948.920  0.01752858
  117719.300  0.01731083
  118024.930  0.01709309
  118294.820  0.01687534
  118527.370  0.01665759
  118724.530  0.01643985
  118900.830  0.01622210
  119500.540  0.01600435
  119873.180  0.01578661
  120050.330  0.01556886
  120131.130  0.01535112
  120372.120  0.01513337
  120600.400  0.01491562
  120704.670  0.01469788
  120915.840  0.01448013
  121060.860  0.01426238
  121192.910  0.01404464
  121390.240  0.01382689
  121530.180  0.01360915
  121706.730  0.01339140
  121867.560  0.01317365
  121939.600  0.01295591
  122169.790  0.01273816
  122491.850  0.01252041
  122819.910  0.01230267
  123028.780  0.01208492
  123534.830  0.01186717
  124232.080  0.01164943
  124495.610  0.01143168
  124742.230  0.01121394
  124899.380  0.01099619
  125100.700  0.01077844
  125190.060  0.01066957
  125321.090  0.01056070
  125550.390  0.01045182
  125645.660  0.01034295
  125735.530  0.01023408
  125858.300  0.01012520
  125997.550  0.01001633
  126141.570  0.00990746
  126282.600  0.00979858
  126294.170  0.00968971
  126300.500  0.00958084
  126460.370  0.00947197
  126537.850  0.00936309
  126555.970  0.00925422
  126590.510  0.00914535
  126683.110  0.00903647
  126769.000  0.00892760
  127161.490  0.00881873
  127448.430  0.00870985
  127664.600  0.00860098
  128045.720  0.00849211
  128073.590  0.00838323
  128346.700  0.00827436
  128457.170  0.00816549
  128758.060  0.00805661
  129533.710  0.00794774
  130168.540  0.00783887
  130448.880  0.00772999
  130454.720  0.00762112
  131538.120  0.00751225
  131568.170  0.00740338
  131666.370  0.00729450
  131932.680  0.00718563
  131986.200  0.00707676
  132035.080  0.00696788
  132322.590  0.00685901
  132391.260  0.00675014
  132780.460  0.00664126
  132983.340  0.00653239
  133431.860  0.00642352
  134294.820  0.00631464
  135541.810  0.00620577
  135747.210  0.00609690
  135944.140  0.00598802
  136527.150  0.00587915
  137000.260  0.00577028
  137218.820  0.00566140
  137350.960  0.00555253
  137393.930  0.00544366
  138660.380  0.00533478
  139371.280  0.00522591
  140015.260  0.00511704
  140258.040  0.00500817
  140465.170  0.00489929
  141547.500  0.00479042
  141982.920  0.00468155
  143233.160  0.00457267
  143508.420  0.00446380
  146345.100  0.00435493
  146793.560  0.00424605
  146830.460  0.00413718
  146861.550  0.00402831
  149602.770  0.00391943
  152259.670  0.00381056
  153393.320  0.00370169
  155452.430  0.00359281
  158677.640  0.00348394
  162831.040  0.00337507
  164366.780  0.00326619
  171814.070  0.00315732
  299230.140  0.00304845
 1044880.380  0.00293958
 1052261.990  0.00283070
 1053023.370  0.00272183
 1057468.270  0.00261296
 1067547.290  0.00250408
 1070491.010  0.00239521
 1070982.050  0.00228634
 1072510.150  0.00217746
 1073996.780  0.00206859
 1075015.950  0.00195972
 1076702.240  0.00185084
 1077439.090  0.00174197
 1080326.080  0.00163310
 1082172.900  0.00152422
 1086161.770  0.00141535
 1090503.070  0.00130648
 1092542.040  0.00119760
 1092818.680  0.00108873
 1103880.740  0.00097986
 1104625.110  0.00087099
 1107816.120  0.00076211
 1109065.200  0.00065324
 1112735.760  0.00054437
 1119531.020  0.00043549
 1120179.640  0.00032662
 1131246.310  0.00021775
 1132892.520  0.00010887
 1137839.140  0.00000000
